14.5,14.579999923706055,14.430000305175781,14.550000190734863,8.453605651855469,311900
14.5,14.56999969482422,14.5,14.5,8.424551963806152,25000
14.510000228881836,15.630000114440918,14.510000228881836,15.25,8.860309600830078,17000
15.399999618530272,15.399999618530272,14.850000381469728,15.0,8.71505355834961,6900
15.0,15.039999961853027,14.600000381469728,14.600000381469728,8.482654571533203,16100
14.600000381469728,14.630000114440918,14.5,14.600000381469728,8.482654571533203,6500
14.649999618530272,14.649999618530272,14.5,14.5,8.424551963806152,5900
14.5,14.550000190734863,14.5,14.550000190734863,8.453605651855469,9700
14.5,14.600000381469728,14.5,14.600000381469728,8.482654571533203,26700
14.800000190734863,14.800000190734863,14.5,14.5,8.424551963806152,15500
14.600000381469728,15.0,14.579999923706056,14.600000381469728,8.482654571533203,14400
15.0,15.25,14.600000381469728,14.670000076293944,8.523324966430664,8100
14.600000381469728,14.600000381469728,14.5600004196167,14.600000381469728,8.482654571533203,3000
14.800000190734863,14.800000190734863,14.5,14.600000381469728,8.482654571533203,3800
14.600000381469728,14.6899995803833,14.5,14.65999984741211,8.517515182495117,9000
14.5,14.979999542236328,14.5,14.510000228881836,8.4303617477417,12100
14.800000190734863,14.800000190734863,14.300000190734863,14.3100004196167,8.314164161682129,36400
14.199999809265137,14.300000190734863,13.140000343322754,14.1899995803833,8.300515174865723,36400
14.300000190734863,14.300000190734863,14.010000228881836,14.010000228881836,8.195222854614258,8200
14.050000190734863,14.050000190734863,14.0,14.010000228881836,8.195222854614258,1100
14.119999885559082,14.119999885559082,13.84000015258789,14.09000015258789,8.242019653320312,5800
13.880000114440918,14.0,13.880000114440918,13.90999984741211,8.136726379394531,7600
13.510000228881836,13.56999969482422,13.109999656677246,13.460000038146973,7.873496055603027,24300
13.5,13.699999809265137,13.329999923706056,13.479999542236328,7.885196208953857,22700
13.619999885559082,13.630000114440918,13.5600004196167,13.609999656677246,7.961238384246826,1500
13.720000267028809,13.75,13.649999618530272,13.75,8.043134689331055,3200
13.710000038146973,13.710000038146973,13.18000030517578,13.329999923706056,7.797452449798584,13900
13.449999809265137,13.670000076293944,13.359999656677246,13.359999656677246,7.814998149871826,23300
13.449999809265137,13.5600004196167,12.5,12.739999771118164,7.452329158782959,30800
13.470000267028809,13.470000267028809,13.0,13.390000343322754,7.832550525665283,16000
13.390000343322754,13.390000343322754,12.739999771118164,12.890000343322754,7.540073394775391,16500
12.949999809265137,13.09000015258789,12.600000381469728,12.609999656677246,7.376285076141357,13900
12.8100004196167,13.25,12.619999885559082,12.619999885559082,7.382134437561035,29900
12.699999809265137,13.199999809265137,12.699999809265137,13.199999809265137,7.721408843994141,14000
13.25,13.40999984741211,13.149999618530272,13.210000038146973,7.727258682250977,14800
13.350000381469728,13.479999542236328,13.010000228881836,13.06999969482422,7.645365238189697,8700
12.760000228881836,13.109999656677246,12.619999885559082,12.989999771118164,7.598569869995117,36200
12.5600004196167,12.989999771118164,12.550000190734863,12.989999771118164,7.6555399894714355,25300
12.779999732971191,12.949999809265137,12.5,12.5600004196167,7.4021220207214355,40200
12.600000381469728,12.699999809265137,12.399999618530272,12.4399995803833,7.331400871276855,32100
12.479999542236328,12.489999771118164,12.010000228881836,12.119999885559082,7.142810821533203,43000
12.210000038146973,12.949999809265137,12.0600004196167,12.800000190734863,7.543562889099121,38900
12.56999969482422,13.25,12.520000457763672,13.0,7.66143274307251,19200
13.0,13.100000381469728,12.75,12.800000190734863,7.543562889099121,18400
12.989999771118164,13.390000343322754,12.989999771118164,13.390000343322754,7.891273498535156,25600
13.300000190734863,13.739999771118164,12.989999771118164,13.539999961853027,7.979676246643066,21400
13.300000190734863,13.739999771118164,13.0,13.739999771118164,8.097540855407715,15200
13.850000381469728,14.029999732971191,13.710000038146973,14.010000228881836,8.256667137145996,33100
14.0,14.119999885559082,13.829999923706056,14.119999885559082,8.321491241455078,15900
14.239999771118164,14.279999732971191,13.81999969482422,14.279999732971191,8.415787696838379,17700
14.18000030517578,14.350000381469728,13.5,13.949999809265137,8.22130298614502,14300
14.25,14.25,13.75,13.949999809265137,8.22130298614502,16900
13.770000457763672,13.949999809265137,13.59000015258789,13.869999885559082,8.174156188964844,22500
13.899999618530272,14.380000114440918,13.899999618530272,14.25,8.398107528686523,24500
14.199999809265137,14.380000114440918,13.869999885559082,14.380000114440918,8.474720001220703,18600
14.25,14.399999618530272,13.829999923706056,14.100000381469728,8.30970573425293,12500
14.3100004196167,14.34000015258789,13.65999984741211,13.920000076293944,8.203627586364746,24200
14.170000076293944,14.170000076293944,13.90999984741211,14.100000381469728,8.30970573425293,24300
14.0,14.0,12.5,12.5,7.366765022277832,65000
12.649999618530272,13.449999809265137,12.649999618530272,13.25,7.869622707366943,23000
13.25,13.350000381469728,13.100000381469728,13.25,7.869622707366943,15600
13.199999809265137,13.289999961853027,13.079999923706056,13.289999961853027,7.893381118774414,14200
13.199999809265137,13.25,13.100000381469728,13.109999656677246,7.786472320556641,21400
13.140000343322754,13.149999618530272,12.899999618530272,12.899999618530272,7.66174840927124,16700
12.970000267028809,13.25,12.970000267028809,13.18000030517578,7.828048229217529,17000
13.109999656677246,13.449999809265137,13.100000381469728,13.449999809265137,7.988411903381348,17500
13.739999771118164,13.739999771118164,13.260000228881836,13.350000381469728,7.929019451141357,10400
13.270000457763672,13.649999618530272,12.510000228881836,13.649999618530272,8.107196807861328,10900
13.649999618530272,13.649999618530272,13.25,13.350000381469728,7.929019451141357,13400
13.300000190734863,13.300000190734863,13.100000381469728,13.170000076293944,7.82210636138916,22600
13.149999618530272,13.34000015258789,13.100000381469728,13.34000015258789,7.923079013824463,12300
13.1899995803833,13.350000381469728,13.1899995803833,13.300000190734863,7.899320125579834,10000
13.289999961853027,13.479999542236328,13.289999961853027,13.369999885559082,7.940896034240723,10500
13.380000114440918,13.479999542236328,13.0600004196167,13.0600004196167,7.756777763366699,45300
13.010000228881836,13.300000190734863,12.899999618530272,13.199999809265137,7.839927673339844,26900
13.170000076293944,13.199999809265137,12.859999656677246,12.869999885559082,7.643930435180664,15400
13.100000381469728,13.119999885559082,12.970000267028809,12.970000267028809,7.703321933746338,6900
13.119999885559082,13.119999885559082,12.739999771118164,12.789999961853027,7.596413135528564,30200
12.8100004196167,12.81999969482422,12.510000228881836,12.539999961853027,7.447934150695801,26300
12.600000381469728,12.739999771118164,12.260000228881836,12.550000190734863,7.453872203826904,28900
12.550000190734863,12.630000114440918,12.369999885559082,12.489999771118164,7.475818157196045,14600
12.539999961853027,12.550000190734863,12.229999542236328,12.260000228881836,7.338153839111328,25400
12.25,12.350000381469728,12.239999771118164,12.34000015258789,7.386034488677978,12400
12.350000381469728,12.489999771118164,12.34000015258789,12.40999984741211,7.427937507629394,15100
12.420000076293944,12.5,11.84000015258789,11.869999885559082,7.104721546173096,44000
11.829999923706056,12.0,11.210000038146973,11.649999618530272,6.97304105758667,54100
11.75,11.75,11.390000343322754,11.600000381469728,6.943110466003418,13000
11.520000457763672,11.949999809265137,11.40999984741211,11.510000228881836,6.889245510101318,43700
11.489999771118164,11.899999618530272,11.40999984741211,11.760000228881836,7.038878917694092,22500
11.899999618530272,12.010000228881836,11.609999656677246,11.800000190734863,7.062821388244629,20000
11.539999961853027,11.760000228881836,11.510000228881836,11.710000038146973,7.00895357131958,9900
11.760000228881836,11.81999969482422,11.5600004196167,11.609999656677246,6.949097156524658,4900
11.75,11.890000343322754,11.600000381469728,11.81999969482422,7.074793815612793,10500
11.75,12.140000343322754,11.75,12.0,7.182531356811523,7800
12.020000457763672,12.25,12.020000457763672,12.25,7.3321661949157715,6900
12.279999732971191,12.640000343322754,12.25,12.489999771118164,7.475818157196045,8700
12.579999923706056,12.600000381469728,12.029999732971191,12.170000076293944,7.284285545349121,18700
12.109999656677246,12.899999618530272,12.109999656677246,12.84000015258789,7.685308933258057,20800
12.890000343322754,12.890000343322754,12.40999984741211,12.600000381469728,7.541656970977783,41800
12.420000076293944,12.800000190734863,12.40999984741211,12.699999809265137,7.6015119552612305,14500
12.710000038146973,12.850000381469728,12.529999732971191,12.600000381469728,7.541656970977783,15700
12.520000457763672,12.640000343322754,12.300000190734863,12.359999656677246,7.455201148986816,31000
12.359999656677246,12.5,12.229999542236328,12.270000457763672,7.400915622711182,13800
12.380000114440918,12.5600004196167,12.210000038146973,12.239999771118164,7.3828206062316895,19100
12.31999969482422,12.399999618530272,12.210000038146973,12.359999656677246,7.455201148986816,16000
12.350000381469728,12.649999618530272,12.25,12.619999885559082,7.612027645111084,15500
12.579999923706056,13.0,12.579999923706056,12.850000381469728,7.750760555267334,24100
12.800000190734863,12.869999885559082,12.529999732971191,12.75,7.69044017791748,72600
12.84000015258789,13.140000343322754,12.800000190734863,13.039999961853027,7.865355491638184,48800
13.199999809265137,14.0600004196167,13.050000190734863,13.68000030517578,8.251389503479004,154800
13.75,14.0,13.5,13.920000076293944,8.396149635314941,60600
13.989999771118164,14.039999961853027,13.800000190734863,13.850000381469728,8.353927612304688,45200
14.199999809265137,14.270000457763672,13.869999885559082,13.949999809265137,8.41424560546875,55300
14.010000228881836,14.25,14.010000228881836,14.100000381469728,8.504719734191895,45800
14.15999984741211,14.220000267028809,13.869999885559082,14.0,8.444403648376465,33400
13.949999809265137,14.0,13.84000015258789,13.899999618530272,8.384086608886719,28000
13.949999809265137,14.0,13.800000190734863,13.8100004196167,8.329802513122559,21800
13.800000190734863,14.0,13.640000343322754,13.649999618530272,8.233293533325195,18400
13.649999618530272,13.789999961853027,13.31999969482422,13.31999969482422,8.034245491027832,37200
13.5,13.619999885559082,13.399999618530272,13.460000038146973,8.118690490722656,21400
13.359999656677246,13.489999771118164,13.350000381469728,13.350000381469728,8.052343368530273,17700
13.399999618530272,13.649999618530272,13.350000381469728,13.619999885559082,8.215200424194336,12700
13.539999961853027,13.59000015258789,13.40999984741211,13.579999923706056,8.191075325012207,11200
13.5600004196167,13.5600004196167,13.25,13.279999732971191,8.067544937133789,10800
13.279999732971191,13.40999984741211,13.229999542236328,13.3100004196167,8.085775375366211,104300
13.3100004196167,13.350000381469728,13.149999618530272,13.260000228881836,8.055397033691406,29100
13.1899995803833,13.329999923706056,13.0600004196167,13.149999618530272,7.98857307434082,15300
13.25,13.25,13.149999618530272,13.210000038146973,8.025023460388184,19400
13.15999984741211,13.329999923706056,12.43000030517578,13.0,7.897450447082519,106700
12.539999961853027,12.600000381469728,11.899999618530272,11.899999618530272,7.229203224182129,186200
11.899999618530272,12.1899995803833,11.81999969482422,12.100000381469728,7.350701332092285,116800
11.869999885559082,12.199999809265137,11.510000228881836,12.100000381469728,7.350701332092285,690600
12.100000381469728,12.550000190734863,12.100000381469728,12.350000381469728,7.502578258514404,203200
12.449999809265137,12.920000076293944,12.300000190734863,12.34000015258789,7.49650239944458,89400
12.350000381469728,12.5600004196167,11.920000076293944,12.050000190734863,7.320328235626221,72200
12.100000381469728,12.229999542236328,11.899999618530272,12.010000228881836,7.296029090881348,61100
12.0,12.09000015258789,11.979999542236328,12.029999732971191,7.308178424835205,35200
12.06999969482422,12.550000190734863,11.979999542236328,12.039999961853027,7.314253330230713,40400
12.220000267028809,12.390000343322754,11.979999542236328,11.979999542236328,7.277803897857666,53300
11.979999542236328,12.229999542236328,11.949999809265137,12.100000381469728,7.350701332092285,114100
12.020000457763672,12.5600004196167,12.0,12.329999923706056,7.490424156188965,53200
12.550000190734863,12.550000190734863,12.100000381469728,12.100000381469728,7.350701332092285,65500
12.1899995803833,12.289999961853027,12.0,12.010000228881836,7.296029090881348,23800
12.100000381469728,12.43000030517578,12.020000457763672,12.300000190734863,7.472201824188232,28300
12.380000114440918,12.380000114440918,12.100000381469728,12.300000190734863,7.531393051147461,32700
12.300000190734863,12.34000015258789,12.149999618530272,12.239999771118164,7.494652271270752,37400
12.4399995803833,12.5,12.100000381469728,12.199999809265137,7.470160484313965,52700
12.300000190734863,12.390000343322754,12.109999656677246,12.359999656677246,7.56812858581543,19300
12.380000114440918,12.449999809265137,12.199999809265137,12.300000190734863,7.531393051147461,27100
12.34000015258789,12.34000015258789,12.210000038146973,12.300000190734863,7.531393051147461,43200
12.260000228881836,12.390000343322754,12.210000038146973,12.289999961853027,7.525271892547607,30600
12.31999969482422,12.489999771118164,12.109999656677246,12.25,7.500774383544922,37400
12.220000267028809,12.489999771118164,12.149999618530272,12.43000030517578,7.6109938621521,56300
12.489999771118164,12.489999771118164,12.229999542236328,12.420000076293944,7.60487174987793,91700
12.5,12.84000015258789,12.260000228881836,12.800000190734863,7.837547302246094,40700
12.699999809265137,12.75,12.529999732971191,12.75,7.806929111480713,35900
12.699999809265137,12.800000190734863,12.579999923706056,12.760000228881836,7.813053607940674,24700
12.850000381469728,13.0,12.760000228881836,13.0,7.960007667541504,49600
12.899999618530272,13.199999809265137,12.789999961853027,13.199999809265137,8.082470893859863,44700
13.0600004196167,13.220000267028809,13.029999732971191,13.220000267028809,8.094715118408203,56600
13.1899995803833,13.239999771118164,12.979999542236328,13.0,7.960007667541504,24900
12.989999771118164,13.229999542236328,12.8100004196167,12.8100004196167,7.843668460845947,57000
12.859999656677246,13.220000267028809,12.81999969482422,13.220000267028809,8.094715118408203,36300
13.149999618530272,13.4399995803833,12.989999771118164,13.4399995803833,8.229423522949219,46400
13.199999809265137,13.270000457763672,13.0,13.270000457763672,8.125332832336426,45100
13.270000457763672,13.300000190734863,12.949999809265137,13.029999732971191,7.978378772735596,36100
12.869999885559082,13.1899995803833,12.850000381469728,13.050000190734863,8.050348281860352,39300
13.079999923706056,13.18000030517578,12.960000038146973,13.029999732971191,8.038008689880371,25100
12.989999771118164,13.170000076293944,12.800000190734863,12.81999969482422,7.90846061706543,17000
12.899999618530272,12.989999771118164,12.779999732971191,12.8100004196167,7.902294635772705,58000
12.81999969482422,12.890000343322754,12.8100004196167,12.850000381469728,7.926968097686768,4000
12.880000114440918,12.920000076293944,12.779999732971191,12.779999732971191,7.883788108825684,30300
12.760000228881836,13.100000381469728,12.760000228881836,12.800000190734863,7.896126270294189,60000
12.850000381469728,12.880000114440918,12.760000228881836,12.880000114440918,7.945478439331055,19200
12.899999618530272,12.899999618530272,12.770000457763672,12.800000190734863,7.896126270294189,26500
12.800000190734863,12.800000190734863,12.670000076293944,12.779999732971191,7.883788108825684,33200
12.6899995803833,12.890000343322754,12.6899995803833,12.75,7.865281581878662,32600
12.65999984741211,12.75,12.65999984741211,12.68000030517578,7.822098731994629,73300
12.6899995803833,12.75,12.609999656677246,12.640000343322754,7.797425746917725,51300
12.609999656677246,12.699999809265137,12.609999656677246,12.68000030517578,7.822098731994629,55900
12.649999618530272,12.859999656677246,12.609999656677246,12.789999961853027,7.889957427978516,20900
12.850000381469728,12.979999542236328,12.43000030517578,12.609999656677246,7.7789177894592285,14500
12.630000114440918,12.90999984741211,12.3100004196167,12.630000114440918,7.791256904602051,18600
12.729999542236328,12.829999923706056,12.520000457763672,12.5600004196167,7.748072624206543,25300
12.550000190734863,12.779999732971191,12.550000190734863,12.600000381469728,7.772749900817871,106600
12.550000190734863,13.010000228881836,12.550000190734863,13.010000228881836,8.02566909790039,42800
12.829999923706056,12.829999923706056,12.5,12.600000381469728,7.8309326171875,16400
12.579999923706056,12.600000381469728,12.369999885559082,12.510000228881836,7.774998188018799,24000
12.489999771118164,12.649999618530272,12.489999771118164,12.649999618530272,7.862008094787598,4400
12.59000015258789,12.59000015258789,12.510000228881836,12.550000190734863,7.799859523773193,25900
12.56999969482422,12.75,12.56999969482422,12.699999809265137,7.893084526062012,20200
12.600000381469728,12.640000343322754,12.25,12.350000381469728,7.6755571365356445,53000
12.359999656677246,12.529999732971191,12.350000381469728,12.43000030517578,7.725278854370117,37300
12.420000076293944,12.59000015258789,12.420000076293944,12.59000015258789,7.82472038269043,85800
12.600000381469728,13.149999618530272,12.489999771118164,12.899999618530272,8.017387390136719,49800
12.90999984741211,12.949999809265137,12.850000381469728,12.93000030517578,8.036032676696777,43600
12.979999542236328,13.350000381469728,12.93000030517578,13.350000381469728,8.297060012817383,119800
13.449999809265137,13.470000267028809,13.25,13.289999961853027,8.259774208068848,68700
13.380000114440918,13.390000343322754,13.3100004196167,13.390000343322754,8.321921348571777,62900
13.31999969482422,13.550000190734863,13.279999732971191,13.449999809265137,8.359213829040527,36700
13.0,13.09000015258789,12.520000457763672,12.619999885559082,7.8433661460876465,460000
12.460000038146973,12.579999923706056,12.43000030517578,12.489999771118164,7.76256799697876,1205200
12.550000190734863,12.600000381469728,12.5,12.600000381469728,7.8309326171875,152200
12.600000381469728,13.020000457763672,12.579999923706056,13.0,8.079535484313965,222700
13.0,13.149999618530272,12.899999618530272,13.100000381469728,8.141684532165527,260700
13.0600004196167,13.149999618530272,12.920000076293944,13.0,8.13980770111084,155900
13.039999961853027,13.229999542236328,13.0,13.220000267028809,8.27756118774414,200900
13.260000228881836,13.34000015258789,12.829999923706056,12.829999923706056,8.092536926269531,186200
13.0,13.539999961853027,12.90999984741211,13.539999961853027,8.540371894836426,173300
13.539999961853027,13.729999542236328,13.390000343322754,13.43000030517578,8.470989227294922,160400
13.550000190734863,13.59000015258789,13.300000190734863,13.470000267028809,8.496217727661133,89900
13.449999809265137,13.550000190734863,13.329999923706056,13.550000190734863,8.546679496765137,91800
13.550000190734863,13.550000190734863,13.40999984741211,13.4399995803833,8.477293968200684,126900
13.43000030517578,13.479999542236328,13.18000030517578,13.210000038146973,8.332226753234863,160200
13.15999984741211,13.390000343322754,13.149999618530272,13.270000457763672,8.370065689086914,122400
13.210000038146973,13.289999961853027,13.149999618530272,13.260000228881836,8.363758087158203,62500
13.300000190734863,13.600000381469728,13.300000190734863,13.510000228881836,8.521449089050293,66600
13.539999961853027,13.539999961853027,13.289999961853027,13.31999969482422,8.401604652404785,60100
13.270000457763672,13.380000114440918,13.15999984741211,13.329999923706056,8.407914161682129,38200
13.34000015258789,13.34000015258789,13.09000015258789,13.260000228881836,8.363758087158203,90400
13.300000190734863,13.489999771118164,13.25,13.399999618530272,8.452066421508789,55000
13.380000114440918,13.479999542236328,13.260000228881836,13.34000015258789,8.414220809936523,157600
13.380000114440918,13.649999618530272,13.329999923706056,13.649999618530272,8.60975170135498,111300
13.670000076293944,13.6899995803833,13.510000228881836,13.5600004196167,8.552986145019531,105700
13.5600004196167,13.5600004196167,13.289999961853027,13.34000015258789,8.414220809936523,66500
13.399999618530272,13.449999809265137,13.279999732971191,13.350000381469728,8.420527458190918,78600
13.279999732971191,13.4399995803833,13.279999732971191,13.279999732971191,8.376374244689941,39800
13.3100004196167,13.529999732971191,13.260000228881836,13.300000190734863,8.4505033493042,61300
13.31999969482422,13.359999656677246,13.15999984741211,13.229999542236328,8.406026840209961,31000
13.149999618530272,13.5,13.130000114440918,13.489999771118164,8.571223258972168,49900
13.5,13.5,13.109999656677246,13.109999656677246,8.329784393310547,73600
13.109999656677246,13.25,13.109999656677246,13.149999618530272,8.355195045471191,52500
13.149999618530272,13.40999984741211,13.149999618530272,13.300000190734863,8.4505033493042,35600
13.279999732971191,13.40999984741211,13.210000038146973,13.40999984741211,8.520394325256348,28800
13.31999969482422,13.489999771118164,13.029999732971191,13.449999809265137,8.545808792114258,93600
13.479999542236328,13.5,13.25,13.329999923706056,8.469563484191895,90600
13.43000030517578,13.43000030517578,13.06999969482422,13.399999618530272,8.514039993286133,65400
13.399999618530272,13.460000038146973,13.050000190734863,13.380000114440918,8.501335144042969,69900
13.199999809265137,13.470000267028809,13.039999961853027,13.470000267028809,8.558517456054688,48800
13.369999885559082,13.369999885559082,13.130000114440918,13.220000267028809,8.399672508239746,36100
13.25,13.25,12.90999984741211,13.199999809265137,8.38696575164795,102400
13.079999923706056,13.300000190734863,12.979999542236328,13.25,8.418734550476074,46800
13.1899995803833,13.199999809265137,13.09000015258789,13.100000381469728,8.323426246643066,28100
13.149999618530272,13.170000076293944,13.039999961853027,13.15999984741211,8.361549377441406,29300
13.100000381469728,13.40999984741211,13.06999969482422,13.359999656677246,8.488627433776855,44900
13.359999656677246,13.399999618530272,13.149999618530272,13.1899995803833,8.38061237335205,42800
13.079999923706056,13.4399995803833,13.0600004196167,13.25,8.418734550476074,103200
13.170000076293944,13.420000076293944,13.119999885559082,13.149999618530272,8.416600227355957,51900
13.199999809265137,13.399999618530272,13.09000015258789,13.149999618530272,8.416600227355957,50300
13.149999618530272,13.210000038146973,13.0600004196167,13.130000114440918,8.403796195983887,42500
13.25,13.279999732971191,13.06999969482422,13.06999969482422,8.365396499633789,13200
13.109999656677246,13.149999618530272,13.039999961853027,13.100000381469728,8.384597778320312,22600
13.100000381469728,13.479999542236328,13.100000381469728,13.479999542236328,8.627816200256348,50900
13.40999984741211,13.420000076293944,13.229999542236328,13.329999923706056,8.531810760498047,18100
13.329999923706056,13.399999618530272,13.210000038146973,13.399999618530272,8.57660961151123,9000
13.399999618530272,13.449999809265137,13.279999732971191,13.449999809265137,8.608613967895508,24700
13.489999771118164,13.5,13.359999656677246,13.399999618530272,8.57660961151123,69700
13.479999542236328,13.489999771118164,13.260000228881836,13.489999771118164,8.63421630859375,34300
13.43000030517578,13.479999542236328,13.279999732971191,13.449999809265137,8.608613967895508,39000
13.449999809265137,13.489999771118164,13.329999923706056,13.449999809265137,8.608613967895508,35000
13.40999984741211,13.4399995803833,13.31999969482422,13.399999618530272,8.57660961151123,35700
13.479999542236328,13.479999542236328,13.350000381469728,13.449999809265137,8.608613967895508,91500
13.449999809265137,13.460000038146973,13.390000343322754,13.449999809265137,8.608613967895508,66700
13.4399995803833,13.489999771118164,13.420000076293944,13.470000267028809,8.621416091918945,34000
13.420000076293944,13.489999771118164,13.399999618530272,13.489999771118164,8.63421630859375,26700
13.489999771118164,13.529999732971191,13.420000076293944,13.5,8.640615463256836,21400
13.43000030517578,13.5,13.420000076293944,13.489999771118164,8.63421630859375,13600
13.390000343322754,13.520000457763672,13.390000343322754,13.489999771118164,8.63421630859375,29800
13.40999984741211,13.539999961853027,13.399999618530272,13.489999771118164,8.696534156799316,72200
13.449999809265137,13.609999656677246,13.449999809265137,13.539999961853027,8.728769302368164,32600
13.550000190734863,13.670000076293944,13.4399995803833,13.630000114440918,8.786786079406738,39000
13.770000457763672,13.779999732971191,13.609999656677246,13.640000343322754,8.793233871459961,51000
13.649999618530272,13.81999969482422,13.649999618530272,13.770000457763672,8.877041816711426,91900
13.75,13.890000343322754,13.619999885559082,13.850000381469728,8.928613662719727,72600
13.800000190734863,13.880000114440918,13.640000343322754,13.68000030517578,8.819019317626953,89500
13.670000076293944,13.859999656677246,13.529999732971191,13.850000381469728,8.928613662719727,58300
13.890000343322754,13.949999809265137,13.56999969482422,13.649999618530272,8.799676895141602,44200
13.649999618530272,13.670000076293944,13.0,13.449999809265137,8.670746803283691,142300
13.18000030517578,13.5,13.18000030517578,13.399999618530272,8.638513565063477,66300
13.239999771118164,13.699999809265137,13.239999771118164,13.619999885559082,8.780340194702148,54700
13.609999656677246,13.829999923706056,13.609999656677246,13.670000076293944,8.81257152557373,42500
13.710000038146973,13.75,13.649999618530272,13.699999809265137,8.831912994384766,54600
13.649999618530272,14.010000228881836,13.600000381469728,13.93000030517578,8.980185508728027,103600
13.949999809265137,14.06999969482422,13.720000267028809,13.729999542236328,8.851253509521484,54400
13.729999542236328,13.800000190734863,13.579999923706056,13.600000381469728,8.767443656921387,84100
13.600000381469728,13.81999969482422,13.579999923706056,13.579999923706056,8.75455093383789,107300
13.579999923706056,13.710000038146973,13.520000457763672,13.640000343322754,8.793233871459961,67300
13.15999984741211,13.600000381469728,13.15999984741211,13.600000381469728,8.767443656921387,1656600
13.399999618530272,13.600000381469728,13.369999885559082,13.5600004196167,8.804240226745605,455800
13.550000190734863,13.699999809265137,13.510000228881836,13.600000381469728,8.83021068572998,228600
13.68000030517578,13.739999771118164,13.520000457763672,13.600000381469728,8.83021068572998,129100
13.5,13.710000038146973,13.489999771118164,13.699999809265137,8.895137786865234,211300
13.789999961853027,13.789999961853027,13.59000015258789,13.65999984741211,8.869165420532227,142600
13.65999984741211,13.710000038146973,13.609999656677246,13.710000038146973,8.901631355285645,102100
13.869999885559082,13.869999885559082,13.579999923706056,13.649999618530272,8.862672805786133,213000
13.649999618530272,13.739999771118164,13.609999656677246,13.670000076293944,8.875658988952637,113300
13.699999809265137,13.800000190734863,13.65999984741211,13.729999542236328,8.914613723754883,321000
13.729999542236328,13.81999969482422,13.520000457763672,13.630000114440918,8.849688529968262,137700
13.59000015258789,13.59000015258789,13.34000015258789,13.539999961853027,8.791253089904785,162200
13.5,13.5600004196167,13.369999885559082,13.479999542236328,8.752298355102539,149900
13.43000030517578,13.479999542236328,13.210000038146973,13.3100004196167,8.641919136047363,186400
13.34000015258789,13.4399995803833,13.0600004196167,13.300000190734863,8.635424613952637,185600
13.18000030517578,13.300000190734863,13.119999885559082,13.289999961853027,8.628934860229492,223600
13.220000267028809,13.329999923706056,13.199999809265137,13.199999809265137,8.570500373840332,145900
13.220000267028809,13.300000190734863,13.199999809265137,13.260000228881836,8.609456062316895,155800
13.289999961853027,13.300000190734863,13.170000076293944,13.270000457763672,8.615946769714355,138400
13.279999732971191,13.300000190734863,13.210000038146973,13.300000190734863,8.635424613952637,92500
13.300000190734863,13.300000190734863,13.199999809265137,13.300000190734863,8.635424613952637,85100
13.300000190734863,13.31999969482422,13.25,13.289999961853027,8.628934860229492,214200
13.300000190734863,13.470000267028809,13.25,13.449999809265137,8.732818603515625,174500
13.399999618530272,13.399999618530272,13.199999809265137,13.220000267028809,8.583483695983887,125300
13.15999984741211,13.220000267028809,12.90999984741211,12.960000038146973,8.476653099060059,200300
13.020000457763672,13.09000015258789,12.93000030517578,12.979999542236328,8.48973274230957,139100
12.9399995803833,13.020000457763672,12.479999542236328,12.59000015258789,8.234651565551758,304800
12.550000190734863,13.0,12.270000457763672,12.859999656677246,8.411247253417969,1721600
12.899999618530272,12.90999984741211,12.510000228881836,12.510000228881836,8.182323455810547,271300
12.619999885559082,12.6899995803833,12.31999969482422,12.65999984741211,8.280434608459473,195400
12.699999809265137,12.75,12.350000381469728,12.6899995803833,8.300055503845215,158700
12.699999809265137,12.789999961853027,12.489999771118164,12.600000381469728,8.241191864013672,128100
12.649999618530272,12.699999809265137,12.5,12.5600004196167,8.215024948120117,161400
12.59000015258789,12.6899995803833,12.449999809265137,12.65999984741211,8.280434608459473,139700
12.619999885559082,12.720000267028809,12.369999885559082,12.399999618530272,8.110377311706543,104300
12.529999732971191,12.59000015258789,12.09000015258789,12.18000030517578,7.966485500335693,246300
12.199999809265137,12.609999656677246,12.1899995803833,12.529999732971191,8.195405006408691,204500
12.420000076293944,12.579999923706056,12.380000114440918,12.449999809265137,8.14307689666748,105800
12.460000038146973,12.529999732971191,12.40999984741211,12.5,8.175782203674316,126100
12.529999732971191,12.550000190734863,12.350000381469728,12.470000267028809,8.15616226196289,188000
12.479999542236328,12.979999542236328,12.449999809265137,12.949999809265137,8.470112800598145,247900
12.949999809265137,13.06999969482422,12.649999618530272,12.850000381469728,8.404706954956055,138000
12.890000343322754,13.079999923706056,12.770000457763672,12.9399995803833,8.46357250213623,160600
13.0,13.050000190734863,12.699999809265137,12.890000343322754,8.430870056152344,74200
12.890000343322754,13.06999969482422,12.84000015258789,13.029999732971191,8.586832046508789,152800
12.81999969482422,12.949999809265137,12.739999771118164,12.760000228881836,8.408902168273926,103200
12.760000228881836,12.84000015258789,12.550000190734863,12.5600004196167,8.277100563049316,74300
12.5600004196167,12.609999656677246,12.399999618530272,12.449999809265137,8.204608917236328,70500
12.470000267028809,12.600000381469728,12.329999923706056,12.510000228881836,8.244153022766113,153400
12.520000457763672,12.880000114440918,12.34000015258789,12.720000267028809,8.38254165649414,139100
12.760000228881836,12.760000228881836,12.510000228881836,12.539999961853027,8.263921737670898,68900
12.649999618530272,12.800000190734863,12.630000114440918,12.800000190734863,8.435263633728027,93200
12.770000457763672,12.960000038146973,12.649999618530272,12.880000114440918,8.487981796264648,113400
12.859999656677246,12.9399995803833,12.59000015258789,12.619999885559082,8.316644668579102,96400
12.699999809265137,12.710000038146973,12.18000030517578,12.199999809265137,8.039857864379883,251800
12.229999542236328,12.25,11.600000381469728,11.800000190734863,7.776257514953613,265300
11.75,12.09000015258789,11.75,12.0600004196167,7.9475998878479,77200
12.0600004196167,12.0600004196167,11.43000030517578,11.65999984741211,7.683996200561523,246500
11.65999984741211,12.479999542236328,11.5,12.18000030517578,8.026681900024414,208600
12.15999984741211,12.210000038146973,11.81999969482422,12.0600004196167,7.9475998878479,111900
12.0600004196167,12.18000030517578,12.0,12.100000381469728,7.97395658493042,52800
12.050000190734863,12.100000381469728,11.899999618530272,12.050000190734863,7.941008567810059,84000
12.0600004196167,12.3100004196167,11.880000114440918,12.289999961853027,8.09916877746582,155500
12.289999961853027,12.289999961853027,12.130000114440918,12.18000030517578,8.026681900024414,94400
12.18000030517578,12.199999809265137,12.020000457763672,12.020000457763672,7.921237468719482,115600
11.989999771118164,12.100000381469728,11.779999732971191,11.800000190734863,7.776257514953613,155400
11.5,11.75,11.449999809265137,11.670000076293944,7.754111289978027,190700
11.390000343322754,11.59000015258789,11.079999923706056,11.100000381469728,7.375372886657715,232900
11.1899995803833,11.279999732971191,10.699999809265137,10.729999542236328,7.129525661468506,338900
10.859999656677246,11.220000267028809,10.600000381469728,11.220000267028809,7.45510721206665,204200
11.31999969482422,11.5,11.140000343322754,11.449999809265137,7.607929229736328,145300
11.399999618530272,11.470000267028809,11.25,11.43000030517578,7.59464168548584,90800
11.399999618530272,11.5,11.199999809265137,11.229999542236328,7.461751461029053,174100
11.100000381469728,11.210000038146973,11.06999969482422,11.119999885559082,7.3886637687683105,105900
11.210000038146973,11.270000457763672,10.890000343322754,11.0,7.308929443359375,136400
11.109999656677246,11.260000228881836,10.899999618530272,11.100000381469728,7.375372886657715,137600
11.050000190734863,11.199999809265137,10.960000038146973,10.989999771118164,7.302284240722656,109300
10.989999771118164,11.18000030517578,10.869999885559082,11.0,7.308929443359375,130900
11.100000381469728,11.109999656677246,10.760000228881836,10.829999923706056,7.19597053527832,159900
10.8100004196167,10.890000343322754,10.529999732971191,10.630000114440918,7.063083171844482,181800
10.529999732971191,11.170000076293944,10.529999732971191,11.109999656677246,7.382018089294434,156200
11.079999923706056,11.140000343322754,10.880000114440918,11.050000190734863,7.34215497970581,97300
11.06999969482422,11.279999732971191,10.970000267028809,11.0600004196167,7.348796367645264,122600
11.050000190734863,11.199999809265137,11.050000190734863,11.170000076293944,7.421887397766113,113500
11.220000267028809,11.489999771118164,11.06999969482422,11.489999771118164,7.634510517120361,283400
11.4399995803833,12.140000343322754,11.399999618530272,12.079999923706056,8.026531219482422,257800
12.239999771118164,12.359999656677246,11.970000267028809,12.039999961853027,7.999956130981445,96500
11.979999542236328,12.260000228881836,11.9399995803833,12.020000457763672,7.986666679382324,76400
12.020000457763672,12.25,12.010000228881836,12.229999542236328,8.192081451416016,123200
12.15999984741211,12.15999984741211,11.979999542236328,12.039999961853027,8.064813613891602,67300
12.06999969482422,12.09000015258789,11.710000038146973,11.710000038146973,7.843767642974853,130000
11.649999618530272,11.800000190734863,11.5,11.579999923706056,7.756693840026855,118000
11.510000228881836,11.65999984741211,11.399999618530272,11.520000457763672,7.71649694442749,106900
11.670000076293944,12.050000190734863,11.59000015258789,11.979999542236328,8.024625778198242,140100
12.020000457763672,12.09000015258789,11.710000038146973,12.029999732971191,8.058115005493164,61000
11.960000038146973,12.220000267028809,11.880000114440918,12.220000267028809,8.185382843017578,105100
12.390000343322754,12.390000343322754,12.100000381469728,12.239999771118164,8.19878101348877,110600
12.270000457763672,12.270000457763672,12.029999732971191,12.029999732971191,8.058115005493164,59400
12.06999969482422,12.399999618530272,12.010000228881836,12.390000343322754,8.2992582321167,91900
12.359999656677246,12.5,12.270000457763672,12.470000267028809,8.352840423583984,52100
12.4399995803833,12.470000267028809,12.260000228881836,12.289999961853027,8.232272148132324,29600
12.25,12.399999618530272,12.15999984741211,12.199999809265137,8.171987533569336,85000
12.199999809265137,12.300000190734863,12.109999656677246,12.199999809265137,8.171987533569336,108800
12.210000038146973,12.300000190734863,12.020000457763672,12.06999969482422,8.084904670715332,67000
12.119999885559082,12.399999618530272,12.039999961853027,12.25,8.205476760864258,70700
12.31999969482422,12.40999984741211,12.199999809265137,12.31999969482422,8.25236988067627,175600
12.220000267028809,12.350000381469728,12.119999885559082,12.170000076293944,8.151893615722656,116600
12.15999984741211,12.279999732971191,12.039999961853027,12.170000076293944,8.151893615722656,144800
12.109999656677246,12.220000267028809,11.899999618530272,12.010000228881836,8.109130859375,118000
12.399999618530272,12.399999618530272,12.029999732971191,12.15999984741211,8.210410118103027,88200
12.18000030517578,12.270000457763672,12.039999961853027,12.140000343322754,8.196906089782715,144600
12.130000114440918,12.25,11.779999732971191,11.84000015258789,7.994347095489502,126000
11.84000015258789,11.949999809265137,11.539999961853027,11.630000114440918,7.852551937103271,167800
11.6899995803833,11.859999656677246,11.510000228881836,11.779999732971191,7.953832626342773,216800
11.890000343322754,11.960000038146973,11.760000228881836,11.779999732971191,7.953832626342773,85700
11.720000267028809,11.880000114440918,11.649999618530272,11.720000267028809,7.913323879241943,70400
11.6899995803833,12.0,11.470000267028809,11.899999618530272,8.034859657287598,176500
11.920000076293944,12.06999969482422,11.75,11.949999809265137,8.068615913391113,111800
12.510000228881836,12.84000015258789,12.0,12.09000015258789,8.163145065307617,102400
12.289999961853027,12.369999885559082,12.0,12.079999923706056,8.156390190124512,82100
12.0,12.109999656677246,11.850000381469728,11.899999618530272,8.034859657287598,133500
11.9399995803833,12.050000190734863,11.56999969482422,11.579999923706056,7.818796634674072,112500
11.550000190734863,11.899999618530272,11.550000190734863,11.850000381469728,8.001099586486816,91400
11.869999885559082,11.989999771118164,11.710000038146973,11.760000228881836,7.940330028533935,73900
11.739999771118164,11.989999771118164,11.550000190734863,11.550000190734863,7.798538684844971,120500
11.489999771118164,11.539999961853027,11.09000015258789,11.25,7.5959792137146,216900
11.199999809265137,11.489999771118164,11.199999809265137,11.369999885559082,7.677003860473633,134000
11.449999809265137,11.539999961853027,11.0,11.09000015258789,7.487946033477783,283100
11.06999969482422,11.579999923706056,11.06999969482422,11.479999542236328,7.751274108886719,182700
11.449999809265137,11.600000381469728,11.329999923706056,11.5600004196167,7.805290222167969,187600
11.670000076293944,11.81999969482422,11.529999732971191,11.59000015258789,7.825545310974121,106600
11.449999809265137,11.449999809265137,11.279999732971191,11.31999969482422,7.707522869110107,92600
11.300000190734863,11.470000267028809,11.18000030517578,11.329999923706056,7.714336395263672,92200
11.300000190734863,11.43000030517578,11.199999809265137,11.25,7.65986442565918,129500
11.25,11.359999656677246,11.130000114440918,11.329999923706056,7.714336395263672,34300
11.390000343322754,11.649999618530272,11.380000114440918,11.4399995803833,7.7892327308654785,90900
11.380000114440918,11.779999732971191,11.380000114440918,11.56999969482422,7.877747535705566,52300
11.630000114440918,11.670000076293944,11.399999618530272,11.43000030517578,7.782422542572021,44600
11.43000030517578,11.460000038146973,10.9399995803833,11.270000457763672,7.673483848571777,64200
11.199999809265137,11.550000190734863,11.1899995803833,11.289999961853027,7.687100410461426,52400
11.40999984741211,11.40999984741211,11.130000114440918,11.170000076293944,7.605396270751953,59100
11.050000190734863,11.239999771118164,11.0,11.020000457763672,7.503267765045166,97800
11.010000228881836,11.279999732971191,10.880000114440918,10.960000038146973,7.462414741516113,142100
11.050000190734863,11.100000381469728,10.93000030517578,10.970000267028809,7.46921968460083,86000
11.0,11.0,10.720000267028809,10.789999961853027,7.3466596603393555,133600
10.6899995803833,10.920000076293944,10.329999923706056,10.5,7.149208068847656,175200
10.5600004196167,11.06999969482422,10.5600004196167,11.029999732971191,7.510073661804199,91700
11.09000015258789,11.3100004196167,11.010000228881836,11.300000190734863,7.69390869140625,106900
11.229999542236328,11.630000114440918,11.229999542236328,11.460000038146973,7.802849292755127,80700
11.399999618530272,11.869999885559082,11.399999618530272,11.84000015258789,8.061582565307617,498500
12.0,12.0600004196167,11.760000228881836,12.0,8.170525550842285,148200
12.029999732971191,12.029999732971191,11.710000038146973,11.899999618530272,8.168235778808594,71800
11.899999618530272,11.970000267028809,11.779999732971191,11.949999809265137,8.269731521606445,72400
11.970000267028809,12.100000381469728,11.81999969482422,11.970000267028809,8.283573150634766,77400
11.850000381469728,11.970000267028809,11.800000190734863,11.880000114440918,8.22128963470459,47800
11.949999809265137,12.029999732971191,11.81999969482422,11.989999771118164,8.297412872314453,71000
12.039999961853027,12.039999961853027,11.850000381469728,11.90999984741211,8.242053031921387,79900
11.90999984741211,12.170000076293944,11.789999961853027,11.850000381469728,8.200530052185059,155000
11.75,11.93000030517578,11.420000076293944,11.90999984741211,8.242053031921387,182500
12.029999732971191,12.140000343322754,11.829999923706056,12.0,8.30433464050293,106300
12.010000228881836,12.06999969482422,11.850000381469728,12.039999961853027,8.332014083862305,100300
11.800000190734863,11.899999618530272,11.34000015258789,11.489999771118164,7.951401710510254,117100
11.550000190734863,11.59000015258789,11.149999618530272,11.239999771118164,7.778393268585205,101200
11.06999969482422,11.210000038146973,10.829999923706056,11.140000343322754,7.70919132232666,100300
11.06999969482422,11.289999961853027,10.5,10.739999771118164,7.432379245758057,235700
10.739999771118164,10.920000076293944,10.25,10.270000457763672,7.107125282287598,170700
10.020000457763672,10.65999984741211,10.0,10.43000030517578,7.217851161956787,175700
10.329999923706056,10.399999618530272,9.850000381469728,10.31999969482422,7.141726016998291,213600
10.34000015258789,10.369999885559082,10.100000381469728,10.1899995803833,7.051761627197266,120700
10.020000457763672,10.0600004196167,9.210000038146973,9.989999771118164,6.913357257843018,369800
9.890000343322754,10.09000015258789,9.770000457763672,10.0,6.987895011901856,121400
10.079999923706056,10.34000015258789,10.050000190734863,10.300000190734863,7.197531223297119,105900
10.350000381469728,10.380000114440918,10.130000114440918,10.140000343322754,7.085725784301758,34100
10.15999984741211,10.399999618530272,10.15999984741211,10.289999961853027,7.190544605255127,148400
10.34000015258789,10.34000015258789,10.039999961853027,10.100000381469728,7.057775020599365,68800
10.15999984741211,10.390000343322754,10.15999984741211,10.239999771118164,7.155603885650635,76200
10.279999732971191,10.5,10.199999809265137,10.359999656677246,7.239456176757812,129000
10.350000381469728,10.479999542236328,10.300000190734863,10.369999885559082,7.246448040008545,91000
10.3100004196167,10.369999885559082,10.199999809265137,10.25,7.162591934204102,74100
10.289999961853027,10.369999885559082,10.119999885559082,10.300000190734863,7.197531223297119,74700
10.270000457763672,10.329999923706056,10.170000076293944,10.220000267028809,7.141627311706543,38000
10.270000457763672,10.270000457763672,9.880000114440918,9.880000114440918,6.904040336608887,93900
9.869999885559082,9.869999885559082,9.170000076293944,9.40999984741211,6.575610160827637,200300
9.25,9.5,9.220000267028809,9.289999961853027,6.491754531860352,172700
9.31999969482422,9.470000267028809,9.1899995803833,9.25,6.463802337646484,100100
9.149999618530272,9.31999969482422,9.0600004196167,9.18000030517578,6.41488790512085,115900
9.25,9.489999771118164,9.170000076293944,9.4399995803833,6.596572399139404,84100
9.460000038146973,9.539999961853027,9.3100004196167,9.359999656677246,6.540667533874512,59700
9.4399995803833,9.850000381469728,9.4399995803833,9.739999771118164,6.806212425231934,154900
9.739999771118164,9.869999885559082,9.600000381469728,9.81999969482422,6.862112998962402,75900
9.859999656677246,10.050000190734863,9.65999984741211,9.770000457763672,6.827172756195068,147000
9.84000015258789,9.970000267028809,9.649999618530272,9.739999771118164,6.806212425231934,140200
9.649999618530272,9.699999809265137,9.229999542236328,9.329999923706056,6.585060119628906,130900
9.489999771118164,9.779999732971191,9.100000381469728,9.770000457763672,6.895609855651856,192700
9.779999732971191,10.09000015258789,9.75,9.979999542236328,7.04382848739624,113400
10.050000190734863,10.369999885559082,9.949999809265137,10.350000381469728,7.304972171783447,180800
10.399999618530272,10.449999809265137,9.979999542236328,10.260000228881836,7.241448879241943,139200
10.300000190734863,10.399999618530272,10.18000030517578,10.399999618530272,7.340259552001953,85400
10.399999618530272,10.5,10.350000381469728,10.479999542236328,7.396724700927734,86500
10.5,10.8100004196167,10.449999809265137,10.800000190734863,7.622580051422119,113600
10.84000015258789,11.149999618530272,10.760000228881836,11.0600004196167,7.80608606338501,105700
11.149999618530272,11.260000228881836,10.850000381469728,11.0,7.763737678527832,96300
10.970000267028809,10.979999542236328,10.649999618530272,10.649999618530272,7.516707420349121,68200
10.68000030517578,10.949999809265137,10.649999618530272,10.93000030517578,7.7143330574035645,59100
10.949999809265137,10.989999771118164,10.510000228881836,10.609999656677246,7.488478183746338,95500
10.670000076293944,10.949999809265137,10.640000343322754,10.90999984741211,7.700215816497803,91800
10.90999984741211,10.90999984741211,10.75,10.760000228881836,7.594345569610596,28600
10.720000267028809,10.779999732971191,10.640000343322754,10.720000267028809,7.566113948822021,61900
10.68000030517578,11.0600004196167,10.619999885559082,11.0,7.763737678527832,67100
10.960000038146973,11.119999885559082,10.899999618530272,11.039999961853027,7.791970252990723,122500
11.109999656677246,11.1899995803833,10.5600004196167,10.59000015258789,7.474360466003418,562600
10.649999618530272,11.100000381469728,10.649999618530272,10.949999809265137,7.72844934463501,130600
10.729999542236328,11.029999732971191,10.720000267028809,10.949999809265137,7.797283172607422,42400
10.920000076293944,11.0,10.619999885559082,10.619999885559082,7.562293529510498,85500
10.619999885559082,10.619999885559082,10.3100004196167,10.329999923706056,7.423595428466797,120200
10.5,10.510000228881836,10.199999809265137,10.5,7.5457658767700195,84900
10.5,10.970000267028809,10.399999618530272,10.93000030517578,7.854784965515137,89500
10.920000076293944,11.050000190734863,10.800000190734863,10.8100004196167,7.768547058105469,97400
10.880000114440918,11.039999961853027,10.75,10.880000114440918,7.818852424621582,108900
10.869999885559082,10.890000343322754,10.649999618530272,10.699999809265137,7.689493656158447,73800
10.699999809265137,10.850000381469728,10.699999809265137,10.760000228881836,7.732614040374756,88300
10.779999732971191,10.899999618530272,10.699999809265137,10.75,7.725428104400635,74800
10.770000457763672,10.890000343322754,10.699999809265137,10.850000381469728,7.797292232513428,51600
10.989999771118164,11.0,10.789999961853027,10.869999885559082,7.811665534973144,130800
10.880000114440918,11.079999923706056,10.829999923706056,10.960000038146973,7.8763427734375,141200
10.949999809265137,11.050000190734863,10.890000343322754,10.899999618530272,7.833224296569824,122000
10.899999618530272,11.09000015258789,10.869999885559082,11.0,7.905088901519775,149100
11.039999961853027,11.09000015258789,10.829999923706056,11.020000457763672,7.919462203979492,177100
11.050000190734863,11.050000190734863,10.829999923706056,10.859999656677246,7.804479598999023,126900
10.8100004196167,11.140000343322754,10.8100004196167,11.010000228881836,7.912276744842529,151900
11.100000381469728,11.199999809265137,10.989999771118164,11.140000343322754,8.00570011138916,250100
11.239999771118164,11.449999809265137,11.149999618530272,11.369999885559082,8.17098617553711,101500
11.390000343322754,11.449999809265137,11.140000343322754,11.170000076293944,8.02725887298584,234400
10.989999771118164,11.1899995803833,10.649999618530272,10.850000381469728,7.865359783172607,231800
10.880000114440918,11.0,10.760000228881836,10.850000381469728,7.865359783172607,81800
10.850000381469728,10.93000030517578,10.760000228881836,10.84000015258789,7.858112335205078,45100
10.920000076293944,11.220000267028809,10.90999984741211,11.020000457763672,7.988595485687256,146700
11.149999618530272,11.1899995803833,10.949999809265137,10.979999542236328,7.959600448608398,65200
10.989999771118164,11.079999923706056,10.899999618530272,10.949999809265137,7.937851905822754,69900
10.960000038146973,10.979999542236328,10.829999923706056,10.9399995803833,7.930602073669434,80800
10.880000114440918,11.140000343322754,10.869999885559082,11.130000114440918,8.06833553314209,67200
10.970000267028809,11.100000381469728,10.899999618530272,11.0600004196167,8.017592430114746,73300
11.06999969482422,11.18000030517578,11.020000457763672,11.130000114440918,8.06833553314209,81000
11.229999542236328,11.359999656677246,11.15999984741211,11.279999732971191,8.177075386047363,114200
11.3100004196167,11.5,11.25,11.329999923706056,8.2133207321167,150800
11.300000190734863,11.489999771118164,11.300000190734863,11.420000076293944,8.278562545776367,68000
11.470000267028809,11.869999885559082,11.449999809265137,11.6899995803833,8.474289894104004,180000
11.699999809265137,11.979999542236328,11.59000015258789,11.899999618530272,8.626523971557617,146500
11.920000076293944,11.970000267028809,11.710000038146973,11.90999984741211,8.633773803710938,165000
11.979999542236328,12.1899995803833,11.75,12.109999656677246,8.778754234313965,137700
12.199999809265137,12.199999809265137,11.899999618530272,12.170000076293944,8.822251319885254,103900
12.06999969482422,12.130000114440918,11.710000038146973,11.75,8.517783164978027,107700
11.739999771118164,11.9399995803833,11.59000015258789,11.789999961853027,8.546783447265625,146400
11.649999618530272,11.649999618530272,11.100000381469728,11.5600004196167,8.38005256652832,241200
11.489999771118164,11.829999923706056,11.449999809265137,11.609999656677246,8.41629695892334,122500
11.40999984741211,11.5,11.239999771118164,11.390000343322754,8.326140403747559,128100
11.369999885559082,11.630000114440918,11.369999885559082,11.619999885559082,8.494271278381348,69200
11.600000381469728,11.68000030517578,11.43000030517578,11.56999969482422,8.457718849182129,77000
11.5,11.800000190734863,11.5,11.75,8.589299201965332,89300
11.800000190734863,12.029999732971191,11.779999732971191,12.029999732971191,8.79398250579834,57200
12.100000381469728,12.100000381469728,11.739999771118164,11.9399995803833,8.728193283081055,103100
11.970000267028809,12.020000457763672,11.890000343322754,12.0,8.772052764892578,58500
11.920000076293944,12.06999969482422,11.920000076293944,12.050000190734863,8.808603286743164,55200
12.050000190734863,12.09000015258789,11.920000076293944,12.020000457763672,8.786674499511719,73000
12.100000381469728,12.100000381469728,11.960000038146973,12.06999969482422,8.823224067687988,102100
12.050000190734863,12.1899995803833,11.93000030517578,12.109999656677246,8.852462768554688,83600
12.079999923706056,12.1899995803833,12.029999732971191,12.130000114440918,8.867084503173828,88300
12.09000015258789,12.399999618530272,12.0600004196167,12.3100004196167,8.998662948608398,165200
12.279999732971191,12.470000267028809,12.15999984741211,12.15999984741211,8.889013290405273,128400
12.15999984741211,12.390000343322754,12.15999984741211,12.34000015258789,9.020594596862791,63300
12.329999923706056,12.329999923706056,12.18000030517578,12.229999542236328,8.940183639526367,114000
12.25,12.34000015258789,12.25,12.300000190734863,8.991353034973145,136400
12.270000457763672,12.300000190734863,12.220000267028809,12.279999732971191,8.976733207702637,85600
12.300000190734863,12.300000190734863,12.229999542236328,12.229999542236328,8.940183639526367,211500
12.270000457763672,12.470000267028809,12.229999542236328,12.369999885559082,9.042526245117188,201200
12.399999618530272,12.449999809265137,12.0,12.329999923706056,9.01328468322754,656400
11.949999809265137,12.329999923706056,11.90999984741211,12.149999618530272,8.951885223388672,228800
12.25,12.350000381469728,12.149999618530272,12.31999969482422,9.077136039733888,138500
12.029999732971191,12.550000190734863,12.029999732971191,12.399999618530272,9.136080741882324,236200
12.25,12.279999732971191,11.949999809265137,12.130000114440918,8.937150955200195,109900
12.239999771118164,12.43000030517578,12.220000267028809,12.399999618530272,9.136080741882324,184800
12.550000190734863,12.829999923706056,12.449999809265137,12.739999771118164,9.386587142944336,148200
12.720000267028809,13.029999732971191,12.609999656677246,13.0,9.57815170288086,179400
13.0,13.050000190734863,12.869999885559082,12.93000030517578,9.526575088500977,115400
12.93000030517578,13.0600004196167,12.859999656677246,13.0,9.57815170288086,179100
12.449999809265137,12.989999771118164,12.260000228881836,12.890000343322754,9.497105598449709,342400
12.800000190734863,12.850000381469728,12.600000381469728,12.600000381469728,9.28343677520752,238700
12.710000038146973,13.039999961853027,12.59000015258789,12.989999771118164,9.570781707763672,251800
12.979999542236328,13.15999984741211,12.93000030517578,13.050000190734863,9.614989280700684,137200
13.100000381469728,13.15999984741211,12.81999969482422,13.0,9.57815170288086,229900
13.0,13.09000015258789,12.890000343322754,13.0,9.57815170288086,109100
13.149999618530272,13.149999618530272,12.670000076293944,12.869999885559082,9.482367515563965,267700
12.859999656677246,13.0600004196167,12.760000228881836,13.020000457763672,9.592883110046388,117600
13.050000190734863,13.300000190734863,13.0,13.260000228881836,9.7697114944458,152800
13.350000381469728,13.4399995803833,13.260000228881836,13.350000381469728,9.83602523803711,134800
13.300000190734863,13.5,13.300000190734863,13.489999771118164,9.939170837402344,211000
13.399999618530272,13.609999656677246,13.329999923706056,13.40999984741211,9.9515380859375,182700
13.470000267028809,13.489999771118164,13.350000381469728,13.40999984741211,9.9515380859375,73800
13.489999771118164,13.489999771118164,13.170000076293944,13.220000267028809,9.810539245605469,100100
13.199999809265137,13.329999923706056,13.029999732971191,13.289999961853027,9.86248779296875,180900
13.279999732971191,13.289999961853027,13.079999923706056,13.130000114440918,9.74375057220459,117100
13.199999809265137,13.260000228881836,13.130000114440918,13.170000076293944,9.773436546325684,58100
13.1899995803833,13.460000038146973,13.18000030517578,13.31999969482422,9.88474941253662,133500
13.390000343322754,13.390000343322754,13.170000076293944,13.279999732971191,9.855066299438477,106900
13.260000228881836,13.34000015258789,13.15999984741211,13.210000038146973,9.80312156677246,171900
13.18000030517578,13.420000076293944,13.15999984741211,13.399999618530272,9.944119453430176,175800
13.43000030517578,13.5,13.31999969482422,13.449999809265137,9.98122215270996,117000
13.5,13.789999961853027,13.43000030517578,13.739999771118164,10.196429252624512,176100
13.6899995803833,13.899999618530272,13.520000457763672,13.550000190734863,10.055431365966797,157500
13.65999984741211,13.890000343322754,13.59000015258789,13.890000343322754,10.307745933532717,253600
13.899999618530272,13.899999618530272,13.600000381469728,13.600000381469728,10.092537879943848,142300
13.600000381469728,13.600000381469728,13.170000076293944,13.4399995803833,9.973799705505373,141100
13.399999618530272,13.65999984741211,13.279999732971191,13.619999885559082,10.107378005981444,130400
13.619999885559082,13.75,13.609999656677246,13.720000267028809,10.18159008026123,85500
13.739999771118164,13.739999771118164,13.449999809265137,13.600000381469728,10.092537879943848,93600
13.649999618530272,13.649999618530272,13.34000015258789,13.539999961853027,10.048014640808104,82200
13.59000015258789,13.720000267028809,13.4399995803833,13.68000030517578,10.15190601348877,108600
13.670000076293944,13.75,13.460000038146973,13.539999961853027,10.048014640808104,131900
13.4399995803833,13.729999542236328,13.43000030517578,13.710000038146973,10.17416763305664,135400
13.65999984741211,13.850000381469728,13.579999923706056,13.779999732971191,10.29873275756836,164400
13.800000190734863,13.850000381469728,13.40999984741211,13.5,10.089465141296388,256000
13.460000038146973,13.720000267028809,13.460000038146973,13.65999984741211,10.209044456481934,67800
13.649999618530272,13.829999923706056,13.350000381469728,13.5,10.089465141296388,130800
13.5,13.699999809265137,13.420000076293944,13.529999732971191,10.111886024475098,155100
13.510000228881836,13.609999656677246,13.359999656677246,13.40999984741211,10.022202491760254,76900
13.449999809265137,13.5,13.329999923706056,13.399999618530272,10.014731407165527,103700
13.369999885559082,13.43000030517578,12.949999809265137,13.210000038146973,9.872732162475586,134100
13.15999984741211,13.449999809265137,13.15999984741211,13.420000076293944,10.02967643737793,66200
13.539999961853027,13.600000381469728,13.31999969482422,13.510000228881836,10.096941947937012,123000
13.600000381469728,13.600000381469728,13.5,13.550000190734863,10.12683391571045,152300
13.579999923706056,13.600000381469728,13.350000381469728,13.420000076293944,10.02967643737793,81600
13.270000457763672,13.300000190734863,12.529999732971191,12.729999542236328,9.513993263244627,390400
12.5,13.09000015258789,12.3100004196167,13.06999969482422,9.768099784851074,173100
12.899999618530272,13.0,12.550000190734863,12.619999885559082,9.431784629821776,182000
12.670000076293944,12.920000076293944,12.649999618530272,12.84000015258789,9.596206665039062,68500
12.81999969482422,12.920000076293944,12.65999984741211,12.8100004196167,9.573781967163086,99300
12.829999923706056,13.279999732971191,12.75,13.279999732971191,9.925045013427734,270200
13.260000228881836,13.399999618530272,13.18000030517578,13.260000228881836,9.9100980758667,112500
13.350000381469728,13.390000343322754,13.149999618530272,13.199999809265137,9.86525535583496,58400
13.260000228881836,13.350000381469728,13.010000228881836,13.229999542236328,9.960619926452637,90000
14.789999961853027,14.789999961853027,13.220000267028809,13.31999969482422,10.02838134765625,84200
13.380000114440918,13.579999923706056,13.279999732971191,13.479999542236328,10.148842811584473,98800
13.350000381469728,13.579999923706056,13.350000381469728,13.510000228881836,10.171427726745604,63100
13.550000190734863,13.550000190734863,13.149999618530272,13.239999771118164,9.968149185180664,60200
13.329999923706056,13.329999923706056,12.979999542236328,13.100000381469728,9.862747192382812,140000
13.029999732971191,13.199999809265137,12.90999984741211,13.09000015258789,9.855217933654783,69600
13.050000190734863,13.140000343322754,12.899999618530272,13.0,9.787461280822754,56700
12.970000267028809,12.989999771118164,12.56999969482422,12.710000038146973,9.56912326812744,98300
12.869999885559082,12.869999885559082,12.300000190734863,12.420000076293944,9.350787162780762,171900
12.5600004196167,12.5600004196167,11.789999961853027,12.020000457763672,9.049635887145996,217200
12.079999923706056,12.18000030517578,11.899999618530272,12.079999923706056,9.094807624816896,104700
12.050000190734863,12.1899995803833,11.9399995803833,12.0,9.034579277038574,86200
11.960000038146973,12.18000030517578,11.960000038146973,12.079999923706056,9.094807624816896,38000
12.119999885559082,12.119999885559082,11.880000114440918,11.979999542236328,9.019518852233888,94800
12.260000228881836,12.350000381469728,12.010000228881836,12.260000228881836,9.230327606201172,70900
12.220000267028809,12.350000381469728,12.0,12.34000015258789,9.290555953979492,64300
12.4399995803833,12.539999961853027,12.239999771118164,12.40999984741211,9.343259811401367,74000
12.699999809265137,12.699999809265137,12.329999923706056,12.470000267028809,9.388432502746582,51200
12.56999969482422,12.649999618530272,12.390000343322754,12.600000381469728,9.486308097839355,71900
12.699999809265137,12.93000030517578,12.600000381469728,12.84000015258789,9.666998863220217,95000
12.920000076293944,12.9399995803833,12.670000076293944,12.920000076293944,9.727228164672852,81500
12.779999732971191,12.9399995803833,12.670000076293944,12.9399995803833,9.815728187561035,63600
12.9399995803833,13.109999656677246,12.770000457763672,13.0,9.861241340637209,79000
13.0,13.010000228881836,12.859999656677246,12.979999542236328,9.846067428588867,58200
12.850000381469728,12.970000267028809,12.640000343322754,12.649999618530272,9.595744132995604,68000
12.609999656677246,12.729999542236328,12.220000267028809,12.239999771118164,9.284735679626465,78800
12.300000190734863,12.300000190734863,12.029999732971191,12.109999656677246,9.18612289428711,97700
12.149999618530272,12.460000038146973,12.0,12.399999618530272,9.406105041503906,66500
12.399999618530272,12.399999618530272,12.020000457763672,12.09000015258789,9.17095184326172,87200
12.050000190734863,12.140000343322754,11.949999809265137,11.949999809265137,9.064754486083984,56000
12.0600004196167,12.130000114440918,11.9399995803833,12.109999656677246,9.18612289428711,83800
12.1899995803833,12.3100004196167,12.050000190734863,12.130000114440918,9.201295852661133,85900
11.699999809265137,12.260000228881836,11.399999618530272,12.100000381469728,9.178540229797363,339100
11.899999618530272,12.489999771118164,11.899999618530272,12.420000076293944,9.42127799987793,61700
12.220000267028809,12.640000343322754,12.100000381469728,12.479999542236328,9.466789245605469,141700
12.630000114440918,12.6899995803833,12.109999656677246,12.289999961853027,9.322664260864258,123800
12.350000381469728,12.829999923706056,12.18000030517578,12.710000038146973,9.641258239746094,156500
12.8100004196167,12.989999771118164,12.630000114440918,12.960000038146973,9.830897331237791,115500
13.0,13.3100004196167,12.789999961853027,13.25,10.050877571105955,146600
13.229999542236328,13.470000267028809,13.15999984741211,13.329999923706056,10.111563682556152,130600
13.3100004196167,13.5,13.229999542236328,13.25,10.050877571105955,81500
13.399999618530272,13.399999618530272,13.06999969482422,13.210000038146973,10.02053928375244,110700
14.770000457763672,14.770000457763672,13.149999618530272,13.199999809265137,10.012951850891112,84900
13.199999809265137,13.3100004196167,13.130000114440918,13.220000267028809,10.102103233337402,110400
13.15999984741211,13.229999542236328,13.100000381469728,13.140000343322754,10.114933967590332,59800
13.239999771118164,13.279999732971191,13.130000114440918,13.199999809265137,10.161121368408203,30400
13.140000343322754,13.220000267028809,13.109999656677246,13.109999656677246,10.091838836669922,73900
13.140000343322754,13.300000190734863,13.039999961853027,13.100000381469728,10.08414077758789,99200
13.100000381469728,13.130000114440918,12.630000114440918,12.640000343322754,9.73004150390625,160500
12.710000038146973,12.739999771118164,12.130000114440918,12.220000267028809,9.406731605529783,167500
12.260000228881836,12.670000076293944,12.15999984741211,12.449999809265137,9.583782196044922,87800
12.609999656677246,12.619999885559082,12.40999984741211,12.43000030517578,9.568387031555176,129000
12.5,12.779999732971191,12.5,12.739999771118164,9.80702018737793,105500
12.760000228881836,13.229999542236328,12.739999771118164,13.050000190734863,10.045654296875,121100
13.029999732971191,13.359999656677246,13.0,13.1899995803833,10.15342140197754,167100
13.229999542236328,13.399999618530272,13.149999618530272,13.220000267028809,10.176513671875,139800
13.239999771118164,13.31999969482422,13.100000381469728,13.18000030517578,10.145724296569824,64500
13.300000190734863,13.300000190734863,13.0,13.140000343322754,10.114933967590332,92800
13.029999732971191,13.149999618530272,12.890000343322754,12.920000076293944,9.94558048248291,159100
12.949999809265137,13.100000381469728,12.710000038146973,12.920000076293944,9.94558048248291,159900
12.989999771118164,13.300000190734863,12.989999771118164,13.270000457763672,10.215003967285156,251300
13.31999969482422,13.399999618530272,13.25,13.380000114440918,10.2996826171875,96800
13.380000114440918,13.550000190734863,13.3100004196167,13.5,10.392054557800291,96000
13.43000030517578,13.550000190734863,13.300000190734863,13.31999969482422,10.327441215515137,86400
13.279999732971191,13.329999923706056,13.18000030517578,13.199999809265137,10.234404563903809,91100
13.25,13.479999542236328,13.25,13.449999809265137,10.42823600769043,69800
13.5,13.5,13.3100004196167,13.449999809265137,10.42823600769043,89600
13.40999984741211,13.5,13.270000457763672,13.380000114440918,10.3739652633667,69300
13.300000190734863,13.5,13.279999732971191,13.479999542236328,10.451495170593262,136300
13.5,13.760000228881836,13.4399995803833,13.720000267028809,10.637578010559082,158100
13.850000381469728,14.0,13.720000267028809,13.960000038146973,10.82365608215332,300600
13.529999732971191,13.90999984741211,13.300000190734863,13.640000343322754,10.575550079345703,351000
13.649999618530272,13.710000038146973,13.43000030517578,13.5,10.467004776000977,152600
13.399999618530272,13.539999961853027,13.390000343322754,13.4399995803833,10.420482635498049,107100
14.039999961853027,14.140000343322754,13.579999923706056,13.850000381469728,10.738369941711426,327300
13.9399995803833,13.979999542236328,13.68000030517578,13.84000015258789,10.730615615844728,155400
13.050000190734863,13.170000076293944,13.010000228881836,13.100000381469728,10.156869888305664,1959800
13.149999618530272,13.15999984741211,13.050000190734863,13.09000015258789,10.14911651611328,450000
13.149999618530272,13.170000076293944,13.079999923706056,13.09000015258789,10.14911651611328,283700
13.119999885559082,13.170000076293944,13.039999961853027,13.119999885559082,10.172374725341797,409500
13.149999618530272,13.210000038146973,13.09000015258789,13.15999984741211,10.203388214111328,335700
13.199999809265137,13.199999809265137,13.09000015258789,13.140000343322754,10.187884330749512,263200
13.1899995803833,13.199999809265137,13.050000190734863,13.06999969482422,10.1336088180542,616000
13.039999961853027,13.149999618530272,13.020000457763672,13.130000114440918,10.25598430633545,249600
13.130000114440918,13.140000343322754,13.010000228881836,13.029999732971191,10.17787265777588,338800
13.029999732971191,13.149999618530272,13.029999732971191,13.149999618530272,10.271605491638184,337100
13.149999618530272,13.1899995803833,13.100000381469728,13.130000114440918,10.25598430633545,296900
13.140000343322754,13.149999618530272,13.029999732971191,13.130000114440918,10.25598430633545,192000
13.100000381469728,13.119999885559082,12.949999809265137,13.0,10.154440879821776,253000
13.0,13.279999732971191,12.960000038146973,13.079999923706056,10.216927528381348,799500
13.1899995803833,13.25,12.979999542236328,13.029999732971191,10.17787265777588,283000
13.050000190734863,13.199999809265137,13.020000457763672,13.100000381469728,10.232550621032717,168200
13.210000038146973,13.449999809265137,13.149999618530272,13.3100004196167,10.396583557128906,301200
13.390000343322754,13.399999618530272,13.140000343322754,13.18000030517578,10.295039176940918,226100
13.279999732971191,13.279999732971191,13.050000190734863,13.09000015258789,10.224740982055664,325700
13.130000114440918,13.15999984741211,13.0,13.149999618530272,10.271605491638184,262000
13.199999809265137,13.289999961853027,13.109999656677246,13.270000457763672,10.36534023284912,205100
13.289999961853027,13.380000114440918,13.100000381469728,13.369999885559082,10.44344997406006,247500
13.390000343322754,13.470000267028809,13.260000228881836,13.460000038146973,10.513750076293944,225900
13.460000038146973,13.5,13.270000457763672,13.34000015258789,10.42001724243164,226500
13.390000343322754,13.390000343322754,13.149999618530272,13.369999885559082,10.44344997406006,216800
13.369999885559082,13.9399995803833,13.369999885559082,13.5600004196167,10.591861724853516,658100
13.5,13.520000457763672,12.710000038146973,12.850000381469728,10.037273406982422,1118600
12.8100004196167,12.90999984741211,12.529999732971191,12.800000190734863,9.998215675354004,637100
12.75,12.75,12.369999885559082,12.65999984741211,9.964113235473633,426000
12.729999542236328,12.729999542236328,12.460000038146973,12.649999618530272,9.9562406539917,183000
12.529999732971191,12.68000030517578,12.449999809265137,12.609999656677246,9.924759864807127,186200
12.600000381469728,12.779999732971191,12.520000457763672,12.710000038146973,10.003462791442873,250000
12.729999542236328,12.729999542236328,12.4399995803833,12.479999542236328,9.822442054748535,257500
12.5,12.699999809265137,12.420000076293944,12.68000030517578,9.979853630065918,365800
12.65999984741211,12.779999732971191,12.550000190734863,12.579999923706056,9.901147842407228,175200
12.619999885559082,12.670000076293944,12.31999969482422,12.609999656677246,9.924759864807127,336800
12.600000381469728,12.600000381469728,12.350000381469728,12.40999984741211,9.767349243164062,189800
12.399999618530272,12.5,12.130000114440918,12.130000114440918,9.546974182128906,265200
12.109999656677246,12.260000228881836,11.609999656677246,11.699999809265137,9.208536148071287,607000
11.75,11.850000381469728,11.420000076293944,11.460000038146973,9.019646644592283,334100
11.470000267028809,11.640000343322754,11.25,11.529999732971191,9.074740409851074,296600
11.56999969482422,11.649999618530272,11.420000076293944,11.539999961853027,9.082611083984377,187700
11.539999961853027,11.600000381469728,11.300000190734863,11.350000381469728,8.93307113647461,328200
11.68000030517578,11.869999885559082,11.369999885559082,11.84000015258789,9.31872844696045,408600
11.899999618530272,11.949999809265137,11.699999809265137,11.869999885559082,9.342339515686035,248900
11.880000114440918,12.050000190734863,11.8100004196167,12.0,9.444655418395996,391400
12.039999961853027,12.130000114440918,11.829999923706056,12.06999969482422,9.499749183654783,345200
12.09000015258789,12.270000457763672,12.050000190734863,12.170000076293944,9.578453063964844,360400
12.300000190734863,12.300000190734863,11.760000228881836,12.029999732971191,9.544074058532717,291800
12.270000457763672,12.270000457763672,11.9399995803833,12.130000114440918,9.6234130859375,204800
12.199999809265137,12.300000190734863,12.0,12.039999961853027,9.552009582519531,103600
11.729999542236328,12.100000381469728,11.729999542236328,12.0,9.520275115966797,193300
11.949999809265137,12.079999923706056,11.890000343322754,12.0600004196167,9.567877769470217,128300
12.010000228881836,12.18000030517578,12.0,12.170000076293944,9.655145645141602,98200
12.140000343322754,12.270000457763672,12.09000015258789,12.229999542236328,9.702746391296388,113000
12.25,12.329999923706056,12.1899995803833,12.3100004196167,9.766215324401855,185600
12.34000015258789,12.350000381469728,12.18000030517578,12.220000267028809,9.69481372833252,134000
12.199999809265137,12.31999969482422,12.149999618530272,12.270000457763672,9.734482765197754,157600
12.350000381469728,12.470000267028809,12.100000381469728,12.229999542236328,9.702746391296388,323800
12.260000228881836,12.520000457763672,12.130000114440918,12.520000457763672,9.932820320129396,218600
12.520000457763672,12.6899995803833,12.460000038146973,12.630000114440918,10.02009105682373,233800
12.609999656677246,12.670000076293944,12.460000038146973,12.5600004196167,9.964555740356444,138300
12.579999923706056,12.779999732971191,12.550000190734863,12.720000267028809,10.09149169921875,180600
12.729999542236328,12.739999771118164,12.609999656677246,12.6899995803833,10.0676908493042,116500
12.65999984741211,12.699999809265137,12.56999969482422,12.56999969482422,9.97248649597168,159200
12.630000114440918,12.729999542236328,12.420000076293944,12.510000228881836,9.924887657165527,337300
12.4399995803833,12.670000076293944,12.4399995803833,12.649999618530272,10.035956382751465,258900
12.6899995803833,12.84000015258789,12.56999969482422,12.770000457763672,10.1311616897583,249400
12.81999969482422,12.84000015258789,12.640000343322754,12.760000228881836,10.123226165771484,208500
12.609999656677246,12.739999771118164,12.539999961853027,12.699999809265137,10.152536392211914,164400
12.779999732971191,12.779999732971191,12.420000076293944,12.640000343322754,10.104572296142578,256400
12.649999618530272,12.779999732971191,12.630000114440918,12.699999809265137,10.152536392211914,146400
12.600000381469728,12.81999969482422,12.579999923706056,12.720000267028809,10.168524742126465,231800
12.779999732971191,12.8100004196167,12.65999984741211,12.710000038146973,10.160531997680664,285100
12.670000076293944,12.6899995803833,12.40999984741211,12.460000038146973,9.96067714691162,243700
12.489999771118164,12.630000114440918,12.399999618530272,12.550000190734863,10.03262710571289,224200
12.550000190734863,12.609999656677246,12.460000038146973,12.529999732971191,10.016637802124023,203800
12.550000190734863,12.56999969482422,12.199999809265137,12.199999809265137,9.752829551696776,319400
12.210000038146973,12.31999969482422,11.949999809265137,12.25,9.792800903320312,278000
12.31999969482422,12.350000381469728,12.15999984741211,12.289999961853027,9.82477855682373,221900
12.43000030517578,12.899999618530272,12.399999618530272,12.899999618530272,10.312420845031738,520200
12.869999885559082,12.869999885559082,12.600000381469728,12.68000030517578,10.136549949645996,207000
12.630000114440918,12.859999656677246,12.619999885559082,12.829999923706056,10.25645923614502,165200
12.800000190734863,12.8100004196167,12.600000381469728,12.789999961853027,10.224483489990234,89900
12.770000457763672,12.8100004196167,12.619999885559082,12.65999984741211,10.120562553405762,133600
12.720000267028809,13.0,12.699999809265137,12.989999771118164,10.384364128112791,265900
13.0,13.050000190734863,12.850000381469728,12.989999771118164,10.384364128112791,180200
12.93000030517578,13.100000381469728,12.890000343322754,12.989999771118164,10.384364128112791,215700
13.0,13.06999969482422,12.890000343322754,12.989999771118164,10.384364128112791,208700
13.06999969482422,13.06999969482422,12.81999969482422,12.81999969482422,10.24846649169922,184100
12.81999969482422,12.949999809265137,12.800000190734863,12.899999618530272,10.312420845031738,200400
13.020000457763672,13.020000457763672,12.550000190734863,12.619999885559082,10.164754867553713,259900
12.630000114440918,12.720000267028809,12.510000228881836,12.65999984741211,10.19697380065918,160000
12.65999984741211,12.729999542236328,12.550000190734863,12.630000114440918,10.172809600830078,148500
12.640000343322754,12.670000076293944,12.399999618530272,12.40999984741211,9.995610237121582,180300
12.40999984741211,12.420000076293944,12.06999969482422,12.079999923706056,9.729813575744627,299600
12.100000381469728,12.279999732971191,11.960000038146973,12.199999809265137,9.826464653015137,198300
12.210000038146973,12.609999656677246,12.210000038146973,12.600000381469728,10.148645401000977,155200
12.609999656677246,12.93000030517578,12.56999969482422,12.739999771118164,10.26140594482422,297000
12.739999771118164,12.779999732971191,12.600000381469728,12.779999732971191,10.293624877929688,154800
12.75,12.779999732971191,12.619999885559082,12.6899995803833,10.221136093139648,99500
12.68000030517578,12.800000190734863,12.65999984741211,12.739999771118164,10.26140594482422,80700
12.739999771118164,12.739999771118164,12.579999923706056,12.68000030517578,10.213083267211914,107800
12.670000076293944,12.800000190734863,12.649999618530272,12.800000190734863,10.309734344482422,138500
12.84000015258789,12.960000038146973,12.800000190734863,12.890000343322754,10.382225036621094,142100
12.9399995803833,12.9399995803833,12.75,12.890000343322754,10.382225036621094,79900
12.90999984741211,12.90999984741211,12.760000228881836,12.81999969482422,10.325843811035156,96900
12.789999961853027,12.9399995803833,12.779999732971191,12.920000076293944,10.406389236450195,92200
12.800000190734863,13.170000076293944,12.779999732971191,13.119999885559082,10.567477226257324,299500
13.119999885559082,13.170000076293944,13.050000190734863,13.140000343322754,10.583587646484377,101300
13.109999656677246,13.170000076293944,12.949999809265137,13.029999732971191,10.494988441467283,168600
12.970000267028809,13.130000114440918,12.84000015258789,12.920000076293944,10.484169006347656,144800
12.850000381469728,13.020000457763672,12.779999732971191,12.920000076293944,10.484169006347656,106900
12.899999618530272,13.09000015258789,12.850000381469728,13.079999923706056,10.614004135131836,252300
13.140000343322754,13.260000228881836,12.93000030517578,13.229999542236328,10.735723495483398,186200
13.1899995803833,13.25,12.960000038146973,13.050000190734863,10.589659690856934,149300
13.079999923706056,13.199999809265137,13.020000457763672,13.119999885559082,10.646461486816406,80300
13.119999885559082,13.119999885559082,12.829999923706056,13.079999923706056,10.614004135131836,130200
13.119999885559082,13.119999885559082,12.880000114440918,12.890000343322754,10.45982551574707,74100
12.829999923706056,13.140000343322754,12.829999923706056,13.140000343322754,10.662692070007324,70900
13.170000076293944,13.170000076293944,12.880000114440918,13.0,10.549086570739746,148300
12.949999809265137,12.979999542236328,12.699999809265137,12.720000267028809,10.32187557220459,182100
12.670000076293944,12.789999961853027,12.65999984741211,12.729999542236328,10.32999038696289,114400
12.739999771118164,12.760000228881836,12.460000038146973,12.460000038146973,10.110892295837402,121400
12.800000190734863,12.869999885559082,12.489999771118164,12.68000030517578,10.289417266845703,224800
12.850000381469728,12.989999771118164,12.789999961853027,12.989999771118164,10.540969848632812,154800
13.039999961853027,13.15999984741211,12.9399995803833,13.149999618530272,10.670805931091309,155700
13.119999885559082,13.369999885559082,13.079999923706056,13.260000228881836,10.760066986083984,227700
13.399999618530272,13.489999771118164,13.239999771118164,13.470000267028809,10.930476188659668,301900
13.489999771118164,13.6899995803833,13.449999809265137,13.579999923706056,11.019736289978027,293700
13.600000381469728,13.760000228881836,13.5600004196167,13.6899995803833,11.108999252319336,270000
13.75,13.770000457763672,13.5600004196167,13.56999969482422,11.01162338256836,239100
13.529999732971191,13.529999732971191,13.369999885559082,13.4399995803833,10.984378814697266,237500
13.579999923706056,13.579999923706056,13.329999923706056,13.369999885559082,10.927169799804688,206400
13.40999984741211,13.4399995803833,13.300000190734863,13.300000190734863,10.869958877563477,218900
13.260000228881836,13.539999961853027,13.260000228881836,13.470000267028809,11.008899688720703,128900
13.380000114440918,13.649999618530272,13.380000114440918,13.510000228881836,11.04159164428711,142600
13.40999984741211,13.59000015258789,13.40999984741211,13.529999732971191,11.057936668395996,135200
13.329999923706056,13.5600004196167,13.329999923706056,13.460000038146973,11.000724792480469,140400
13.550000190734863,13.59000015258789,13.40999984741211,13.539999961853027,11.06610870361328,119200
13.529999732971191,13.550000190734863,13.40999984741211,13.5,11.03341579437256,121900
13.539999961853027,13.550000190734863,13.380000114440918,13.550000190734863,11.0742826461792,122100
13.289999961853027,13.289999961853027,10.93000030517578,11.260000228881836,9.20268726348877,2184600
11.010000228881836,11.100000381469728,10.5,10.5600004196167,8.630583763122559,1249200
10.510000228881836,10.649999618530272,9.93000030517578,10.34000015258789,8.450780868530273,890800
10.279999732971191,10.75,10.279999732971191,10.68000030517578,8.728658676147461,525200
10.75,10.899999618530272,10.5,10.6899995803833,8.736832618713379,521100
10.68000030517578,10.770000457763672,10.350000381469728,10.510000228881836,8.589720726013184,534800
10.5,10.920000076293944,10.5,10.829999923706056,8.851252555847168,260200
10.75,10.850000381469728,10.5600004196167,10.579999923706056,8.646927833557129,263000
10.510000228881836,10.600000381469728,10.359999656677246,10.380000114440918,8.483471870422363,241200
10.420000076293944,10.5,10.279999732971191,10.279999732971191,8.40174388885498,215000
10.229999542236328,10.25,10.0,10.100000381469728,8.254631996154785,364900
10.079999923706056,10.369999885559082,10.020000457763672,10.34000015258789,8.450780868530273,205700
10.279999732971191,10.31999969482422,9.949999809265137,10.020000457763672,8.189247131347656,444500
9.869999885559082,10.079999923706056,9.68000030517578,10.029999732971191,8.277274131774902,377700
9.989999771118164,10.31999969482422,9.970000267028809,10.079999923706056,8.318537712097168,194800
10.050000190734863,10.149999618530272,9.90999984741211,10.100000381469728,8.335042953491211,185100
10.18000030517578,10.210000038146973,10.029999732971191,10.09000015258789,8.326790809631348,189300
10.039999961853027,10.199999809265137,10.020000457763672,10.050000190734863,8.293780326843262,118000
10.0,10.18000030517578,9.960000038146973,10.09000015258789,8.326790809631348,125800
10.149999618530272,10.279999732971191,10.039999961853027,10.130000114440918,8.3597993850708,178600
10.199999809265137,10.350000381469728,10.149999618530272,10.31999969482422,8.51659870147705,130700
10.380000114440918,10.520000457763672,10.229999542236328,10.279999732971191,8.483587265014648,342400
10.3100004196167,10.329999923706056,10.119999885559082,10.199999809265137,8.41756820678711,321700
10.25,10.449999809265137,10.18000030517578,10.300000190734863,8.500093460083008,300700
10.279999732971191,10.43000030517578,10.260000228881836,10.260000228881836,8.467082977294922,124700
10.3100004196167,10.59000015258789,10.279999732971191,10.489999771118164,8.656889915466309,380100
10.550000190734863,10.56999969482422,10.390000343322754,10.449999809265137,8.623880386352539,173100
10.539999961853027,10.539999961853027,10.369999885559082,10.399999618530272,8.582618713378906,201900
10.399999618530272,10.460000038146973,10.359999656677246,10.369999885559082,8.55785846710205,242600
10.40999984741211,10.470000267028809,10.25,10.390000343322754,8.57436466217041,294600
10.510000228881836,10.539999961853027,10.390000343322754,10.420000076293944,8.59912395477295,198300
10.399999618530272,10.520000457763672,10.399999618530272,10.479999542236328,8.648635864257812,164100
10.539999961853027,10.59000015258789,10.399999618530272,10.399999618530272,8.582618713378906,229600
10.510000228881836,10.510000228881836,10.359999656677246,10.420000076293944,8.59912395477295,201500
10.329999923706056,10.40999984741211,10.300000190734863,10.359999656677246,8.62966537475586,139800
10.34000015258789,10.449999809265137,10.260000228881836,10.300000190734863,8.579686164855957,459500
10.359999656677246,10.56999969482422,10.359999656677246,10.529999732971191,8.771272659301758,355700
10.5,10.600000381469728,10.449999809265137,10.529999732971191,8.771272659301758,231800
10.449999809265137,10.75,10.449999809265137,10.75,8.954526901245117,254000
10.8100004196167,11.09000015258789,10.760000228881836,11.0600004196167,9.21275234222412,400500
11.119999885559082,11.119999885559082,10.859999656677246,10.989999771118164,9.154443740844728,214400
11.039999961853027,11.119999885559082,10.989999771118164,11.039999961853027,9.196091651916504,196500
11.100000381469728,11.119999885559082,10.920000076293944,11.0600004196167,9.21275234222412,203900
11.149999618530272,11.399999618530272,11.09000015258789,11.369999885559082,9.470974922180176,344700
11.390000343322754,11.399999618530272,11.149999618530272,11.31999969482422,9.42932415008545,193400
11.390000343322754,11.4399995803833,11.289999961853027,11.34000015258789,9.445984840393066,85700
11.43000030517578,11.43000030517578,11.210000038146973,11.289999961853027,9.404336929321287,162800
11.350000381469728,11.479999542236328,11.270000457763672,11.380000114440918,9.479305267333984,198900
11.40999984741211,11.5600004196167,11.3100004196167,11.449999809265137,9.53761386871338,384000
11.479999542236328,11.520000457763672,11.31999969482422,11.460000038146973,9.545943260192873,144100
11.470000267028809,11.579999923706056,11.449999809265137,11.5600004196167,9.62924098968506,231800
11.640000343322754,11.8100004196167,11.4399995803833,11.460000038146973,9.545943260192873,456300
11.529999732971191,11.609999656677246,11.220000267028809,11.5600004196167,9.62924098968506,446500
11.5,11.640000343322754,11.390000343322754,11.59000015258789,9.654230117797852,314700
11.579999923706056,11.670000076293944,11.399999618530272,11.65999984741211,9.712538719177246,324700
11.710000038146973,11.760000228881836,11.630000114440918,11.720000267028809,9.762516021728516,227200
11.550000190734863,11.649999618530272,11.510000228881836,11.579999923706056,9.726120948791504,221700
11.600000381469728,11.619999885559082,11.420000076293944,11.449999809265137,9.616931915283203,320000
11.529999732971191,11.529999732971191,11.40999984741211,11.449999809265137,9.616931915283203,196800
11.399999618530272,11.56999969482422,11.279999732971191,11.489999771118164,9.650530815124512,150100
11.5,11.5,11.3100004196167,11.420000076293944,9.591736793518066,277300
11.449999809265137,11.449999809265137,11.260000228881836,11.289999961853027,9.482548713684082,277400
11.350000381469728,11.350000381469728,11.010000228881836,11.239999771118164,9.440552711486816,348300
11.31999969482422,11.420000076293944,11.1899995803833,11.329999923706056,9.51614475250244,188200
11.390000343322754,11.390000343322754,10.699999809265137,10.970000267028809,9.213777542114258,379400
11.050000190734863,11.260000228881836,10.989999771118164,11.1899995803833,9.398555755615234,200500
11.239999771118164,11.6899995803833,11.0,11.109999656677246,9.331365585327148,391300
11.18000030517578,11.289999961853027,11.020000457763672,11.289999961853027,9.482548713684082,253300
11.300000190734863,11.670000076293944,11.260000228881836,11.600000381469728,9.742919921875,282400
11.59000015258789,11.75,11.520000457763672,11.649999618530272,9.784913063049316,188800
11.6899995803833,11.6899995803833,11.520000457763672,11.65999984741211,9.79331398010254,119200
11.640000343322754,11.640000343322754,11.449999809265137,11.520000457763672,9.675726890563965,179200
11.5,11.510000228881836,11.220000267028809,11.270000457763672,9.465750694274902,198400
11.270000457763672,11.479999542236328,11.25,11.43000030517578,9.60013484954834,156000
11.369999885559082,11.489999771118164,11.34000015258789,11.34000015258789,9.524543762207031,121000
11.329999923706056,11.449999809265137,11.289999961853027,11.449999809265137,9.616931915283203,166800
11.489999771118164,11.65999984741211,11.449999809265137,11.59000015258789,9.734519004821776,177000
11.470000267028809,11.529999732971191,11.399999618530272,11.460000038146973,9.706287384033203,162800
11.470000267028809,11.529999732971191,11.239999771118164,11.5,9.740166664123535,111200
11.399999618530272,11.5,11.220000267028809,11.270000457763672,9.545364379882812,154700
11.31999969482422,11.380000114440918,11.229999542236328,11.300000190734863,9.570772171020508,163400
11.270000457763672,11.420000076293944,11.270000457763672,11.359999656677246,9.621591567993164,105400
11.369999885559082,11.449999809265137,11.199999809265137,11.279999732971191,9.553833961486816,148700
11.289999961853027,11.4399995803833,11.0600004196167,11.210000038146973,9.494544982910156,169500
11.260000228881836,11.3100004196167,11.109999656677246,11.210000038146973,9.494544982910156,106700
11.229999542236328,11.229999542236328,11.0600004196167,11.09000015258789,9.392909049987791,123800
11.0600004196167,11.15999984741211,10.93000030517578,11.020000457763672,9.33362102508545,191800
11.06999969482422,11.25,11.0,11.050000190734863,9.35902976989746,174500
11.100000381469728,11.130000114440918,10.970000267028809,10.989999771118164,9.308210372924805,110000
11.029999732971191,11.06999969482422,10.890000343322754,10.899999618530272,9.231982231140137,140000
10.789999961853027,10.859999656677246,10.170000076293944,10.449999809265137,8.850847244262695,539300
10.4399995803833,10.449999809265137,10.1899995803833,10.1899995803833,8.630634307861328,405100
10.239999771118164,10.260000228881836,10.119999885559082,10.18000030517578,8.622164726257324,289500
10.199999809265137,10.5,10.1899995803833,10.220000267028809,8.65604305267334,253200
10.199999809265137,10.59000015258789,10.199999809265137,10.260000228881836,8.689924240112305,279300
10.329999923706056,10.380000114440918,10.029999732971191,10.06999969482422,8.528998374938965,300900
10.149999618530272,10.229999542236328,10.079999923706056,10.100000381469728,8.554407119750977,237600
9.670000076293944,10.470000267028809,9.670000076293944,10.270000457763672,8.782451629638672,677200
10.399999618530272,10.399999618530272,10.029999732971191,10.050000190734863,8.594316482543945,334500
10.0,10.300000190734863,9.960000038146973,10.029999732971191,8.5772123336792,369100
9.989999771118164,10.239999771118164,9.989999771118164,10.149999618530272,8.679830551147461,307300
10.0600004196167,10.43000030517578,10.0600004196167,10.31999969482422,8.825206756591797,279900
10.260000228881836,10.34000015258789,10.100000381469728,10.109999656677246,8.645623207092285,286800
10.149999618530272,10.1899995803833,10.010000228881836,10.079999923706056,8.619970321655273,216400
10.119999885559082,10.18000030517578,9.93000030517578,10.020000457763672,8.568660736083984,309300
10.010000228881836,10.100000381469728,9.829999923706056,10.010000228881836,8.56010913848877,347000
10.020000457763672,10.09000015258789,9.949999809265137,9.970000267028809,8.52590274810791,172900
9.970000267028809,10.0,9.65999984741211,9.899999618530272,8.466042518615723,315500
9.949999809265137,9.960000038146973,9.15999984741211,9.510000228881836,8.132532119750977,567100
9.5,9.5,9.15999984741211,9.239999771118164,7.901637554168701,727400
9.229999542236328,9.420000076293944,9.100000381469728,9.40999984741211,8.047016143798828,637100
9.399999618530272,9.449999809265137,9.210000038146973,9.3100004196167,7.961501121520996,397000
9.380000114440918,9.390000343322754,9.149999618530272,9.149999618530272,7.824674129486084,306300
9.140000343322754,9.1899995803833,8.979999542236328,9.119999885559082,7.799020290374756,347800
9.0600004196167,9.149999618530272,8.949999809265137,9.050000190734863,7.739161014556885,290400
9.010000228881836,9.34000015258789,8.970000267028809,9.1899995803833,7.858880043029785,327500
9.1899995803833,9.279999732971191,9.100000381469728,9.220000267028809,7.8845367431640625,241100
9.210000038146973,9.260000228881836,9.079999923706056,9.18000030517578,7.850329399108887,275300
9.220000267028809,9.220000267028809,9.0,9.050000190734863,7.739161014556885,184800
9.039999961853027,9.100000381469728,8.859999656677246,9.0,7.696401119232178,365600
9.0,9.020000457763672,8.670000076293945,8.739999771118164,7.474061965942383,369300
8.720000267028809,8.729999542236328,8.210000038146973,8.260000228881836,7.063586235046387,701100
8.220000267028809,8.279999732971191,7.960000038146973,8.039999961853027,6.875452518463135,416900
7.980000019073486,8.40999984741211,7.960000038146973,8.380000114440918,7.166205883026123,592900
8.359999656677246,8.359999656677246,7.96999979019165,8.0,6.841245651245117,630400
7.960000038146973,8.050000190734863,7.809999942779541,7.960000038146973,6.807039737701416,433600
7.900000095367432,7.960000038146973,7.5,7.53000020980835,6.4393229484558105,400300
7.320000171661377,7.650000095367432,7.25,7.460000038146973,6.379461765289307,796800
7.460000038146973,7.710000038146973,7.409999847412109,7.46999979019165,6.3880133628845215,361800
7.5,7.53000020980835,7.21999979019165,7.239999771118164,6.191327095031738,726700
7.25,7.400000095367432,7.119999885559082,7.329999923706055,6.268290996551514,454100
7.349999904632568,7.380000114440918,7.019999980926514,7.360000133514404,6.293946743011475,535400
7.340000152587891,7.409999847412109,7.159999847412109,7.389999866485596,6.319601058959961,327000
7.519999980926514,7.690000057220459,7.349999904632568,7.46999979019165,6.3880133628845215,421200
7.550000190734863,7.96999979019165,7.170000076293945,7.869999885559082,6.730075359344482,685900
7.849999904632568,8.050000190734863,7.820000171661377,7.900000095367432,6.755730628967285,579100
7.909999847412109,8.5,7.829999923706055,8.020000457763672,6.858349323272705,775800
8.149999618530273,8.220000267028809,7.610000133514404,7.610000133514404,6.507735252380371,560800
7.610000133514404,7.840000152587891,7.519999980926514,7.639999866485596,6.533389568328857,274400
7.650000095367432,7.840000152587891,7.510000228881836,7.739999771118164,6.618905067443848,287900
7.699999809265137,7.760000228881836,7.559999942779541,7.610000133514404,6.507735252380371,245900
7.639999866485596,7.78000020980835,7.5,7.510000228881836,6.4222187995910645,266600
7.53000020980835,7.619999885559082,7.5,7.53000020980835,6.4393229484558105,408100
7.510000228881836,8.020000457763672,7.46999979019165,7.829999923706055,6.695869445800781,361100
7.78000020980835,8.119999885559082,7.670000076293945,8.050000190734863,6.884004592895508,296700
7.940000057220459,8.149999618530273,7.800000190734863,7.820000171661377,6.687318325042725,271400
7.800000190734863,8.130000114440918,7.739999771118164,8.109999656677246,6.935312271118164,264600
7.960000038146973,8.1899995803833,7.960000038146973,8.100000381469727,6.926761627197266,124300
7.989999771118164,8.1899995803833,7.960000038146973,8.149999618530273,6.969519138336182,191700
8.180000305175781,8.239999771118164,8.029999732971191,8.239999771118164,7.046483993530273,103200
8.260000228881836,8.390000343322754,8.149999618530273,8.390000343322754,7.174757480621338,287200
8.4399995803833,8.489999771118164,8.319999694824219,8.4399995803833,7.217513561248779,154900
8.489999771118164,8.569999694824219,8.380000114440918,8.420000076293945,7.200411319732666,189100
8.470000267028809,8.470000267028809,8.319999694824219,8.390000343322754,7.174757480621338,182800
8.359999656677246,8.600000381469727,8.229999542236328,8.579999923706055,7.33723783493042,235200
8.539999961853027,8.539999961853027,8.270000457763672,8.489999771118164,7.260272026062012,132000
8.460000038146973,8.5,8.229999542236328,8.359999656677246,7.149101734161377,172700
8.329999923706055,8.40999984741211,8.25,8.329999923706055,7.123446941375732,145300
8.119999885559082,8.239999771118164,8.109999656677246,8.210000038146973,7.1605143547058105,215000
8.140000343322754,8.199999809265137,8.050000190734863,8.180000305175781,7.134350299835205,239700
8.239999771118164,8.279999732971191,8.119999885559082,8.220000267028809,7.169236660003662,322800
8.180000305175781,8.350000381469727,8.069999694824219,8.25,7.195402145385742,223500
8.25,8.489999771118164,8.25,8.489999771118164,7.404721736907959,430800
8.5,8.550000190734863,8.34000015258789,8.5,7.413444519042969,193800
8.40999984741211,8.489999771118164,8.329999923706055,8.420000076293945,7.34367036819458,166300
8.350000381469727,8.470000267028809,8.34000015258789,8.449999809265137,7.369835376739502,261700
8.380000114440918,8.640000343322754,8.380000114440918,8.569999694824219,7.474495887756348,265100
8.630000114440918,8.680000305175781,8.390000343322754,8.670000076293945,7.561712741851807,182900
8.670000076293945,8.770000457763672,8.640000343322754,8.739999771118164,7.62276554107666,210800
8.75,8.800000190734863,8.619999885559082,8.680000305175781,7.570434093475342,149900
8.739999771118164,8.739999771118164,8.600000381469727,8.649999618530273,7.544268608093262,155500
8.640000343322754,8.899999618530273,8.600000381469727,8.729999542236328,7.614043235778809,165300
8.710000038146973,8.710000038146973,8.449999809265137,8.640000343322754,7.535546779632568,153100
8.600000381469727,8.829999923706055,8.59000015258789,8.720000267028809,7.605322360992432,194000
8.680000305175781,8.800000190734863,8.630000114440918,8.720000267028809,7.605322360992432,154400
8.789999961853027,8.920000076293945,8.699999809265137,8.800000190734863,7.675094127655029,170300
8.75,8.859999656677246,8.609999656677246,8.739999771118164,7.62276554107666,257000
8.710000038146973,8.770000457763672,8.59000015258789,8.760000228881836,7.640209197998047,220600
8.710000038146973,8.720000267028809,8.569999694824219,8.699999809265137,7.587879180908203,165100
8.729999542236328,8.75,8.510000228881836,8.640000343322754,7.535546779632568,107200
8.579999923706055,8.720000267028809,8.510000228881836,8.600000381469727,7.500660896301269,228000
8.609999656677246,8.699999809265137,8.470000267028809,8.609999656677246,7.509382247924805,173800
8.670000076293945,8.859999656677246,8.670000076293945,8.770000457763672,7.648930072784424,115000
8.8100004196167,9.050000190734863,8.779999732971191,9.010000228881836,7.858250141143799,130600
9.020000457763672,9.109999656677246,8.949999809265137,8.989999771118164,7.840805530548096,103200
9.029999732971191,9.029999732971191,8.770000457763672,8.920000076293945,7.779756546020508,168600
8.920000076293945,9.0,8.770000457763672,8.949999809265137,7.805920600891113,93300
8.949999809265137,9.0,8.899999618530273,8.979999542236328,7.83208417892456,82600
8.9399995803833,9.229999542236328,8.9399995803833,9.18000030517578,8.006519317626953,139700
9.229999542236328,9.279999732971191,9.0,9.140000343322754,7.971633434295654,143500
9.0,9.369999885559082,9.0,9.220000267028809,8.041406631469727,311900
9.270000457763672,9.43000030517578,9.210000038146973,9.31999969482422,8.128623962402344,260100
9.31999969482422,9.369999885559082,8.779999732971191,8.859999656677246,7.727425098419189,276100
8.8100004196167,9.079999923706056,8.8100004196167,9.0600004196167,7.901860237121582,232300
8.989999771118164,9.100000381469728,8.960000038146973,9.0600004196167,7.901860237121582,178400
9.010000228881836,9.029999732971191,8.789999961853027,8.869999885559082,7.736147403717041,271700
8.84000015258789,8.859999656677246,8.720000267028809,8.829999923706055,7.701260566711426,163200
8.850000381469727,8.869999885559082,8.670000076293945,8.779999732971191,7.657650470733643,164500
8.819999694824219,8.880000114440918,8.720000267028809,8.84000015258789,7.709981441497803,110300
8.869999885559082,8.970000267028809,8.720000267028809,8.960000038146973,7.814642429351807,176900
8.949999809265137,9.119999885559082,8.859999656677246,8.949999809265137,7.805920600891113,117900
8.9399995803833,9.1899995803833,8.9399995803833,9.170000076293944,7.997796058654785,128600
9.100000381469728,9.130000114440918,8.819999694824219,8.869999885559082,7.736147403717041,136200
8.930000305175781,8.930000305175781,8.800000190734863,8.859999656677246,7.727425098419189,119700
8.800000190734863,8.949999809265137,8.670000076293945,8.75,7.631485939025879,101600
8.699999809265137,8.949999809265137,8.699999809265137,8.819999694824219,7.692536354064941,142800
8.859999656677246,9.020000457763672,8.859999656677246,8.880000114440918,7.744869232177734,113700
8.930000305175781,8.970000267028809,8.779999732971191,8.960000038146973,7.814642429351807,152700
8.960000038146973,9.050000190734863,8.9399995803833,8.970000267028809,7.823362350463867,146700
8.970000267028809,9.039999961853027,8.829999923706055,8.960000038146973,7.814642429351807,105900
8.960000038146973,8.960000038146973,8.779999732971191,8.899999618530273,7.762312412261963,109800
8.84000015258789,8.989999771118164,8.829999923706055,8.960000038146973,7.814642429351807,67700
8.90999984741211,9.229999542236328,8.90999984741211,9.039999961853027,7.884415626525879,137600
9.039999961853027,9.109999656677246,9.010000228881836,9.06999969482422,7.910581111907959,107400
9.029999732971191,9.220000267028809,9.020000457763672,9.140000343322754,7.971633434295654,171500
9.140000343322754,9.170000076293944,8.899999618530273,9.0,7.849528789520264,152100
9.0,9.100000381469728,8.960000038146973,9.079999923706056,7.919302463531494,83200
9.140000343322754,9.149999618530272,9.06999969482422,9.109999656677246,7.945467948913574,198500
9.100000381469728,9.119999885559082,8.859999656677246,9.119999885559082,7.954189300537109,147900
9.0600004196167,9.140000343322754,9.010000228881836,9.039999961853027,7.884415626525879,116800
9.039999961853027,9.130000114440918,9.010000228881836,9.100000381469728,7.9367475509643555,115300
9.079999923706056,9.1899995803833,8.930000305175781,9.130000114440918,7.962911605834961,231100
8.960000038146973,9.079999923706056,8.760000228881836,8.960000038146973,7.956251621246338,324600
8.920000076293945,8.9399995803833,8.789999961853027,8.920000076293945,7.920733451843262,123400
8.880000114440918,8.930000305175781,8.789999961853027,8.84000015258789,7.84969425201416,81000
8.850000381469727,8.850000381469727,8.75,8.8100004196167,7.823055267333984,93800
8.800000190734863,8.880000114440918,8.800000190734863,8.880000114440918,7.885214328765869,104100
8.880000114440918,8.930000305175781,8.75,8.920000076293945,7.920733451843262,252100
8.9399995803833,8.949999809265137,8.75,8.930000305175781,7.929612159729004,110500
8.84000015258789,9.0,8.84000015258789,8.989999771118164,7.982889175415039,44800
8.989999771118164,9.140000343322754,8.880000114440918,9.140000343322754,8.116087913513184,246900
9.109999656677246,9.270000457763672,9.0600004196167,9.109999656677246,8.089447975158691,83100
9.149999618530272,9.15999984741211,8.930000305175781,9.010000228881836,8.000649452209473,108300
9.020000457763672,9.100000381469728,8.960000038146973,8.970000267028809,7.965129375457764,110600
8.949999809265137,9.0,8.930000305175781,8.949999809265137,7.947371959686279,88900
9.079999923706056,9.199999809265137,8.979999542236328,9.050000190734863,8.03617000579834,175600
9.029999732971191,9.1899995803833,9.029999732971191,9.079999923706056,8.062808990478516,89800
9.100000381469728,9.130000114440918,9.039999961853027,9.109999656677246,8.089447975158691,84900
9.100000381469728,9.149999618530272,8.960000038146973,9.029999732971191,8.01840877532959,151300
8.989999771118164,9.050000190734863,8.979999542236328,9.020000457763672,8.009529113769531,88600
9.0,9.1899995803833,8.989999771118164,9.109999656677246,8.089447975158691,163200
9.079999923706056,9.119999885559082,9.029999732971191,9.039999961853027,8.027289390563965,110900
9.130000114440918,9.170000076293944,9.020000457763672,9.15999984741211,8.133845329284668,103600
9.1899995803833,9.1899995803833,9.079999923706056,9.130000114440918,8.107207298278809,92200
9.130000114440918,9.199999809265137,9.109999656677246,9.149999618530272,8.12496566772461,53800
9.15999984741211,9.220000267028809,9.09000015258789,9.149999618530272,8.12496566772461,148400
9.149999618530272,9.149999618530272,9.020000457763672,9.020000457763672,8.009529113769531,143200
9.020000457763672,9.079999923706056,8.960000038146973,9.020000457763672,8.009529113769531,102100
9.029999732971191,9.270000457763672,9.029999732971191,9.170000076293944,8.142724990844727,122000
9.18000030517578,9.18000030517578,9.020000457763672,9.130000114440918,8.107207298278809,106400
9.18000030517578,9.1899995803833,9.010000228881836,9.100000381469728,8.08056926727295,99600
9.06999969482422,9.140000343322754,9.029999732971191,9.140000343322754,8.116087913513184,64300
9.149999618530272,9.170000076293944,9.010000228881836,9.09000015258789,8.071688652038574,73400
9.199999809265137,9.449999809265137,9.0,9.390000343322754,8.338080406188965,353300
9.449999809265137,9.59000015258789,9.359999656677246,9.489999771118164,8.426877975463867,156300
9.460000038146973,9.5600004196167,9.399999618530272,9.43000030517578,8.3735990524292,170400
9.420000076293944,9.510000228881836,9.239999771118164,9.470000267028809,8.40911865234375,79400
9.470000267028809,9.649999618530272,9.470000267028809,9.640000343322754,8.560073852539062,190400
9.640000343322754,9.8100004196167,9.609999656677246,9.699999809265137,8.61335277557373,110200
9.760000228881836,9.789999961853027,9.579999923706056,9.609999656677246,8.533434867858887,76300
9.619999885559082,9.710000038146973,9.5600004196167,9.710000038146973,8.622232437133789,64700
9.609999656677246,9.9399995803833,9.609999656677246,9.779999732971191,8.684391021728516,129700
9.739999771118164,9.9399995803833,9.739999771118164,9.779999732971191,8.684391021728516,79700
9.8100004196167,9.890000343322754,9.75,9.81999969482422,8.719908714294434,167600
9.789999961853027,9.859999656677246,9.779999732971191,9.789999961853027,8.693269729614258,118700
9.8100004196167,9.960000038146973,9.75,9.800000190734863,8.702149391174316,175500
9.93000030517578,9.970000267028809,9.829999923706056,9.920000076293944,8.808708190917969,77300
9.90999984741211,9.90999984741211,9.779999732971191,9.8100004196167,8.711029052734375,102100
9.789999961853027,9.869999885559082,9.770000457763672,9.84000015258789,8.737668991088867,90100
9.800000190734863,9.899999618530272,9.789999961853027,9.84000015258789,8.737668991088867,95800
9.779999732971191,9.880000114440918,9.779999732971191,9.829999923706056,8.728790283203125,109700
9.729999542236328,9.920000076293944,9.729999542236328,9.890000343322754,8.78206729888916,111600
9.880000114440918,9.890000343322754,9.729999542236328,9.800000190734863,8.702149391174316,93600
9.880000114440918,9.880000114440918,9.770000457763672,9.859999656677246,8.755427360534668,120800
9.9399995803833,9.949999809265137,9.760000228881836,9.81999969482422,8.719908714294434,72000
9.770000457763672,9.890000343322754,9.699999809265137,9.850000381469728,8.746549606323242,79300
9.899999618530272,9.960000038146973,9.850000381469728,9.960000038146973,8.844225883483887,63100
9.93000030517578,9.960000038146973,9.880000114440918,9.9399995803833,8.82646656036377,81000
9.949999809265137,9.989999771118164,9.93000030517578,9.970000267028809,8.853105545043945,48000
10.0,10.079999923706056,9.880000114440918,9.90999984741211,8.799827575683594,99300
9.829999923706056,9.93000030517578,9.710000038146973,9.899999618530272,8.790946960449219,72700
9.859999656677246,9.989999771118164,9.84000015258789,9.970000267028809,8.853105545043945,92500
9.989999771118164,9.989999771118164,9.859999656677246,9.920000076293944,8.808708190917969,55500
9.920000076293944,9.970000267028809,9.779999732971191,9.859999656677246,8.755427360534668,87100
9.859999656677246,9.859999656677246,9.720000267028809,9.829999923706056,8.728790283203125,124500
9.81999969482422,10.0600004196167,9.779999732971191,10.0600004196167,8.933023452758789,283700
9.899999618530272,9.9399995803833,9.84000015258789,9.880000114440918,8.917227745056152,89000
9.869999885559082,10.0,9.869999885559082,9.899999618530272,8.935279846191406,137200
9.850000381469728,9.890000343322754,9.56999969482422,9.640000343322754,8.700615882873535,108800
9.630000114440918,9.729999542236328,9.630000114440918,9.68000030517578,8.73671817779541,138500
9.6899995803833,9.81999969482422,9.6899995803833,9.800000190734863,8.845024108886719,111400
9.8100004196167,9.8100004196167,9.5,9.699999809265137,8.754769325256348,116800
9.68000030517578,9.739999771118164,9.600000381469728,9.68000030517578,8.73671817779541,129700
9.739999771118164,9.779999732971191,9.600000381469728,9.630000114440918,8.691591262817383,205900
9.600000381469728,9.609999656677246,9.359999656677246,9.369999885559082,8.456925392150879,119600
9.399999618530272,9.479999542236328,9.279999732971191,9.359999656677246,8.44789981842041,95400
9.359999656677246,9.649999618530272,9.31999969482422,9.460000038146973,8.538155555725098,199700
9.43000030517578,9.640000343322754,9.43000030517578,9.520000457763672,8.592310905456543,95500
9.489999771118164,9.5600004196167,9.3100004196167,9.3100004196167,8.4027738571167,143400
9.220000267028809,9.369999885559082,8.979999542236328,9.010000228881836,8.132006645202637,89900
9.06999969482422,9.06999969482422,8.760000228881836,8.770000457763672,7.9153947830200195,236100
8.779999732971191,8.869999885559082,8.59000015258789,8.619999885559082,7.78001070022583,144900
8.569999694824219,9.029999732971191,8.539999961853027,8.989999771118164,8.113954544067383,160900
8.960000038146973,8.960000038146973,8.850000381469727,8.890000343322754,8.023702621459961,114200
8.899999618530273,8.989999771118164,8.850000381469727,8.90999984741211,8.041751861572266,65200
8.890000343322754,8.989999771118164,8.869999885559082,8.90999984741211,8.041751861572266,92400
8.869999885559082,9.010000228881836,8.869999885559082,8.920000076293945,8.05077838897705,64900
8.869999885559082,9.09000015258789,8.869999885559082,9.09000015258789,8.204212188720703,71000
9.0600004196167,9.170000076293944,9.039999961853027,9.079999923706056,8.195186614990234,91200
9.119999885559082,9.130000114440918,9.010000228881836,9.06999969482422,8.186161041259766,90900
9.010000228881836,9.119999885559082,8.949999809265137,9.06999969482422,8.186161041259766,118700
9.09000015258789,9.369999885559082,9.0600004196167,9.369999885559082,8.456925392150879,64500
9.329999923706056,9.770000457763672,9.329999923706056,9.539999961853027,8.610360145568848,240900
9.510000228881836,9.649999618530272,9.260000228881836,9.470000267028809,8.547182083129883,146100
9.460000038146973,9.550000190734863,9.279999732971191,9.34000015258789,8.429849624633789,141900
9.5600004196167,9.5600004196167,9.0,9.079999923706056,8.195186614990234,119500
8.960000038146973,9.220000267028809,8.960000038146973,9.020000457763672,8.141032218933105,141500
8.989999771118164,9.239999771118164,8.989999771118164,9.130000114440918,8.240313529968262,93900
8.970000267028809,9.1899995803833,8.970000267028809,9.149999618530272,8.258363723754883,128400
9.15999984741211,9.380000114440918,9.100000381469728,9.359999656677246,8.44789981842041,51300
9.329999923706056,9.460000038146973,9.010000228881836,9.140000343322754,8.249340057373047,157200
9.279999732971191,9.4399995803833,9.199999809265137,9.390000343322754,8.474977493286133,92400
9.390000343322754,9.470000267028809,9.15999984741211,9.31999969482422,8.411799430847168,114100
9.479999542236328,9.479999542236328,9.109999656677246,9.149999618530272,8.258363723754883,104700
9.079999923706056,9.18000030517578,8.859999656677246,9.010000228881836,8.132006645202637,101100
9.0,9.0,8.800000190734863,8.930000305175781,8.059803009033203,77400
8.90999984741211,8.979999542236328,8.289999961853027,8.34000015258789,7.527296543121338,143800
8.260000228881836,8.65999984741211,8.1899995803833,8.600000381469727,7.761960029602051,191600
8.6899995803833,8.970000267028809,8.640000343322754,8.960000038146973,8.08687973022461,101700
8.949999809265137,9.050000190734863,8.859999656677246,9.020000457763672,8.141032218933105,27500
9.140000343322754,9.140000343322754,8.789999961853027,8.899999618530273,8.032726287841797,112300
8.819999694824219,9.039999961853027,8.819999694824219,9.020000457763672,8.141032218933105,71000
8.979999542236328,9.1899995803833,8.970000267028809,9.109999656677246,8.22226333618164,89700
9.119999885559082,9.119999885559082,9.0,9.09000015258789,8.204212188720703,73900
9.06999969482422,9.130000114440918,8.979999542236328,9.100000381469728,8.213238716125488,94100
9.130000114440918,9.34000015258789,8.949999809265137,9.329999923706056,8.420825004577637,243000
9.270000457763672,9.729999542236328,9.260000228881836,9.329999923706056,8.420825004577637,203600
9.130000114440918,9.779999732971191,9.010000228881836,9.760000228881836,8.80892276763916,142300
9.720000267028809,9.800000190734863,9.479999542236328,9.5600004196167,8.628412246704102,153700
9.600000381469728,9.609999656677246,9.31999969482422,9.460000038146973,8.538155555725098,248300
9.510000228881836,9.579999923706056,9.329999923706056,9.40999984741211,8.493029594421387,161600
9.5600004196167,9.5600004196167,9.31999969482422,9.34000015258789,8.429849624633789,210300
9.3100004196167,9.630000114440918,9.3100004196167,9.609999656677246,8.673539161682129,142700
9.579999923706056,9.68000030517578,9.479999542236328,9.630000114440918,8.691591262817383,135400
9.68000030517578,9.960000038146973,9.670000076293944,9.720000267028809,8.772820472717285,627500
9.850000381469728,10.050000190734863,9.75,9.859999656677246,8.899176597595215,375800
9.859999656677246,9.970000267028809,9.710000038146973,9.770000457763672,8.817948341369629,247400
9.829999923706056,9.869999885559082,9.600000381469728,9.739999771118164,8.790871620178223,292900
9.56999969482422,10.359999656677246,9.5,9.8100004196167,9.00427532196045,1751000
9.800000190734863,9.829999923706056,9.279999732971191,9.359999656677246,8.591235160827637,161600
9.270000457763672,9.40999984741211,8.960000038146973,9.239999771118164,8.48108959197998,301700
9.229999542236328,9.229999542236328,8.619999885559082,8.859999656677246,8.132301330566406,437600
8.9399995803833,9.220000267028809,8.9399995803833,8.979999542236328,8.242444038391113,352500
9.100000381469728,9.130000114440918,8.9399995803833,9.020000457763672,8.27916145324707,307100
8.869999885559082,9.220000267028809,8.770000457763672,9.170000076293944,8.416839599609375,273000
9.170000076293944,9.699999809265137,9.170000076293944,9.539999961853027,8.756451606750488,257400
9.68000030517578,9.970000267028809,9.649999618530272,9.890000343322754,9.07770538330078,371100
9.90999984741211,10.140000343322754,9.84000015258789,9.920000076293944,9.10524082183838,347200
9.9399995803833,10.260000228881836,9.9399995803833,10.199999809265137,9.362241744995115,258400
10.15999984741211,10.239999771118164,9.949999809265137,10.140000343322754,9.307172775268556,158300
10.09000015258789,10.390000343322754,10.09000015258789,10.300000190734863,9.45403003692627,184600
10.3100004196167,10.399999618530272,10.130000114440918,10.199999809265137,9.362241744995115,128000
10.15999984741211,10.270000457763672,9.989999771118164,10.020000457763672,9.197028160095217,90900
10.029999732971191,10.199999809265137,10.0,10.109999656677246,9.279634475708008,92700
10.0600004196167,10.369999885559082,10.0600004196167,10.1899995803833,9.353063583374023,158900
10.1899995803833,10.619999885559082,10.1899995803833,10.479999542236328,9.619245529174805,219400
10.510000228881836,10.600000381469728,10.149999618530272,10.399999618530272,9.545816421508787,162600
10.399999618530272,10.670000076293944,10.3100004196167,10.65999984741211,9.784462928771973,174600
10.739999771118164,10.739999771118164,10.390000343322754,10.4399995803833,9.582531929016112,102600
10.43000030517578,10.59000015258789,10.380000114440918,10.489999771118164,9.628424644470217,85900
10.380000114440918,10.470000267028809,10.050000190734863,10.279999732971191,9.43567180633545,191100
10.25,10.43000030517578,10.1899995803833,10.270000457763672,9.426493644714355,131700
10.350000381469728,10.399999618530272,10.220000267028809,10.279999732971191,9.43567180633545,56800
10.300000190734863,10.59000015258789,10.300000190734863,10.470000267028809,9.610067367553713,116500
10.460000038146973,10.550000190734863,10.34000015258789,10.380000114440918,9.527459144592283,126700
10.4399995803833,10.529999732971191,10.149999618530272,10.239999771118164,9.398958206176758,72000
10.239999771118164,10.31999969482422,10.09000015258789,10.199999809265137,9.362241744995115,82300
10.300000190734863,10.359999656677246,10.079999923706056,10.25,9.408137321472168,120800
10.289999961853027,10.31999969482422,10.130000114440918,10.199999809265137,9.362241744995115,109800
10.100000381469728,10.279999732971191,10.010000228881836,10.119999885559082,9.288812637329102,130000
10.149999618530272,10.210000038146973,10.050000190734863,10.09000015258789,9.261277198791504,71200
10.029999732971191,10.229999542236328,10.029999732971191,10.100000381469728,9.27045726776123,132600
10.100000381469728,10.329999923706056,10.029999732971191,10.329999923706056,9.481566429138184,176400
10.390000343322754,10.619999885559082,10.3100004196167,10.579999923706056,9.711033821105955,174100
10.460000038146973,11.239999771118164,10.279999732971191,10.5,9.637603759765623,235100
10.43000030517578,10.670000076293944,10.300000190734863,10.43000030517578,9.573352813720703,161900
10.390000343322754,10.600000381469728,10.390000343322754,10.479999542236328,9.619245529174805,180300
10.520000457763672,10.75,10.420000076293944,10.699999809265137,9.821175575256348,179000
10.739999771118164,10.739999771118164,10.550000190734863,10.600000381469728,9.72939109802246,105700
10.539999961853027,10.81999969482422,10.539999961853027,10.65999984741211,9.784462928771973,96700
10.600000381469728,10.779999732971191,10.5600004196167,10.720000267028809,9.839533805847168,128800
10.630000114440918,10.75,10.510000228881836,10.640000343322754,9.766104698181152,84600
10.649999618530272,10.649999618530272,10.25,10.399999618530272,9.545816421508787,129600
10.420000076293944,10.720000267028809,10.390000343322754,10.600000381469728,9.72939109802246,103400
10.56999969482422,10.699999809265137,10.390000343322754,10.619999885559082,9.747746467590332,128100
10.649999618530272,10.68000030517578,10.5,10.59000015258789,9.720211029052734,94400
10.600000381469728,10.84000015258789,10.600000381469728,10.699999809265137,9.821175575256348,129400
10.619999885559082,10.770000457763672,10.5600004196167,10.65999984741211,9.784462928771973,100500
10.609999656677246,10.739999771118164,10.359999656677246,10.369999885559082,9.518280982971191,140700
10.369999885559082,10.670000076293944,10.369999885559082,10.600000381469728,9.72939109802246,88600
10.640000343322754,10.890000343322754,10.640000343322754,10.8100004196167,9.922142028808594,195500
10.739999771118164,10.890000343322754,10.720000267028809,10.720000267028809,9.839533805847168,92700
10.739999771118164,10.949999809265137,10.739999771118164,10.829999923706056,9.940500259399414,196400
10.81999969482422,10.90999984741211,10.699999809265137,10.760000228881836,9.876249313354492,188700
10.75,10.84000015258789,10.529999732971191,10.550000190734863,9.683496475219728,689000
10.479999542236328,10.84000015258789,10.479999542236328,10.720000267028809,9.839533805847168,214500
10.850000381469728,10.949999809265137,10.739999771118164,10.789999961853027,9.90378475189209,248800
10.850000381469728,10.93000030517578,10.649999618530272,10.760000228881836,9.876249313354492,172200
10.789999961853027,10.949999809265137,10.710000038146973,10.779999732971191,9.894604682922363,260200
10.6899995803833,10.6899995803833,10.359999656677246,10.399999618530272,9.691913604736328,156300
10.359999656677246,10.600000381469728,10.289999961853027,10.529999732971191,9.81306266784668,136800
10.529999732971191,10.729999542236328,10.529999732971191,10.729999542236328,9.999444961547852,96900
10.68000030517578,10.800000190734863,10.579999923706056,10.720000267028809,9.990127563476562,103600
10.75,10.779999732971191,10.65999984741211,10.75,10.018084526062012,79600
10.789999961853027,10.789999961853027,10.670000076293944,10.779999732971191,10.046042442321776,161600
10.720000267028809,10.789999961853027,10.59000015258789,10.649999618530272,9.924891471862791,105500
10.65999984741211,10.850000381469728,10.600000381469728,10.850000381469728,10.111276626586914,188200
10.890000343322754,10.970000267028809,10.760000228881836,10.899999618530272,10.157870292663574,123900
10.869999885559082,11.06999969482422,10.800000190734863,11.0600004196167,10.306978225708008,155200
11.149999618530272,11.1899995803833,11.020000457763672,11.079999923706056,10.325615882873535,128500
11.140000343322754,11.220000267028809,11.039999961853027,11.15999984741211,10.400169372558594,159600
11.18000030517578,11.18000030517578,10.989999771118164,10.989999771118164,10.241744041442873,110200
10.960000038146973,11.100000381469728,10.960000038146973,11.06999969482422,10.31629753112793,151900
10.989999771118164,11.18000030517578,10.989999771118164,11.06999969482422,10.31629753112793,119000
11.020000457763672,11.220000267028809,10.920000076293944,11.199999809265137,10.437445640563965,109100
11.119999885559082,11.210000038146973,10.979999542236328,11.079999923706056,10.325615882873535,83400
11.050000190734863,11.130000114440918,10.970000267028809,11.0,10.251062393188477,99900
11.0,11.0,10.800000190734863,10.960000038146973,10.213786125183104,105900
10.9399995803833,11.050000190734863,10.920000076293944,10.970000267028809,10.223106384277344,111100
10.9399995803833,10.979999542236328,10.789999961853027,10.850000381469728,10.111276626586914,182900
10.800000190734863,11.15999984741211,10.800000190734863,11.140000343322754,10.381531715393066,163100
11.100000381469728,11.329999923706056,11.100000381469728,11.289999961853027,10.521318435668944,140100
11.239999771118164,11.300000190734863,11.149999618530272,11.149999618530272,10.390850067138672,120800
11.199999809265137,11.40999984741211,11.199999809265137,11.350000381469728,10.57723331451416,107400
11.34000015258789,11.40999984741211,11.229999542236328,11.229999542236328,10.46540355682373,104800
11.210000038146973,11.369999885559082,11.18000030517578,11.210000038146973,10.446765899658203,149200
11.260000228881836,11.279999732971191,11.06999969482422,11.100000381469728,10.344255447387695,172000
11.079999923706056,11.1899995803833,11.050000190734863,11.100000381469728,10.344255447387695,96700
11.09000015258789,11.40999984741211,11.09000015258789,11.289999961853027,10.521318435668944,146700
11.210000038146973,11.5600004196167,11.199999809265137,11.399999618530272,10.623828887939451,196800
11.479999542236328,11.539999961853027,11.0600004196167,11.109999656677246,10.3535737991333,258500
11.239999771118164,11.25,11.020000457763672,11.039999961853027,10.288339614868164,295200
11.010000228881836,11.140000343322754,10.880000114440918,10.9399995803833,10.195148468017578,352400
10.920000076293944,11.029999732971191,10.869999885559082,10.989999771118164,10.241744041442873,143900
10.960000038146973,11.020000457763672,10.9399995803833,10.970000267028809,10.223106384277344,213600
11.020000457763672,11.130000114440918,10.869999885559082,11.0,10.251062393188477,169700
10.960000038146973,11.100000381469728,10.93000030517578,11.0,10.251062393188477,221800
11.0600004196167,11.3100004196167,10.979999542236328,11.260000228881836,10.493361473083496,703200
11.369999885559082,11.760000228881836,11.300000190734863,11.3100004196167,10.539957046508787,376800
11.229999542236328,11.31999969482422,11.109999656677246,11.260000228881836,10.493361473083496,90700
11.289999961853027,11.350000381469728,11.239999771118164,11.260000228881836,10.493361473083496,178300
11.300000190734863,11.390000343322754,11.1899995803833,11.380000114440918,10.605191230773926,110200
11.34000015258789,11.5,11.289999961853027,11.479999542236328,10.698382377624512,117500
11.460000038146973,11.65999984741211,11.460000038146973,11.65999984741211,10.866127967834473,95600
11.65999984741211,11.770000457763672,11.630000114440918,11.720000267028809,10.922041893005373,155000
11.6899995803833,11.6899995803833,11.369999885559082,11.390000343322754,10.614510536193848,95500
11.43000030517578,11.489999771118164,11.3100004196167,11.380000114440918,10.605191230773926,76300
11.3100004196167,11.539999961853027,11.239999771118164,11.4399995803833,10.66110610961914,110700
11.510000228881836,11.550000190734863,11.289999961853027,11.470000267028809,10.68906307220459,137400
11.43000030517578,11.619999885559082,11.289999961853027,11.59000015258789,10.80089282989502,101500
11.619999885559082,11.779999732971191,11.539999961853027,11.779999732971191,10.97795581817627,119900
11.8100004196167,11.859999656677246,11.619999885559082,11.81999969482422,11.015233039855955,96100
11.859999656677246,11.979999542236328,11.81999969482422,11.899999618530272,11.0897855758667,93600
11.970000267028809,12.020000457763672,11.550000190734863,11.670000076293944,10.875445365905762,139900
11.699999809265137,11.800000190734863,11.40999984741211,11.739999771118164,10.940680503845217,135400
11.720000267028809,11.960000038146973,11.6899995803833,11.90999984741211,11.099105834960938,95300
11.850000381469728,12.020000457763672,11.84000015258789,11.970000267028809,11.155021667480469,96100
12.0,12.279999732971191,11.979999542236328,12.050000190734863,11.229575157165527,157300
12.010000228881836,12.149999618530272,11.890000343322754,12.140000343322754,11.313446998596191,142500
12.15999984741211,12.25,12.010000228881836,12.170000076293944,11.341403007507324,145000
12.1899995803833,12.1899995803833,11.65999984741211,12.039999961853027,11.220254898071287,129700
11.979999542236328,12.140000343322754,11.8100004196167,11.84000015258789,11.0338716506958,139100
11.779999732971191,11.8100004196167,11.5,11.68000030517578,10.884765625,333100
11.5,11.529999732971191,11.25,11.31999969482422,10.698115348815918,169500
11.3100004196167,11.40999984741211,11.09000015258789,11.18000030517578,10.56580638885498,120300
11.199999809265137,11.199999809265137,10.6899995803833,10.880000114440918,10.28228759765625,141300
10.829999923706056,11.100000381469728,10.8100004196167,11.050000190734863,10.442948341369627,109500
11.029999732971191,11.760000228881836,11.010000228881836,11.75,11.104493141174316,1238200
11.850000381469728,11.850000381469728,11.270000457763672,11.640000343322754,11.000536918640137,191500
11.699999809265137,11.960000038146973,11.699999809265137,11.899999618530272,11.246252059936523,135800
11.920000076293944,12.039999961853027,11.800000190734863,12.039999961853027,11.37856101989746,93300
12.0,12.029999732971191,11.720000267028809,11.989999771118164,11.331307411193848,75100
11.890000343322754,12.119999885559082,11.890000343322754,12.039999961853027,11.37856101989746,101700
11.960000038146973,12.0600004196167,11.890000343322754,11.90999984741211,11.25570297241211,87400
11.970000267028809,12.029999732971191,11.93000030517578,11.970000267028809,11.312407493591309,85500
11.949999809265137,11.970000267028809,11.539999961853027,11.619999885559082,10.981635093688965,118100
11.710000038146973,11.75,11.609999656677246,11.699999809265137,11.057238578796388,107700
11.619999885559082,11.84000015258789,11.619999885559082,11.75,11.104493141174316,80100
11.699999809265137,11.920000076293944,11.68000030517578,11.729999542236328,11.085591316223145,63100
11.729999542236328,11.8100004196167,11.539999961853027,11.720000267028809,11.07614040374756,59600
11.720000267028809,11.779999732971191,11.619999885559082,11.720000267028809,11.07614040374756,61700
11.6899995803833,11.729999542236328,11.40999984741211,11.40999984741211,10.783170700073242,53700
11.6899995803833,11.6899995803833,11.359999656677246,11.43000030517578,10.80207347869873,91700
11.520000457763672,11.539999961853027,11.34000015258789,11.510000228881836,10.877677917480469,68100
11.43000030517578,11.640000343322754,11.399999618530272,11.609999656677246,10.972183227539062,94500
11.550000190734863,11.630000114440918,11.489999771118164,11.56999969482422,10.934380531311035,66400
11.5600004196167,11.829999923706056,11.5600004196167,11.760000228881836,11.113943099975586,60400
11.829999923706056,12.010000228881836,11.81999969482422,11.90999984741211,11.25570297241211,75600
11.880000114440918,12.079999923706056,11.880000114440918,12.039999961853027,11.37856101989746,116600
11.989999771118164,12.109999656677246,11.789999961853027,11.789999961853027,11.142294883728027,97800
11.739999771118164,12.010000228881836,11.739999771118164,11.90999984741211,11.25570297241211,76700
11.90999984741211,12.130000114440918,11.890000343322754,12.130000114440918,11.463617324829102,81800
12.100000381469728,12.119999885559082,11.59000015258789,11.699999809265137,11.057238578796388,117400
11.949999809265137,12.130000114440918,11.6899995803833,11.770000457763672,11.123394966125488,145700
11.760000228881836,12.039999961853027,11.609999656677246,11.960000038146973,11.302955627441406,72300
12.0,12.260000228881836,12.0,12.140000343322754,11.473067283630373,125000
12.260000228881836,12.300000190734863,12.020000457763672,12.050000190734863,11.388011932373049,93700
12.029999732971191,12.289999961853027,12.010000228881836,12.1899995803833,11.520320892333984,52200
12.220000267028809,12.289999961853027,12.010000228881836,12.119999885559082,11.4541654586792,96300
12.119999885559082,12.149999618530272,11.9399995803833,12.130000114440918,11.463617324829102,83100
12.229999542236328,12.279999732971191,12.050000190734863,12.210000038146973,11.53922176361084,80700
12.229999542236328,12.449999809265137,12.1899995803833,12.369999885559082,11.690431594848633,80200
12.350000381469728,12.449999809265137,12.350000381469728,12.43000030517578,11.747135162353516,89500
12.380000114440918,12.5,12.350000381469728,12.40999984741211,11.72823429107666,107300
12.489999771118164,12.65999984741211,12.329999923706056,12.460000038146973,11.775486946105955,158800
12.359999656677246,12.550000190734863,12.270000457763672,12.380000114440918,11.69988250732422,97500
12.329999923706056,12.550000190734863,12.100000381469728,12.140000343322754,11.473067283630373,147400
12.18000030517578,12.380000114440918,12.170000076293944,12.329999923706056,11.652628898620604,107800
12.279999732971191,12.470000267028809,12.18000030517578,12.220000267028809,11.548672676086426,165400
12.15999984741211,12.420000076293944,12.15999984741211,12.239999771118164,11.56757354736328,119200
12.25,12.460000038146973,12.210000038146973,12.31999969482422,11.643178939819336,150600
12.40999984741211,12.520000457763672,12.329999923706056,12.369999885559082,11.690431594848633,116700
12.0,12.5,11.84000015258789,12.369999885559082,11.690431594848633,227800
12.489999771118164,12.539999961853027,12.270000457763672,12.390000343322754,11.709333419799805,113400
12.460000038146973,12.460000038146973,11.979999542236328,12.010000228881836,11.35020923614502,282500
11.949999809265137,12.31999969482422,11.920000076293944,12.140000343322754,11.473067283630373,149000
12.140000343322754,12.140000343322754,11.880000114440918,11.899999618530272,11.246252059936523,105600
11.899999618530272,12.039999961853027,11.6899995803833,11.989999771118164,11.331307411193848,113000
11.979999542236328,12.09000015258789,11.93000030517578,12.050000190734863,11.388011932373049,133300
12.029999732971191,12.149999618530272,11.90999984741211,12.029999732971191,11.369111061096191,112000
12.050000190734863,12.079999923706056,11.5600004196167,11.65999984741211,11.019436836242676,187600
11.5600004196167,11.8100004196167,11.520000457763672,11.630000114440918,10.991085052490234,113900
11.640000343322754,11.869999885559082,11.600000381469728,11.84000015258789,11.18954849243164,107400
11.899999618530272,12.010000228881836,11.800000190734863,11.81999969482422,11.170645713806152,123200
11.920000076293944,12.010000228881836,11.8100004196167,11.850000381469728,11.198999404907228,85000
11.829999923706056,12.029999732971191,11.68000030517578,11.979999542236328,11.321856498718262,566800
11.949999809265137,12.0,11.770000457763672,11.90999984741211,11.25570297241211,87600
11.84000015258789,11.84000015258789,11.520000457763672,11.65999984741211,11.172341346740724,121100
11.699999809265137,11.84000015258789,11.539999961853027,11.789999961853027,11.296904563903809,100300
11.890000343322754,11.949999809265137,11.770000457763672,11.90999984741211,11.411885261535645,68400
11.90999984741211,11.90999984741211,11.710000038146973,11.8100004196167,11.316068649291992,78200
11.720000267028809,11.880000114440918,11.68000030517578,11.770000457763672,11.27774143218994,87300
11.739999771118164,11.850000381469728,11.529999732971191,11.550000190734863,11.06694221496582,62300
11.609999656677246,11.670000076293944,11.460000038146973,11.56999969482422,11.086105346679688,82300
11.5600004196167,11.789999961853027,11.5,11.630000114440918,11.143595695495604,87600
11.729999542236328,11.789999961853027,11.640000343322754,11.720000267028809,11.22983169555664,75700
11.770000457763672,12.0,11.6899995803833,11.859999656677246,11.36397647857666,79200
11.81999969482422,11.899999618530272,11.65999984741211,11.770000457763672,11.27774143218994,44000
11.770000457763672,11.829999923706056,11.59000015258789,11.699999809265137,11.210668563842772,173900
11.699999809265137,11.84000015258789,11.65999984741211,11.710000038146973,11.220251083374023,59400
11.770000457763672,11.880000114440918,11.670000076293944,11.68000030517578,11.191505432128906,76800
11.739999771118164,12.079999923706056,11.68000030517578,11.989999771118164,11.488540649414062,132100
12.050000190734863,12.25,12.050000190734863,12.25,11.737666130065918,122000
12.25,12.350000381469728,12.1899995803833,12.279999732971191,11.76641082763672,138600
12.300000190734863,12.300000190734863,12.010000228881836,12.15999984741211,11.651430130004885,97500
12.100000381469728,12.25,11.949999809265137,12.229999542236328,11.718502044677734,124600
12.25,12.359999656677246,12.199999809265137,12.329999923706056,11.814319610595703,100300
12.260000228881836,12.380000114440918,12.18000030517578,12.210000038146973,11.699338912963867,89300
12.210000038146973,12.289999961853027,11.960000038146973,12.140000343322754,11.632266998291016,120600
12.15999984741211,12.1899995803833,11.989999771118164,12.0600004196167,11.555612564086914,102700
12.130000114440918,12.15999984741211,11.84000015258789,11.880000114440918,11.383140563964844,69900
11.899999618530272,12.029999732971191,11.84000015258789,11.850000381469728,11.354395866394045,101700
11.899999618530272,12.09000015258789,11.859999656677246,11.90999984741211,11.411885261535645,115100
11.949999809265137,12.140000343322754,11.899999618530272,12.100000381469728,11.593939781188965,107200
12.100000381469728,12.15999984741211,11.970000267028809,12.020000457763672,11.51728630065918,116800
12.0600004196167,12.260000228881836,12.0,12.1899995803833,11.680174827575684,91900
12.270000457763672,12.279999732971191,12.09000015258789,12.119999885559082,11.613102912902832,90200
12.170000076293944,12.300000190734863,11.619999885559082,11.75,11.258578300476074,175000
11.800000190734863,11.93000030517578,11.699999809265137,11.869999885559082,11.37355899810791,117600
11.869999885559082,11.979999542236328,11.539999961853027,11.619999885559082,11.134015083312988,137900
11.65999984741211,11.739999771118164,11.600000381469728,11.609999656677246,11.124432563781738,87100
11.68000030517578,11.699999809265137,11.59000015258789,11.630000114440918,11.143595695495604,101000
11.729999542236328,11.84000015258789,11.600000381469728,11.640000343322754,11.153178215026855,114600
11.75,11.829999923706056,11.600000381469728,11.720000267028809,11.22983169555664,159400
11.739999771118164,11.880000114440918,11.649999618530272,11.720000267028809,11.22983169555664,365600
11.720000267028809,11.8100004196167,11.640000343322754,11.779999732971191,11.287322998046877,125200
11.710000038146973,11.869999885559082,11.649999618530272,11.68000030517578,11.191505432128906,85800
11.779999732971191,11.81999969482422,11.65999984741211,11.68000030517578,11.191505432128906,183300
11.739999771118164,11.850000381469728,11.65999984741211,11.760000228881836,11.268159866333008,244100
11.720000267028809,11.8100004196167,11.699999809265137,11.729999542236328,11.239413261413574,122800
11.670000076293944,11.8100004196167,11.670000076293944,11.770000457763672,11.27774143218994,112400
11.800000190734863,12.210000038146973,11.770000457763672,12.140000343322754,11.632266998291016,149300
12.210000038146973,12.399999618530272,12.18000030517578,12.34000015258789,11.823902130126951,154900
12.289999961853027,12.489999771118164,12.25,12.470000267028809,11.94846534729004,86200
12.380000114440918,12.449999809265137,12.170000076293944,12.260000228881836,11.747248649597168,88700
12.270000457763672,12.34000015258789,12.09000015258789,12.09000015258789,11.584357261657717,86100
12.0600004196167,12.31999969482422,12.0600004196167,12.25,11.737666130065918,62800
12.199999809265137,12.369999885559082,12.119999885559082,12.18000030517578,11.67059326171875,144000
12.170000076293944,12.31999969482422,12.140000343322754,12.25,11.737666130065918,84200
12.119999885559082,12.460000038146973,12.119999885559082,12.359999656677246,11.84306526184082,138300
12.34000015258789,12.369999885559082,12.260000228881836,12.3100004196167,11.795157432556152,79400
12.359999656677246,12.390000343322754,12.25,12.350000381469728,11.833484649658203,90800
12.260000228881836,12.31999969482422,11.970000267028809,12.109999656677246,11.603521347045898,539400
12.050000190734863,12.100000381469728,11.699999809265137,11.8100004196167,11.316068649291992,138100
11.789999961853027,11.850000381469728,11.5600004196167,11.640000343322754,11.153178215026855,82000
11.630000114440918,11.800000190734863,11.5600004196167,11.75,11.258578300476074,140900
11.779999732971191,11.81999969482422,11.630000114440918,11.670000076293944,11.181923866271973,115700
11.609999656677246,11.800000190734863,11.609999656677246,11.670000076293944,11.181923866271973,110900
11.710000038146973,11.770000457763672,11.59000015258789,11.600000381469728,11.114850997924805,76200
11.600000381469728,12.170000076293944,11.600000381469728,11.890000343322754,11.392723083496094,908600
11.649999618530272,11.789999961853027,11.5,11.579999923706056,11.249432563781738,301000
11.5600004196167,11.800000190734863,11.5600004196167,11.800000190734863,11.463152885437012,54500
11.789999961853027,11.800000190734863,11.729999542236328,11.770000457763672,11.434009552001951,85400
11.739999771118164,11.800000190734863,11.699999809265137,11.779999732971191,11.443723678588867,183800
11.779999732971191,11.989999771118164,11.729999542236328,11.949999809265137,11.60887050628662,166500
11.989999771118164,12.050000190734863,11.90999984741211,12.050000190734863,11.706016540527344,139300
12.100000381469728,12.100000381469728,11.729999542236328,11.90999984741211,11.570012092590332,136900
11.970000267028809,12.0600004196167,11.880000114440918,12.0600004196167,11.715730667114258,170700
12.050000190734863,12.100000381469728,11.970000267028809,12.039999961853027,11.696301460266112,119500
12.0,12.0,11.75,11.869999885559082,11.53115463256836,149500
11.859999656677246,11.9399995803833,11.75,11.899999618530272,11.560297966003418,105400
11.970000267028809,12.06999969482422,11.890000343322754,12.050000190734863,11.706016540527344,132200
11.989999771118164,12.010000228881836,11.779999732971191,11.9399995803833,11.59915542602539,208700
11.880000114440918,12.050000190734863,11.880000114440918,12.050000190734863,11.706016540527344,110900
11.93000030517578,12.010000228881836,11.850000381469728,11.9399995803833,11.59915542602539,106200
11.890000343322754,12.09000015258789,11.890000343322754,12.09000015258789,11.744874000549316,179800
12.079999923706056,12.25,12.0,12.18000030517578,11.832304954528809,133600
12.199999809265137,12.199999809265137,12.010000228881836,12.079999923706056,11.735159873962402,142800
12.020000457763672,12.229999542236328,12.010000228881836,12.18000030517578,11.832304954528809,275700
12.220000267028809,12.270000457763672,11.829999923706056,11.93000030517578,11.589442253112791,166800
11.949999809265137,12.119999885559082,11.859999656677246,12.0,11.657443046569824,225300
12.010000228881836,12.15999984741211,11.989999771118164,12.0600004196167,11.715730667114258,128900
11.859999656677246,12.119999885559082,11.859999656677246,11.989999771118164,11.64772891998291,141100
12.0,12.0600004196167,11.9399995803833,11.989999771118164,11.64772891998291,232900
11.960000038146973,11.970000267028809,11.720000267028809,11.720000267028809,11.385436058044434,183700
11.609999656677246,11.829999923706056,11.59000015258789,11.729999542236328,11.395150184631348,160600
11.640000343322754,11.770000457763672,11.489999771118164,11.539999961853027,11.21057415008545,230100
11.470000267028809,11.8100004196167,11.449999809265137,11.68000030517578,11.34657859802246,191500
11.619999885559082,11.8100004196167,11.579999923706056,11.649999618530272,11.317434310913086,245700
11.699999809265137,11.90999984741211,11.649999618530272,11.890000343322754,11.550583839416504,152900
11.800000190734863,12.010000228881836,11.800000190734863,11.9399995803833,11.59915542602539,164700
11.899999618530272,11.970000267028809,11.75,11.800000190734863,11.463152885437012,117300
11.859999656677246,11.90999984741211,11.65999984741211,11.729999542236328,11.395150184631348,190900
11.710000038146973,11.800000190734863,11.699999809265137,11.789999961853027,11.45343780517578,189900
11.800000190734863,11.800000190734863,11.68000030517578,11.739999771118164,11.404865264892578,134800
11.600000381469728,11.9399995803833,11.18000030517578,11.600000381469728,11.268861770629885,274600
11.59000015258789,11.760000228881836,11.520000457763672,11.59000015258789,11.259147644042969,233800
11.489999771118164,11.6899995803833,11.449999809265137,11.579999923706056,11.249432563781738,231000
11.520000457763672,11.670000076293944,11.399999618530272,11.600000381469728,11.268861770629885,187000
11.630000114440918,11.6899995803833,11.43000030517578,11.470000267028809,11.142573356628418,251800
11.479999542236328,11.670000076293944,11.399999618530272,11.59000015258789,11.259147644042969,180600
11.399999618530272,11.600000381469728,11.390000343322754,11.390000343322754,11.06485652923584,178600
11.529999732971191,11.529999732971191,11.15999984741211,11.260000228881836,10.938568115234377,282400
11.229999542236328,11.449999809265137,11.229999542236328,11.350000381469728,11.025999069213867,187100
11.170000076293944,11.260000228881836,10.739999771118164,10.770000457763672,10.46255588531494,288000
10.5,10.68000030517578,10.1899995803833,10.390000343322754,10.093402862548828,408700
10.34000015258789,10.68000030517578,10.31999969482422,10.399999618530272,10.103116989135742,196500
10.489999771118164,10.93000030517578,10.359999656677246,10.789999961853027,10.48198413848877,300500
10.93000030517578,11.100000381469728,10.800000190734863,11.050000190734863,10.734562873840332,184000
10.93000030517578,11.239999771118164,10.829999923706056,11.050000190734863,10.734562873840332,238700
10.869999885559082,11.329999923706056,10.770000457763672,11.289999961853027,10.967711448669434,193300
10.90999984741211,11.0,10.390000343322754,10.460000038146973,10.161404609680176,256100
10.65999984741211,10.68000030517578,9.40999984741211,10.079999923706056,9.79225254058838,306800
9.899999618530272,10.09000015258789,9.5,9.630000114440918,9.355098724365234,249300
9.1899995803833,9.300000190734863,7.659999847412109,7.710000038146973,7.489907264709473,342300
8.0,8.34000015258789,7.800000190734863,8.3100004196167,8.072779655456543,365600
8.050000190734863,8.050000190734863,6.75,6.78000020980835,6.586455821990967,381700
6.670000076293945,8.199999809265137,6.670000076293945,8.199999809265137,7.965919494628906,482400
7.630000114440918,7.860000133514404,5.269999980926514,5.619999885559082,5.459568977355957,469500
5.570000171661377,7.269999980926514,5.349999904632568,7.269999980926514,7.062467575073242,421800
7.199999809265137,7.460000038146973,5.949999809265137,6.010000228881836,5.838436603546143,629700
6.179999828338623,6.349999904632568,5.559999942779541,5.710000038146973,5.546999931335449,330000
5.659999847412109,5.940000057220459,5.25,5.699999809265137,5.699999809265137,559400
6.0,6.130000114440918,5.610000133514404,5.710000038146973,5.710000038146973,319400
5.699999809265137,6.039999961853027,5.699999809265137,5.980000019073486,5.980000019073486,429200
5.539999961853027,5.860000133514404,5.489999771118164,5.699999809265137,5.699999809265137,482400
5.699999809265137,5.960000038146973,5.300000190734863,5.340000152587891,5.340000152587891,434300
5.400000095367432,5.590000152587891,5.25,5.570000171661377,5.570000171661377,340800
5.480000019073486,5.480000019073486,4.679999828338623,4.800000190734863,4.800000190734863,328900
