6.15625,6.15625,5.96875,6.0,6.0,19400
5.96875,5.96875,5.25,5.5625,5.5625,88800
5.625,5.75,5.625,5.625,5.625,8800
5.6875,5.6875,5.40625,5.40625,5.40625,18600
5.34375,5.5,5.25,5.5,5.5,18200
5.5,6.125,5.5,6.125,6.125,38800
6.1875,6.5,5.96875,5.96875,5.96875,41800
6.03125,6.21875,6.03125,6.0625,6.0625,10600
6.1875,6.6875,6.1875,6.65625,6.65625,23200
6.71875,6.8125,6.625,6.6875,6.6875,11800
6.59375,6.625,6.46875,6.625,6.625,20800
6.625,6.6875,6.59375,6.65625,6.65625,21600
6.625,6.625,6.59375,6.625,6.625,26600
6.625,6.75,6.625,6.625,6.625,23800
6.65625,6.9375,6.65625,6.875,6.875,23200
6.8125,6.84375,6.75,6.75,6.75,6000
6.78125,6.875,6.78125,6.84375,6.84375,11000
6.90625,7.6875,6.90625,7.5,7.5,44800
7.5625,7.5625,7.4375,7.4375,7.4375,10600
7.5,7.8125,7.5,7.6875,7.6875,18200
7.71875,7.71875,7.59375,7.625,7.625,23400
7.5625,7.5625,7.4375,7.4375,7.4375,17800
7.40625,7.40625,7.15625,7.15625,7.15625,15600
7.09375,7.09375,6.9375,6.96875,6.96875,7000
7.0,7.125,7.0,7.09375,7.09375,13600
7.0625,7.21875,7.03125,7.03125,7.03125,9400
7.0625,7.0625,7.03125,7.03125,7.03125,2200
7.0625,7.25,7.03125,7.1875,7.1875,13800
7.1875,7.21875,7.1875,7.21875,7.21875,4000
7.1875,7.1875,7.15625,7.15625,7.15625,2200
7.15625,7.21875,7.15625,7.21875,7.21875,1600
7.28125,7.78125,7.28125,7.75,7.75,34600
7.8125,8.53125,7.8125,8.53125,8.53125,48400
8.59375,9.4375,8.59375,8.71875,8.71875,104600
8.8125,8.875,8.5,8.625,8.625,20600
8.5625,8.65625,8.5,8.65625,8.65625,5600
8.75,8.9375,8.6875,8.6875,8.6875,25600
8.625,8.8125,8.375,8.8125,8.8125,27200
8.9375,9.21875,8.4375,8.75,8.75,47400
9.0,9.09375,8.6875,8.6875,8.6875,63800
8.8125,8.8125,8.6875,8.78125,8.78125,10800
8.78125,8.78125,8.71875,8.78125,8.78125,2600
8.78125,8.8125,8.75,8.75,8.75,101000
8.75,8.875,8.75,8.8125,8.8125,8000
8.78125,8.78125,8.75,8.75,8.75,6000
8.625,8.78125,8.625,8.78125,8.78125,13400
8.78125,8.78125,8.75,8.75,8.75,3000
8.78125,8.8125,8.78125,8.78125,8.78125,1000
8.875,9.1875,8.84375,9.0625,9.0625,29800
9.0,9.0625,9.0,9.0625,9.0625,7200
9.46875,9.46875,9.0625,9.09375,9.09375,29000
9.09375,9.15625,9.0,9.0,9.0,17200
8.9375,8.96875,8.9375,8.96875,8.96875,1200
8.875,9.125,8.875,9.125,9.125,4800
9.125,9.125,9.125,9.125,9.125,0
9.0625,9.0625,9.0625,9.0625,9.0625,200
9.0625,9.1875,9.0625,9.1875,9.1875,2800
9.1875,9.6875,9.1875,9.5625,9.5625,17600
9.625,9.96875,9.625,9.90625,9.90625,16800
10.0,10.1875,9.75,10.03125,10.03125,34800
10.0625,10.625,10.0625,10.625,10.625,28000
10.8125,11.375,10.75,10.75,10.75,48000
10.6875,10.90625,10.6875,10.875,10.875,11600
11.0,11.125,10.75,10.875,10.875,22600
11.0,11.0625,10.46875,10.5,10.5,30200
10.5625,10.5625,9.96875,10.0625,10.0625,22200
9.9375,10.375,9.4375,10.1875,10.1875,31800
10.1875,10.4375,10.125,10.25,10.25,23000
10.375,10.9375,10.375,10.8125,10.8125,26800
11.0,11.8125,11.0,11.6875,11.6875,73400
11.9375,12.5,11.9375,12.4375,12.4375,56800
12.5,12.6875,12.25,12.3125,12.3125,14000
12.1875,12.1875,11.6875,11.96875,11.96875,54200
12.09375,12.5625,11.875,12.4375,12.4375,35000
12.5,12.9375,12.5,12.625,12.625,49000
12.75,12.78125,12.0,12.0,12.0,58400
12.0,12.5,12.0,12.25,12.25,42000
12.25,12.25,11.8125,11.8125,11.8125,38000
11.875,11.875,11.0625,11.125,11.125,20600
11.25,11.25,10.625,10.875,10.875,33200
10.8125,11.78125,10.625,11.78125,11.78125,44600
11.90625,12.3125,11.875,12.0625,12.0625,30600
12.1875,12.3125,11.65625,11.75,11.75,22800
11.875,11.875,11.0625,11.3125,11.3125,28800
11.375,11.375,10.78125,10.9375,10.9375,30600
10.9375,11.28125,10.9375,11.25,11.25,30600
11.375,11.96875,11.375,11.65625,11.65625,25600
11.6875,11.875,11.65625,11.71875,11.71875,8600
11.71875,11.71875,11.5625,11.59375,11.59375,6600
11.71875,11.71875,11.28125,11.3125,11.3125,11800
11.34375,11.625,11.34375,11.625,11.625,6400
11.75,11.75,11.4375,11.4375,11.4375,21600
11.5,11.5,10.90625,11.0,11.0,46600
11.0,11.0625,10.9375,11.0,11.0,4600
11.125,11.3125,11.09375,11.21875,11.21875,25800
11.1875,11.1875,10.75,10.875,10.875,38400
10.84375,10.90625,10.84375,10.875,10.875,2800
11.0,11.15625,10.8125,10.90625,10.90625,7000
10.9375,11.125,10.9375,10.96875,10.96875,10000
10.9375,10.9375,10.65625,10.6875,10.6875,7800
10.6875,10.78125,10.6875,10.6875,10.6875,16800
10.75,11.0625,10.75,10.96875,10.96875,12600
11.09375,11.4375,11.09375,11.3125,11.3125,15000
11.1875,11.59375,11.1875,11.5,11.5,7800
11.625,11.625,11.375,11.375,11.375,5600
11.59375,11.625,11.40625,11.40625,11.40625,27600
11.28125,11.3125,11.125,11.1875,11.1875,5600
11.0625,11.21875,11.0625,11.1875,11.1875,8000
11.25,11.25,11.03125,11.125,11.125,2000
11.21875,11.40625,11.21875,11.25,11.25,7200
11.3125,11.4375,11.3125,11.3125,11.3125,7200
11.375,11.4375,11.15625,11.3125,11.3125,13800
11.1875,11.28125,11.1875,11.28125,11.28125,7000
11.15625,11.15625,10.6875,10.6875,10.6875,10600
10.625,10.84375,10.5625,10.71875,10.71875,3200
10.84375,11.3125,10.84375,11.15625,11.15625,15000
11.21875,11.3125,11.0,11.0625,11.0625,13800
11.125,11.28125,11.0625,11.25,11.25,12600
11.25,11.28125,11.125,11.125,11.125,7600
11.125,11.125,10.90625,10.90625,10.90625,6200
10.84375,10.9375,10.84375,10.9375,10.9375,4000
10.90625,10.9375,10.625,10.6875,10.6875,11000
10.5625,10.6875,10.25,10.25,10.25,26600
10.40625,10.40625,10.28125,10.3125,10.3125,8600
10.4375,10.4375,9.75,10.28125,10.28125,42800
10.40625,10.96875,10.40625,10.84375,10.84375,47400
10.9375,11.0,10.9375,11.0,11.0,27400
11.0,11.46875,11.0,11.40625,11.40625,20200
11.5,11.53125,11.3125,11.34375,11.34375,25000
11.28125,11.28125,10.78125,10.8125,10.8125,11200
10.875,10.9375,10.875,10.875,10.875,3800
10.9375,11.0625,10.3125,10.375,10.375,13000
10.25,10.3125,10.15625,10.28125,10.28125,8800
10.5,10.5625,10.375,10.40625,10.40625,9200
10.34375,10.5,10.25,10.46875,10.46875,8600
10.40625,10.40625,10.40625,10.40625,10.40625,400
10.375,10.625,10.3125,10.625,10.625,7000
10.5,11.28125,10.5,11.25,11.25,46200
11.5,11.5,10.6875,10.75,10.75,32600
10.875,11.6875,10.84375,11.53125,11.53125,28400
11.46875,12.21875,11.4375,12.15625,12.15625,19400
12.1875,12.25,11.6875,11.6875,11.6875,27400
11.5625,11.59375,11.4375,11.53125,11.53125,1600
11.46875,11.46875,11.0625,11.125,11.125,24200
11.0,11.28125,11.0,11.0,11.0,10600
11.03125,11.125,11.03125,11.125,11.125,4600
11.125,11.5,11.0,11.5,11.5,13200
11.5625,11.75,11.5,11.5,11.5,9000
11.5,11.5,11.40625,11.5,11.5,12000
11.5,11.5,11.46875,11.5,11.5,31200
11.375,11.5,11.0625,11.0625,11.0625,37400
11.0,11.0,10.84375,11.0,11.0,13400
11.03125,11.25,10.84375,10.9375,10.9375,19000
10.90625,11.34375,10.75,11.3125,11.3125,9800
11.4375,11.5625,11.40625,11.40625,11.40625,13200
11.375,11.375,11.125,11.125,11.125,5400
11.0625,11.0625,11.0,11.0,11.0,2000
10.875,10.90625,10.84375,10.84375,10.84375,6800
10.75,10.75,10.65625,10.65625,10.65625,6400
10.78125,10.78125,10.53125,10.65625,10.65625,7400
10.65625,11.0,10.65625,11.0,11.0,10400
10.9375,11.125,10.90625,11.03125,11.03125,17800
10.96875,10.96875,10.875,10.9375,10.9375,12800
11.0,11.21875,10.90625,11.21875,11.21875,95400
11.34375,11.34375,11.21875,11.25,11.25,10800
11.25,11.3125,11.125,11.28125,11.28125,15000
11.375,11.375,11.3125,11.3125,11.3125,5400
11.25,11.5625,11.25,11.5,11.5,35000
11.4375,11.5,11.375,11.40625,11.40625,4800
11.40625,11.5625,11.40625,11.5,11.5,2800
11.53125,11.65625,11.5,11.5625,11.5625,17000
11.4375,11.4375,11.125,11.1875,11.1875,7200
11.21875,11.3125,11.125,11.21875,11.21875,4200
11.1875,11.1875,10.875,11.0625,11.0625,17400
11.0,11.0625,10.9375,10.9375,10.9375,5400
10.84375,10.90625,10.75,10.8125,10.8125,2400
10.6875,10.78125,10.625,10.71875,10.71875,18000
10.65625,10.71875,10.5625,10.59375,10.59375,13600
10.71875,10.75,10.625,10.6875,10.6875,17200
10.65625,10.8125,10.375,10.75,10.75,25400
10.84375,11.0,10.8125,10.9375,10.9375,7800
10.875,10.875,10.5,10.625,10.625,9200
10.5,10.5,10.1875,10.5,10.5,12000
10.4375,10.9375,10.3125,10.9375,10.9375,8400
10.875,10.90625,10.65625,10.65625,10.65625,16800
10.71875,10.90625,10.71875,10.90625,10.90625,6800
10.84375,11.0,10.71875,10.90625,10.90625,4800
10.78125,10.8125,10.5625,10.5625,10.5625,32200
10.5,10.71875,10.375,10.53125,10.53125,40000
10.5,10.5,10.125,10.3125,10.3125,9800
10.1875,10.28125,10.0625,10.1875,10.1875,8400
10.09375,10.28125,10.09375,10.28125,10.28125,10000
10.3125,10.34375,10.21875,10.28125,10.28125,12000
10.40625,10.59375,10.3125,10.375,10.375,14800
10.34375,10.34375,10.21875,10.21875,10.21875,5400
10.125,10.125,10.0625,10.0625,10.0625,8800
10.0,10.0,9.90625,9.9375,9.9375,37000
9.8125,9.8125,9.6875,9.8125,9.8125,8400
9.75,9.84375,9.5625,9.84375,9.84375,11200
9.78125,9.78125,9.5625,9.6875,9.6875,7000
9.75,9.875,9.65625,9.6875,9.6875,6600
9.75,9.875,9.75,9.875,9.875,11400
9.8125,9.8125,9.5,9.59375,9.59375,17000
9.5,9.5,9.1875,9.25,9.25,7200
9.125,9.125,9.0,9.0,9.0,12200
8.9375,9.0,8.5625,8.5625,8.5625,11800
8.5,8.5,8.5,8.5,8.5,14600
8.5625,9.1875,8.5625,9.15625,9.15625,28600
9.09375,9.09375,8.84375,8.875,8.875,12200
8.9375,9.25,8.9375,9.03125,9.03125,25400
9.0625,9.0625,8.6875,8.6875,8.6875,13600
8.625,9.0,8.5625,8.9375,8.9375,15400
8.9375,9.125,8.9375,9.0,9.0,17400
9.0,9.125,9.0,9.0625,9.0625,15200
9.03125,9.09375,9.0,9.0,9.0,10800
9.0625,9.1875,9.0625,9.0625,9.0625,4000
9.0625,9.5625,9.0625,9.5625,9.5625,16000
9.5625,9.90625,9.34375,9.90625,9.90625,27800
9.96875,9.96875,9.71875,9.71875,9.71875,19400
9.96875,9.96875,9.78125,9.78125,9.78125,18400
9.78125,9.78125,9.625,9.6875,9.6875,4600
9.625,9.625,9.5,9.5625,9.5625,2600
9.5,9.5,9.4375,9.4375,9.4375,22000
9.40625,9.53125,9.28125,9.4375,9.4375,10000
9.40625,9.4375,9.28125,9.28125,9.28125,4400
9.28125,9.34375,9.28125,9.34375,9.34375,3600
9.28125,9.28125,9.09375,9.125,9.125,7200
9.09375,9.09375,9.0,9.0,9.0,14200
9.03125,9.125,8.9375,8.9375,8.9375,14200
9.0,9.0,8.625,8.625,8.625,8000
8.5625,8.6875,8.5625,8.65625,8.65625,15600
8.6875,8.875,8.6875,8.875,8.875,22200
9.0,9.875,9.0,9.46875,9.46875,68400
9.6875,9.9375,9.6875,9.84375,9.84375,46000
9.875,9.875,9.53125,9.53125,9.53125,6800
9.46875,9.5,9.40625,9.5,9.5,16000
9.53125,9.875,9.53125,9.875,9.875,13600
9.9375,9.96875,9.875,9.875,9.875,17600
9.8125,9.8125,9.5,9.75,9.75,22200
9.6875,9.75,9.5625,9.5625,9.5625,24400
9.625,9.84375,9.625,9.75,9.75,14000
9.6875,9.71875,9.65625,9.6875,9.6875,6400
9.625,9.625,9.40625,9.4375,9.4375,9200
9.46875,9.5,9.4375,9.4375,9.4375,4000
9.4375,9.5,9.4375,9.5,9.5,8600
9.5625,9.625,9.5625,9.625,9.625,5800
9.5,9.8125,9.5,9.8125,9.8125,25400
9.875,10.09375,9.875,10.09375,10.09375,15800
10.21875,10.21875,10.0,10.0,10.0,11200
10.0,10.0,9.8125,9.8125,9.8125,20400
9.75,10.125,9.75,10.0,10.0,10600
10.03125,10.09375,10.0,10.0,10.0,13600
10.0625,10.5,10.0625,10.40625,10.40625,26000
10.4375,10.625,10.4375,10.59375,10.59375,3600
10.53125,10.875,10.53125,10.875,10.875,29600
10.78125,10.84375,10.71875,10.78125,10.78125,13200
10.6875,11.0,10.6875,10.84375,10.84375,21400
10.78125,10.78125,10.28125,10.53125,10.53125,23000
10.5,10.5,10.0,10.15625,10.15625,11800
10.1875,10.65625,10.1875,10.65625,10.65625,22200
10.65625,10.78125,10.65625,10.78125,10.78125,2200
10.90625,11.15625,10.65625,11.15625,11.15625,31800
11.28125,11.5625,11.28125,11.5625,11.5625,32000
11.59375,11.84375,11.59375,11.84375,11.84375,13400
11.96875,12.15625,11.5625,12.03125,12.03125,68200
12.15625,12.15625,10.9375,11.0,11.0,43000
11.125,11.3125,10.78125,10.78125,10.78125,36000
10.84375,11.25,10.84375,11.1875,11.1875,25200
11.21875,11.4375,11.21875,11.375,11.375,7600
11.46875,11.46875,11.25,11.25,11.25,3000
11.1875,11.1875,10.84375,11.09375,11.09375,18600
11.125,11.3125,10.5,10.9375,10.9375,60600
11.0,11.1875,11.0,11.0,11.0,10200
11.125,11.1875,10.90625,10.90625,10.90625,34800
10.875,10.9375,10.84375,10.84375,10.84375,15000
10.90625,11.75,10.90625,11.75,11.75,28400
11.8125,11.8125,11.5625,11.75,11.75,24800
11.8125,11.84375,11.25,11.3125,11.3125,24600
11.34375,11.375,11.34375,11.375,11.375,1200
11.3125,11.65625,11.1875,11.65625,11.65625,16200
11.65625,12.125,11.65625,12.125,12.125,21000
12.21875,13.15625,12.21875,13.15625,13.15625,102800
13.25,13.375,12.8125,13.09375,13.09375,70800
13.21875,13.3125,12.90625,13.21875,13.21875,23400
13.21875,13.21875,12.9375,13.0625,13.0625,28000
13.0,13.34375,12.9375,13.0625,13.0625,24800
13.0,13.09375,13.0,13.0,13.0,5400
13.1875,13.25,13.1875,13.1875,13.1875,10600
13.15625,13.15625,12.65625,12.9375,12.9375,59200
13.0,13.21875,12.875,13.21875,13.21875,34000
13.21875,15.0,13.21875,14.71875,14.71875,65400
14.8125,15.96875,14.78125,14.78125,14.78125,75400
14.84375,14.84375,13.9375,14.28125,14.28125,36400
14.3125,15.03125,14.3125,14.875,14.875,28800
14.90625,15.5625,14.875,15.21875,15.21875,47200
15.21875,15.28125,14.75,15.1875,15.1875,31600
15.15625,16.0,15.0,15.96875,15.96875,27400
16.09375,16.25,15.6875,15.9375,15.9375,46600
15.90625,15.90625,15.53125,15.53125,15.53125,29400
15.4375,15.4375,14.65625,15.375,15.375,39600
15.3125,15.53125,14.96875,15.0625,15.0625,15400
15.125,15.125,14.84375,14.90625,14.90625,7600
14.90625,15.09375,14.90625,15.0,15.0,20600
15.1875,16.5625,15.1875,16.375,16.375,177800
16.75,18.3125,16.75,18.3125,18.3125,132000
19.25,20.25,19.25,19.8125,19.8125,233600
20.5,24.3125,20.5,23.75,23.75,314800
24.6875,27.28125,24.5,24.5,24.5,598200
24.53125,24.53125,21.75,22.0,22.0,294200
22.0,22.03125,20.78125,20.90625,20.90625,190800
20.96875,21.46875,19.875,21.40625,21.40625,103000
22.34375,23.75,22.03125,22.875,22.875,287400
22.59375,22.625,19.0,20.21875,20.21875,324600
20.09375,22.375,19.875,22.0,22.0,192200
21.875,21.875,20.1875,20.59375,20.59375,86600
20.4375,21.5,19.0,21.5,21.5,273200
22.0,23.34375,21.875,22.90625,22.90625,98800
23.125,23.125,20.4375,21.125,21.125,94400
21.25,21.6875,20.65625,20.65625,20.65625,53600
20.78125,21.5,20.78125,21.5,21.5,56000
21.75,21.9375,21.0,21.21875,21.21875,97200
20.9375,21.1875,19.25,19.4375,19.4375,108800
19.5625,20.1875,17.5,17.625,17.625,160800
17.6875,18.3125,17.4375,17.5,17.5,114300
17.5625,18.25,16.375,17.25,17.25,80200
17.5,18.5625,17.375,18.0,18.0,138500
18.375,18.375,15.5,16.625,16.625,90000
16.625,16.75,14.8125,15.875,15.875,168200
16.75,18.5,16.5625,17.375,17.375,136700
17.8125,18.5,17.3125,17.5,17.5,115800
17.5,17.9375,16.625,17.5625,17.5625,122900
17.5625,17.875,17.5,17.75,17.75,119300
17.6875,18.625,17.5,18.5,18.5,55100
19.0,21.0,19.0,20.0,20.0,92000
20.4375,20.75,19.875,19.875,19.875,52100
19.9375,20.1875,17.5,18.25,18.25,64900
18.5,19.25,18.0,19.0625,19.0625,70200
19.25,19.875,18.9375,19.125,19.125,41500
19.0,19.25,17.6875,18.125,18.125,33500
18.0,18.9375,18.0,18.375,18.375,25100
18.3125,18.3125,17.25,17.6875,17.6875,86400
17.4375,18.4375,17.1875,18.125,18.125,26800
18.3125,18.3125,17.5,17.6875,17.6875,36700
17.875,18.4375,17.75,17.75,17.75,60600
17.75,17.9375,17.375,17.5,17.5,21800
16.9375,16.9375,16.0,16.5,16.5,29000
16.5,16.9375,16.375,16.6875,16.6875,20000
16.5625,17.125,16.5625,17.125,17.125,28600
17.25,17.5,17.0625,17.5,17.5,14600
17.375,17.625,16.9375,17.25,17.25,26500
17.3125,17.5,17.125,17.375,17.375,21800
17.375,17.375,17.0,17.0,17.0,25800
17.0,17.1875,16.8125,16.9375,16.9375,13700
16.9375,17.1875,16.5625,16.6875,16.6875,36500
16.5625,16.5625,15.5,15.9375,15.9375,50400
15.625,15.625,14.125,14.4375,14.4375,69900
14.1875,14.1875,12.5,13.4375,13.4375,96200
13.5625,16.0,13.5625,15.75,15.75,145700
16.375,16.375,15.3125,15.375,15.375,62400
15.0,16.125,14.5625,16.0,16.0,30700
15.875,16.5,15.8125,16.375,16.375,40200
16.125,16.5,14.9375,15.4375,15.4375,36400
15.25,16.1875,15.25,15.875,15.875,23000
15.625,16.125,15.625,16.0,16.0,34300
16.0,16.8125,15.9375,16.75,16.75,66300
16.8125,17.25,16.4375,16.75,16.75,41300
17.0,17.3125,17.0,17.25,17.25,25900
17.25,17.75,17.25,17.5,17.5,21900
17.6875,17.8125,17.1875,17.25,17.25,57200
17.25,17.375,16.6875,16.9375,16.9375,17700
17.25,17.25,14.1875,14.625,14.625,70300
14.625,15.125,13.5,13.875,13.875,72200
13.9375,13.9375,12.8125,13.0,13.0,60600
13.4375,14.8125,13.3125,14.0,14.0,62800
14.1875,14.3125,13.375,13.375,13.375,26400
13.5,13.5,11.5625,12.4375,12.4375,79000
12.375,12.875,12.25,12.6875,12.6875,19100
12.625,13.3125,12.625,13.0,13.0,22500
13.0625,13.0625,12.75,12.875,12.875,24200
13.0,13.1875,12.8125,12.8125,12.8125,13800
13.5,13.5,11.9375,12.0,12.0,76600
12.0,12.0,11.25,11.6875,11.6875,27400
11.8125,11.8125,11.25,11.25,11.25,14800
10.875,11.0,10.25,10.8125,10.8125,62200
10.375,10.875,10.25,10.75,10.75,62700
11.0,11.5,11.0,11.375,11.375,12000
11.75,11.75,10.8125,10.8125,10.8125,22200
10.9375,10.9375,10.75,10.75,10.75,5300
10.5,10.6875,10.5,10.5625,10.5625,21200
10.75,10.9375,10.5,10.8125,10.8125,17900
10.5,10.5,9.8125,9.9375,9.9375,26000
9.5625,9.5625,8.3125,9.5625,9.5625,148900
9.4375,9.6875,8.9375,9.0625,9.0625,67000
9.0625,9.5625,9.0625,9.4375,9.4375,22700
9.5,9.5,9.25,9.4375,9.4375,16300
9.375,9.625,9.375,9.5,9.5,46200
9.5,10.0,9.5,10.0,10.0,25400
9.9375,10.0,9.875,10.0,10.0,5700
9.75,9.875,9.5,9.625,9.625,19300
9.625,9.625,9.3125,9.375,9.375,6200
9.0,9.0625,8.5,8.875,8.875,70800
9.125,9.875,9.0,9.625,9.625,16100
9.625,10.25,9.625,10.25,10.25,27300
10.25,10.875,10.25,10.6875,10.6875,20700
10.8125,11.0625,10.5,10.75,10.75,25100
10.875,10.875,10.125,10.875,10.875,21200
10.8125,10.9375,10.5625,10.9375,10.9375,15200
10.875,11.0,10.75,10.875,10.875,14900
10.8125,10.8125,10.25,10.3125,10.3125,7900
10.375,10.625,10.25,10.25,10.25,16600
10.125,10.125,9.3125,9.4375,9.4375,21200
9.5625,9.625,9.4375,9.5625,9.5625,5700
9.5625,9.5625,8.875,9.375,9.375,16100
9.75,10.625,9.75,10.625,10.625,35900
10.5,11.8125,10.5,11.8125,11.8125,34600
11.875,12.125,11.25,11.3125,11.3125,11800
11.4375,11.4375,11.125,11.125,11.125,7700
11.0625,11.5625,10.875,11.5625,11.5625,32800
11.5625,11.5625,11.1875,11.3125,11.3125,6200
11.375,11.75,11.375,11.5,11.5,4200
11.375,11.8125,11.375,11.6875,11.6875,9500
11.75,12.0,11.625,11.75,11.75,15300
11.8125,11.8125,11.5625,11.75,11.75,11500
11.6875,11.75,11.5,11.5,11.5,7300
11.4375,11.5625,11.0,11.3125,11.3125,26500
11.1875,11.3125,11.1875,11.25,11.25,800
11.25,11.25,10.875,10.875,10.875,4200
10.75,10.9375,10.625,10.875,10.875,19900
10.875,11.0625,10.6875,10.8125,10.8125,20800
10.875,10.875,10.5625,10.5625,10.5625,900
10.5,10.5,9.9375,10.25,10.25,8000
7.5,7.75,7.1875,7.5,7.5,169000
7.5,7.5,6.625,6.6875,6.6875,99300
7.0625,7.1875,6.5,6.625,6.625,94900
6.75,7.1875,6.625,7.1875,7.1875,72100
7.3125,7.8125,7.125,7.6875,7.6875,20500
7.6875,8.125,7.6875,8.125,8.125,23900
8.125,8.375,8.0,8.125,8.125,7000
8.0,8.0,7.1875,7.3125,7.3125,19400
7.3125,7.3125,7.0,7.0,7.0,6000
7.0,7.125,6.8125,7.125,7.125,40700
7.1875,7.25,7.0,7.0,7.0,9200
7.0,7.0,6.75,6.875,6.875,42900
6.75,7.0,6.75,6.9375,6.9375,36200
6.875,6.9375,6.75,6.75,6.75,11700
6.75,6.75,6.5625,6.6875,6.6875,11100
6.6875,6.75,6.625,6.625,6.625,8100
6.6875,6.6875,6.5625,6.5625,6.5625,5600
6.625,6.6875,6.5,6.5625,6.5625,5600
6.5625,6.5625,6.375,6.4375,6.4375,8400
6.5,6.5,6.125,6.1875,6.1875,16800
6.25,6.5,6.125,6.5,6.5,44600
6.75,6.75,6.6875,6.75,6.75,13800
6.9375,7.3125,6.625,7.0,7.0,30200
6.8125,7.625,6.75,7.0625,7.0625,26900
7.25,7.25,6.6875,6.875,6.875,9100
6.8125,6.9375,6.625,6.8125,6.8125,31400
6.6875,6.8125,6.5625,6.5625,6.5625,5100
6.625,6.625,6.1875,6.5,6.5,4400
6.3125,6.3125,6.0,6.125,6.125,12000
6.1875,6.25,6.0,6.25,6.25,19300
6.5,6.875,6.5,6.6875,6.6875,7900
6.4375,6.4375,6.125,6.125,6.125,33200
6.1875,6.1875,6.0,6.0,6.0,10700
6.0,6.0625,6.0,6.0625,6.0625,3800
6.3125,6.3125,6.0625,6.125,6.125,8000
6.25,6.3125,5.9375,6.1875,6.1875,22600
6.0625,6.1875,6.0,6.0,6.0,10000
5.9375,6.125,5.9375,6.125,6.125,5400
6.0,6.125,6.0,6.125,6.125,3100
6.0625,6.1875,6.0,6.0,6.0,15700
6.25,7.125,6.25,6.75,6.75,49900
6.875,7.6875,6.875,7.5625,7.5625,72600
7.6875,8.1875,7.5625,8.125,8.125,80100
8.1875,8.875,8.1875,8.875,8.875,73700
9.0,9.375,9.0,9.3125,9.3125,41700
9.4375,9.4375,8.375,9.0,9.0,63700
8.9375,8.9375,8.3125,8.6875,8.6875,17100
8.8125,8.8125,8.25,8.375,8.375,30400
8.25,8.3125,7.875,8.25,8.25,44800
8.375,8.75,8.375,8.5,8.5,10400
8.5,8.75,8.5,8.6875,8.6875,27000
8.75,8.8125,8.3125,8.3125,8.3125,17400
8.4375,8.4375,8.3125,8.3125,8.3125,3400
8.25,8.25,7.8125,7.875,7.875,18100
8.0,8.0,7.75,8.0,8.0,6600
7.875,7.9375,7.375,7.4375,7.4375,26300
7.3125,7.4375,7.0,7.375,7.375,9400
7.4375,7.9375,7.4375,7.875,7.875,18700
8.0,8.125,7.875,8.0625,8.0625,31100
8.1875,8.1875,7.875,7.875,7.875,6100
7.9375,7.9375,7.625,7.875,7.875,1600
7.8125,7.8125,7.625,7.625,7.625,4600
7.625,7.625,7.375,7.4375,7.4375,1300
7.375,7.5625,7.1875,7.5625,7.5625,3300
7.4375,7.8125,7.4375,7.75,7.75,8600
7.8125,7.8125,7.4375,7.4375,7.4375,5900
7.5625,7.625,7.375,7.375,7.375,7600
7.625,7.625,7.375,7.4375,7.4375,5800
7.375,7.8125,7.375,7.6875,7.6875,8000
7.75,8.0,7.6875,7.6875,7.6875,21100
7.75,8.0,7.75,7.8125,7.8125,7300
7.8125,7.875,7.5,7.6875,7.6875,18300
7.6875,7.6875,7.3125,7.375,7.375,5800
7.4375,7.4375,7.0625,7.3125,7.3125,15300
7.6875,7.75,7.0,7.0625,7.0625,33200
7.375,7.8125,7.375,7.5625,7.5625,26100
7.5,7.5,7.0625,7.25,7.25,3500
7.3125,7.3125,7.0625,7.0625,7.0625,7700
6.75,7.25,6.75,7.125,7.125,52500
7.125,7.125,6.6875,6.8125,6.8125,29000
6.75,6.75,6.375,6.375,6.375,22300
6.3125,6.5,6.25,6.5,6.5,9400
6.625,6.75,6.5625,6.75,6.75,10800
6.625,6.8125,6.5625,6.625,6.625,9100
6.6875,6.6875,6.4375,6.5625,6.5625,4000
6.6875,7.1875,6.625,7.1875,7.1875,33700
7.3125,7.5,6.375,6.6875,6.6875,17900
6.5625,6.5625,6.0,6.0625,6.0625,6400
6.0,6.0625,5.9375,6.0625,6.0625,28400
6.0,6.0,5.625,5.75,5.75,39800
5.8125,6.1875,5.8125,5.9375,5.9375,7600
5.75,5.875,5.75,5.8125,5.8125,1700
5.875,5.875,5.6875,5.6875,5.6875,4500
5.625,5.875,5.625,5.75,5.75,6600
5.875,5.875,5.625,5.625,5.625,1800
5.5625,5.875,5.5625,5.6875,5.6875,6200
5.875,5.875,5.625,5.625,5.625,14500
5.75,5.75,5.4375,5.4375,5.4375,4600
5.3125,5.3125,4.75,5.0625,5.0625,47400
5.0625,5.125,4.8125,4.8125,4.8125,3400
5.25,5.25,4.875,5.1875,5.1875,21900
5.25,5.25,4.875,4.9375,4.9375,18500
5.0,5.0,4.5625,4.75,4.75,14200
4.625,4.625,4.375,4.4375,4.4375,21300
4.375,4.5625,4.1875,4.25,4.25,24600
4.0625,4.3125,3.9375,3.9375,3.9375,41900
4.0,4.0,3.75,3.875,3.875,48200
4.1875,4.625,4.1875,4.625,4.625,5200
5.25,5.4375,4.5625,4.5625,4.5625,36500
4.625,4.75,4.5,4.625,4.625,21800
4.5625,4.8125,4.5625,4.75,4.75,10200
4.6875,4.875,4.5,4.625,4.625,25200
4.5625,4.5625,4.0625,4.125,4.125,18700
4.1875,4.25,4.1875,4.1875,4.1875,9400
4.125,4.1875,4.0625,4.0625,4.0625,12200
4.0625,4.0625,3.875,4.0,4.0,40300
3.9375,4.25,3.9375,4.1875,4.1875,18100
4.1875,4.3125,4.0,4.125,4.125,38700
4.0,4.375,4.0,4.125,4.125,19000
4.0,4.3125,4.0,4.25,4.25,10900
4.375,4.375,4.125,4.125,4.125,30400
4.0625,4.125,4.0,4.125,4.125,34200
4.0625,4.25,4.0,4.25,4.25,37000
4.1875,4.1875,3.9375,3.9375,3.9375,22500
3.9375,4.0,3.875,3.9375,3.9375,28400
3.875,3.9375,3.5625,3.625,3.625,39500
3.5,3.875,3.5,3.875,3.875,35100
3.8125,4.0,3.625,3.8125,3.8125,21400
3.6875,3.6875,3.4375,3.5,3.5,23200
3.625,4.0,3.625,3.75,3.75,85300
3.875,4.25,3.875,4.125,4.125,17900
4.125,4.3125,4.0625,4.0625,4.0625,45500
4.1875,4.1875,4.0,4.125,4.125,7500
4.25,4.25,4.0,4.0625,4.0625,6600
4.0625,4.0625,3.9375,4.0625,4.0625,4900
4.1875,4.1875,3.9375,4.0625,4.0625,14600
4.125,4.625,4.125,4.5625,4.5625,29500
4.5625,5.1875,4.5625,5.1875,5.1875,52200
5.1875,5.1875,4.8125,4.9375,4.9375,6100
5.0,5.625,4.9375,5.5,5.5,11100
5.625,5.625,5.25,5.375,5.375,12500
5.5625,6.0625,5.5,5.75,5.75,18700
5.875,6.25,5.875,6.0625,6.0625,8200
6.1875,6.5625,6.1875,6.3125,6.3125,20200
6.4375,6.5625,6.3125,6.4375,6.4375,31400
6.5,6.5,5.875,6.0,6.0,21000
6.0625,6.125,5.4375,5.6875,5.6875,19300
5.75,6.0,5.75,5.875,5.875,8500
5.6875,5.8125,5.6875,5.8125,5.8125,2200
5.875,6.0625,5.8125,5.9375,5.9375,8200
5.940000057220459,5.940000057220459,5.829999923706055,5.860000133514404,5.860000133514404,3000
5.869999885559082,5.989999771118164,5.710000038146973,5.860000133514404,5.860000133514404,13900
6.0,6.0,5.900000095367432,5.900000095367432,5.900000095367432,6100
6.0,6.480000019073486,6.0,6.460000038146973,6.460000038146973,16000
6.480000019073486,6.559999942779541,6.260000228881836,6.400000095367432,6.400000095367432,24000
6.369999885559082,6.369999885559082,6.0,6.0,6.0,9300
6.010000228881836,6.050000190734863,5.989999771118164,5.989999771118164,5.989999771118164,2100
6.050000190734863,6.179999828338623,6.010000228881836,6.110000133514404,6.110000133514404,62700
6.099999904632568,6.380000114440918,5.940000057220459,6.090000152587891,6.090000152587891,11300
6.119999885559082,6.150000095367432,5.940000057220459,5.940000057220459,5.940000057220459,5700
5.949999809265137,6.0,5.900000095367432,5.929999828338623,5.929999828338623,2700
5.949999809265137,6.110000133514404,5.949999809265137,6.090000152587891,6.090000152587891,47600
6.079999923706055,6.079999923706055,5.659999847412109,5.670000076293945,5.670000076293945,12600
5.690000057220459,5.900000095367432,5.690000057220459,5.800000190734863,5.800000190734863,5900
5.639999866485596,5.639999866485596,5.329999923706055,5.329999923706055,5.329999923706055,15500
5.369999885559082,5.940000057220459,5.369999885559082,5.599999904632568,5.599999904632568,31700
5.539999961853027,5.710000038146973,4.349999904632568,4.349999904632568,4.349999904632568,358800
4.400000095367432,4.400000095367432,3.700000047683716,3.9600000381469727,3.9600000381469727,401400
3.9600000381469727,4.239999771118164,3.9600000381469727,4.199999809265137,4.199999809265137,303700
4.25,4.559999942779541,4.199999809265137,4.25,4.25,82200
4.25,4.28000020980835,4.170000076293945,4.190000057220459,4.190000057220459,23400
4.25,4.25,4.159999847412109,4.190000057220459,4.190000057220459,181000
4.25,4.25,4.0,4.03000020980835,4.03000020980835,101100
4.050000190734863,4.059999942779541,3.9800000190734863,4.059999942779541,4.059999942779541,282900
4.079999923706055,4.139999866485596,4.059999942779541,4.079999923706055,4.079999923706055,44100
4.119999885559082,4.139999866485596,4.050000190734863,4.050000190734863,4.050000190734863,26800
4.039999961853027,4.070000171661377,3.9800000190734863,4.0,4.0,83700
4.0,4.0,3.910000085830689,3.940000057220459,3.940000057220459,24300
4.0,4.0,3.900000095367432,3.950000047683716,3.950000047683716,8900
3.950000047683716,3.9600000381469727,3.849999904632568,3.900000095367432,3.900000095367432,22800
3.849999904632568,4.039999961853027,3.849999904632568,4.0,4.0,187200
3.900000095367432,3.940000057220459,3.869999885559082,3.930000066757202,3.930000066757202,11700
4.0,4.0,3.809999942779541,3.900000095367432,3.900000095367432,31400
3.940000057220459,3.940000057220459,3.859999895095825,3.910000085830689,3.910000085830689,56400
3.950000047683716,3.950000047683716,3.869999885559082,3.890000104904175,3.890000104904175,13900
3.900000095367432,3.930000066757202,3.900000095367432,3.910000085830689,3.910000085830689,19100
3.910000085830689,3.910000085830689,3.700000047683716,3.700000047683716,3.700000047683716,41000
3.650000095367432,3.650000095367432,3.369999885559082,3.5199999809265137,3.5199999809265137,65200
3.5999999046325684,3.640000104904175,3.549999952316284,3.619999885559082,3.619999885559082,47900
3.849999904632568,3.849999904632568,3.7100000381469727,3.7799999713897705,3.7799999713897705,88100
3.799999952316284,3.799999952316284,3.759999990463257,3.7899999618530273,3.7899999618530273,86200
3.799999952316284,3.799999952316284,3.5999999046325684,3.5999999046325684,3.5999999046325684,3500
3.5999999046325684,3.670000076293945,3.5299999713897705,3.549999952316284,3.549999952316284,21300
3.630000114440918,3.75,3.619999885559082,3.75,3.75,45800
3.799999952316284,3.799999952316284,3.650000095367432,3.650000095367432,3.650000095367432,15600
3.650000095367432,3.650000095367432,3.400000095367432,3.400000095367432,3.400000095367432,18400
3.3499999046325684,3.400000095367432,3.220000028610229,3.240000009536743,3.240000009536743,51800
3.309999942779541,3.680000066757202,3.309999942779541,3.650000095367432,3.650000095367432,30600
3.650000095367432,3.700000047683716,3.640000104904175,3.700000047683716,3.700000047683716,57200
3.75,3.799999952316284,3.690000057220459,3.75,3.75,27500
3.7899999618530273,4.059999942779541,3.7899999618530273,4.03000020980835,4.03000020980835,50900
4.25,4.389999866485596,4.130000114440918,4.130000114440918,4.130000114440918,56500
4.099999904632568,4.099999904632568,3.900000095367432,3.9800000190734863,3.9800000190734863,30200
4.0,4.0,3.7799999713897705,3.799999952316284,3.799999952316284,60800
3.809999942779541,3.930000066757202,3.799999952316284,3.930000066757202,3.930000066757202,21400
4.0,4.199999809265137,4.0,4.190000057220459,4.190000057220459,63700
4.190000057220459,4.639999866485596,4.190000057220459,4.610000133514404,4.610000133514404,122800
4.650000095367432,5.03000020980835,4.639999866485596,5.019999980926514,5.019999980926514,144300
5.0,5.0,4.550000190734863,4.559999942779541,4.559999942779541,10400
4.630000114440918,4.96999979019165,4.559999942779541,4.659999847412109,4.659999847412109,63400
4.670000076293945,4.71999979019165,4.590000152587891,4.619999885559082,4.619999885559082,20900
4.699999809265137,4.96999979019165,4.699999809265137,4.949999809265137,4.949999809265137,36400
5.039999961853027,5.380000114440918,5.039999961853027,5.269999980926514,5.269999980926514,75700
5.320000171661377,5.690000057220459,5.320000171661377,5.590000152587891,5.590000152587891,57800
5.590000152587891,5.590000152587891,5.489999771118164,5.570000171661377,5.570000171661377,39700
5.650000095367432,6.230000019073486,5.650000095367432,6.159999847412109,6.159999847412109,118600
6.010000228881836,6.010000228881836,5.739999771118164,5.889999866485596,5.889999866485596,78500
5.78000020980835,5.889999866485596,5.699999809265137,5.789999961853027,5.789999961853027,60700
5.820000171661377,5.849999904632568,5.75,5.829999923706055,5.829999923706055,33400
5.900000095367432,6.170000076293945,5.900000095367432,6.130000114440918,6.130000114440918,61200
6.190000057220459,6.210000038146973,6.070000171661377,6.159999847412109,6.159999847412109,185000
6.199999809265137,6.21999979019165,6.159999847412109,6.170000076293945,6.170000076293945,28900
6.099999904632568,6.300000190734863,6.099999904632568,6.269999980926514,6.269999980926514,76100
6.269999980926514,6.269999980926514,6.050000190734863,6.050000190734863,6.050000190734863,31500
6.0,6.0,5.5,5.639999866485596,5.639999866485596,72700
5.670000076293945,5.670000076293945,5.559999942779541,5.579999923706055,5.579999923706055,212300
6.679999828338623,6.679999828338623,5.510000228881836,5.619999885559082,5.619999885559082,43700
5.610000133514404,5.610000133514404,5.420000076293945,5.420000076293945,5.420000076293945,133300
5.5,5.699999809265137,5.489999771118164,5.690000057220459,5.690000057220459,24900
5.630000114440918,5.699999809265137,5.519999980926514,5.670000076293945,5.670000076293945,43900
5.690000057220459,5.820000171661377,5.679999828338623,5.760000228881836,5.760000228881836,53600
5.789999961853027,5.789999961853027,5.349999904632568,5.71999979019165,5.71999979019165,84100
5.730000019073486,5.769999980926514,5.590000152587891,5.610000133514404,5.610000133514404,16900
5.699999809265137,5.75,5.650000095367432,5.75,5.75,42500
5.75,5.75,5.380000114440918,5.380000114440918,5.380000114440918,16000
5.309999942779541,5.400000095367432,5.25,5.25,5.25,41900
5.260000228881836,5.690000057220459,5.260000228881836,5.650000095367432,5.650000095367432,60400
5.699999809265137,6.070000171661377,5.699999809265137,5.96999979019165,5.96999979019165,74100
6.0,6.139999866485596,5.869999885559082,5.929999828338623,5.929999828338623,142000
5.889999866485596,5.909999847412109,5.78000020980835,5.860000133514404,5.860000133514404,18000
5.849999904632568,5.889999866485596,5.789999961853027,5.820000171661377,5.820000171661377,21300
5.829999923706055,5.860000133514404,5.75,5.75,5.75,83900
5.800000190734863,5.880000114440918,5.670000076293945,5.789999961853027,5.789999961853027,42900
5.699999809265137,5.800000190734863,5.699999809265137,5.800000190734863,5.800000190734863,123200
5.920000076293945,5.920000076293945,5.760000228881836,5.78000020980835,5.78000020980835,9700
5.789999961853027,5.789999961853027,5.710000038146973,5.71999979019165,5.71999979019165,6300
5.909999847412109,5.909999847412109,5.53000020980835,5.679999828338623,5.679999828338623,31900
5.599999904632568,5.690000057220459,5.539999961853027,5.550000190734863,5.550000190734863,16400
5.5,5.599999904632568,5.5,5.570000171661377,5.570000171661377,25500
5.519999980926514,5.670000076293945,5.519999980926514,5.650000095367432,5.650000095367432,146400
5.699999809265137,5.75,5.630000114440918,5.730000019073486,5.730000019073486,10200
5.690000057220459,5.739999771118164,5.630000114440918,5.699999809265137,5.699999809265137,207000
5.699999809265137,5.940000057220459,5.659999847412109,5.75,5.75,430700
5.699999809265137,5.739999771118164,5.630000114440918,5.710000038146973,5.710000038146973,84600
5.710000038146973,5.760000228881836,5.710000038146973,5.739999771118164,5.739999771118164,119900
5.760000228881836,5.760000228881836,5.679999828338623,5.730000019073486,5.730000019073486,82400
5.710000038146973,5.840000152587891,5.670000076293945,5.730000019073486,5.730000019073486,81200
5.880000114440918,6.110000133514404,5.699999809265137,5.699999809265137,5.699999809265137,154200
5.769999980926514,5.769999980926514,5.690000057220459,5.71999979019165,5.71999979019165,11100
5.659999847412109,5.849999904632568,5.659999847412109,5.739999771118164,5.739999771118164,35100
5.739999771118164,5.789999961853027,5.639999866485596,5.760000228881836,5.760000228881836,61100
5.71999979019165,5.940000057220459,5.71999979019165,5.849999904632568,5.849999904632568,404400
5.849999904632568,5.900000095367432,5.829999923706055,5.869999885559082,5.869999885559082,199000
5.849999904632568,5.860000133514404,5.820000171661377,5.829999923706055,5.829999923706055,27500
5.829999923706055,5.849999904632568,5.769999980926514,5.800000190734863,5.800000190734863,27300
5.809999942779541,5.809999942779541,5.739999771118164,5.789999961853027,5.789999961853027,7100
5.789999961853027,5.889999866485596,5.789999961853027,5.860000133514404,5.860000133514404,51100
5.880000114440918,5.880000114440918,5.809999942779541,5.849999904632568,5.849999904632568,18400
5.849999904632568,5.869999885559082,5.730000019073486,5.730000019073486,5.730000019073486,23900
5.769999980926514,5.789999961853027,5.730000019073486,5.739999771118164,5.739999771118164,7200
5.789999961853027,5.820000171661377,5.710000038146973,5.820000171661377,5.820000171661377,44800
5.849999904632568,5.849999904632568,5.659999847412109,5.659999847412109,5.659999847412109,24800
5.659999847412109,5.75,5.550000190734863,5.699999809265137,5.699999809265137,38800
5.71999979019165,5.71999979019165,5.659999847412109,5.670000076293945,5.670000076293945,6900
5.670000076293945,5.730000019073486,5.630000114440918,5.639999866485596,5.639999866485596,110600
5.710000038146973,5.710000038146973,5.599999904632568,5.639999866485596,5.639999866485596,133200
5.670000076293945,5.849999904632568,5.550000190734863,5.550000190734863,5.550000190734863,191500
5.550000190734863,5.800000190734863,5.550000190734863,5.699999809265137,5.699999809265137,663300
5.699999809265137,6.099999904632568,5.699999809265137,6.050000190734863,6.050000190734863,885200
6.199999809265137,6.329999923706055,5.849999904632568,5.869999885559082,5.869999885559082,272900
5.800000190734863,5.920000076293945,5.75,5.820000171661377,5.820000171661377,975600
5.75,5.849999904632568,5.639999866485596,5.659999847412109,5.659999847412109,142700
5.849999904632568,5.909999847412109,5.739999771118164,5.889999866485596,5.889999866485596,198200
5.940000057220459,6.099999904632568,5.730000019073486,5.760000228881836,5.760000228881836,91700
5.75,5.800000190734863,5.610000133514404,5.699999809265137,5.699999809265137,212300
5.690000057220459,5.690000057220459,5.5,5.550000190734863,5.550000190734863,23500
5.539999961853027,5.539999961853027,5.480000019073486,5.519999980926514,5.519999980926514,200900
5.570000171661377,5.619999885559082,5.400000095367432,5.480000019073486,5.480000019073486,54800
5.489999771118164,5.489999771118164,5.369999885559082,5.400000095367432,5.400000095367432,34300
5.349999904632568,5.400000095367432,5.210000038146973,5.269999980926514,5.269999980926514,92800
5.25,5.25,5.179999828338623,5.239999771118164,5.239999771118164,40800
5.199999809265137,5.349999904632568,5.150000095367432,5.289999961853027,5.289999961853027,127000
5.289999961853027,5.309999942779541,5.199999809265137,5.28000020980835,5.28000020980835,50000
5.309999942779541,5.389999866485596,5.260000228881836,5.369999885559082,5.369999885559082,99100
5.389999866485596,5.420000076293945,5.300000190734863,5.380000114440918,5.380000114440918,35500
5.300000190734863,5.590000152587891,5.300000190734863,5.550000190734863,5.550000190734863,63000
5.590000152587891,5.590000152587891,5.349999904632568,5.389999866485596,5.389999866485596,27700
5.340000152587891,5.449999809265137,5.300000190734863,5.449999809265137,5.449999809265137,415400
5.5,5.53000020980835,5.429999828338623,5.46999979019165,5.46999979019165,62600
5.489999771118164,5.489999771118164,5.400000095367432,5.440000057220459,5.440000057220459,8100
5.389999866485596,5.489999771118164,5.389999866485596,5.480000019073486,5.480000019073486,38300
5.449999809265137,5.679999828338623,5.449999809265137,5.53000020980835,5.53000020980835,124000
5.389999866485596,5.699999809265137,5.389999866485596,5.699999809265137,5.699999809265137,66400
5.699999809265137,5.730000019073486,5.630000114440918,5.699999809265137,5.699999809265137,248400
5.670000076293945,5.690000057220459,5.5,5.550000190734863,5.550000190734863,31700
5.5,5.539999961853027,5.400000095367432,5.539999961853027,5.539999961853027,45900
5.25,5.650000095367432,5.150000095367432,5.639999866485596,5.639999866485596,167000
5.639999866485596,5.639999866485596,5.5,5.53000020980835,5.53000020980835,16800
5.5,5.590000152587891,5.199999809265137,5.5,5.5,82700
5.449999809265137,5.5,5.150000095367432,5.380000114440918,5.380000114440918,80600
4.980000019073486,5.320000171661377,4.980000019073486,5.300000190734863,5.300000190734863,140800
5.150000095367432,5.440000057220459,5.150000095367432,5.429999828338623,5.429999828338623,109200
5.429999828338623,5.5,5.400000095367432,5.400000095367432,5.400000095367432,51700
5.409999847412109,5.409999847412109,5.300000190734863,5.320000171661377,5.320000171661377,91700
5.300000190734863,5.489999771118164,5.300000190734863,5.489999771118164,5.489999771118164,184500
5.5,5.820000171661377,5.46999979019165,5.809999942779541,5.809999942779541,85500
5.769999980926514,6.059999942779541,5.53000020980835,6.03000020980835,6.03000020980835,139600
6.0,6.059999942779541,5.71999979019165,5.860000133514404,5.860000133514404,39500
5.809999942779541,5.980000019073486,5.760000228881836,5.849999904632568,5.849999904632568,50700
5.880000114440918,6.110000133514404,5.860000133514404,6.110000133514404,6.110000133514404,58000
6.099999904632568,6.110000133514404,5.909999847412109,6.090000152587891,6.090000152587891,42000
6.110000133514404,6.170000076293945,6.070000171661377,6.110000133514404,6.110000133514404,26100
6.059999942779541,6.170000076293945,5.920000076293945,5.980000019073486,5.980000019073486,50100
6.190000057220459,6.380000114440918,6.0,6.349999904632568,6.349999904632568,248900
6.400000095367432,6.460000038146973,6.119999885559082,6.119999885559082,6.119999885559082,72900
6.059999942779541,6.090000152587891,5.920000076293945,5.980000019073486,5.980000019073486,91200
5.920000076293945,6.099999904632568,5.920000076293945,6.059999942779541,6.059999942779541,316600
6.150000095367432,6.360000133514404,6.050000190734863,6.349999904632568,6.349999904632568,60200
6.400000095367432,6.699999809265137,6.400000095367432,6.559999942779541,6.559999942779541,542700
6.550000190734863,6.599999904632568,6.289999961853027,6.409999847412109,6.409999847412109,57900
6.409999847412109,6.429999828338623,6.170000076293945,6.409999847412109,6.409999847412109,27300
6.409999847412109,6.409999847412109,6.309999942779541,6.320000171661377,6.320000171661377,552800
6.300000190734863,6.409999847412109,6.28000020980835,6.380000114440918,6.380000114440918,134600
6.300000190734863,6.340000152587891,6.199999809265137,6.28000020980835,6.28000020980835,50200
6.25,6.300000190734863,6.230000019073486,6.289999961853027,6.289999961853027,50900
6.199999809265137,6.360000133514404,6.199999809265137,6.360000133514404,6.360000133514404,33800
6.349999904632568,6.46999979019165,6.269999980926514,6.440000057220459,6.440000057220459,64000
6.389999866485596,6.389999866485596,6.260000228881836,6.329999923706055,6.329999923706055,28100
6.25,6.599999904632568,6.25,6.389999866485596,6.389999866485596,66900
6.440000057220459,6.650000095367432,6.440000057220459,6.610000133514404,6.610000133514404,70600
6.599999904632568,6.650000095367432,6.429999828338623,6.440000057220459,6.440000057220459,33700
6.389999866485596,6.460000038146973,6.329999923706055,6.440000057220459,6.440000057220459,24800
6.489999771118164,6.690000057220459,6.400000095367432,6.670000076293945,6.670000076293945,169900
6.699999809265137,6.980000019073486,6.679999828338623,6.900000095367432,6.900000095367432,165900
6.900000095367432,6.960000038146973,6.800000190734863,6.829999923706055,6.829999923706055,102100
6.829999923706055,7.0,6.809999942779541,6.949999809265137,6.949999809265137,170400
7.0,7.239999771118164,6.800000190734863,7.199999809265137,7.199999809265137,231900
7.260000228881836,7.380000114440918,6.800000190734863,6.949999809265137,6.949999809265137,184700
6.989999771118164,7.0,6.75,6.769999980926514,6.769999980926514,54500
6.789999961853027,7.25,6.769999980926514,7.21999979019165,7.21999979019165,143200
7.25,7.25,7.110000133514404,7.25,7.25,210000
7.28000020980835,7.329999923706055,6.940000057220459,7.070000171661377,7.070000171661377,96900
7.019999980926514,7.019999980926514,6.849999904632568,6.909999847412109,6.909999847412109,97600
6.869999885559082,6.909999847412109,6.610000133514404,6.900000095367432,6.900000095367432,89200
6.980000019073486,7.03000020980835,6.960000038146973,6.980000019073486,6.980000019073486,42900
7.0,7.239999771118164,6.980000019073486,7.199999809265137,7.199999809265137,175200
7.199999809265137,7.25,7.0,7.019999980926514,7.019999980926514,60400
7.0,7.239999771118164,6.949999809265137,7.050000190734863,7.050000190734863,103400
7.099999904632568,7.25,7.059999942779541,7.190000057220459,7.190000057220459,134600
7.190000057220459,7.489999771118164,7.159999847412109,7.460000038146973,7.460000038146973,217900
7.449999809265137,7.559999942779541,7.349999904632568,7.349999904632568,7.349999904632568,343900
7.25,7.25,7.150000095367432,7.230000019073486,7.230000019073486,82400
7.28000020980835,7.5,7.28000020980835,7.389999866485596,7.389999866485596,110200
7.440000057220459,7.480000019073486,7.210000038146973,7.400000095367432,7.400000095367432,76500
7.360000133514404,7.360000133514404,7.260000228881836,7.269999980926514,7.269999980926514,71700
7.289999961853027,7.289999961853027,7.110000133514404,7.139999866485596,7.139999866485596,42600
7.139999866485596,7.150000095367432,6.860000133514404,6.929999828338623,6.929999828338623,96000
6.929999828338623,7.079999923706055,6.650000095367432,7.0,7.0,72700
7.050000190734863,7.050000190734863,6.860000133514404,6.929999828338623,6.929999828338623,52100
7.099999904632568,7.110000133514404,6.929999828338623,7.110000133514404,7.110000133514404,26400
6.949999809265137,7.099999904632568,6.920000076293945,6.960000038146973,6.960000038146973,71800
6.860000133514404,6.909999847412109,6.650000095367432,6.820000171661377,6.820000171661377,30600
6.730000019073486,6.900000095367432,6.610000133514404,6.690000057220459,6.690000057220459,133200
6.599999904632568,6.889999866485596,6.599999904632568,6.849999904632568,6.849999904632568,102600
6.800000190734863,7.0,6.800000190734863,6.940000057220459,6.940000057220459,124700
6.940000057220459,7.0,6.809999942779541,6.960000038146973,6.960000038146973,27800
6.920000076293945,6.929999828338623,6.579999923706055,6.630000114440918,6.630000114440918,26200
6.699999809265137,7.349999904632568,6.650000095367432,7.099999904632568,7.099999904632568,204200
7.179999828338623,7.440000057220459,7.179999828338623,7.409999847412109,7.409999847412109,87100
7.429999828338623,7.610000133514404,7.400000095367432,7.550000190734863,7.550000190734863,113200
7.599999904632568,7.599999904632568,7.300000190734863,7.429999828338623,7.429999828338623,55700
7.449999809265137,7.510000228881836,7.389999866485596,7.480000019073486,7.480000019073486,49700
7.53000020980835,7.659999847412109,7.420000076293945,7.650000095367432,7.650000095367432,123500
7.900000095367432,8.119999885559082,7.699999809265137,7.849999904632568,7.849999904632568,195300
7.929999828338623,7.929999828338623,7.659999847412109,7.800000190734863,7.800000190734863,40500
7.78000020980835,7.869999885559082,7.639999866485596,7.650000095367432,7.650000095367432,172700
7.699999809265137,7.71999979019165,7.420000076293945,7.5,7.5,43100
7.449999809265137,7.559999942779541,7.25,7.550000190734863,7.550000190734863,65400
7.449999809265137,7.46999979019165,7.21999979019165,7.25,7.25,53800
7.130000114440918,7.5,7.130000114440918,7.260000228881836,7.260000228881836,92900
7.25,7.300000190734863,7.119999885559082,7.199999809265137,7.199999809265137,237500
7.190000057220459,7.28000020980835,7.070000171661377,7.099999904632568,7.099999904632568,80900
7.199999809265137,7.570000171661377,7.199999809265137,7.440000057220459,7.440000057220459,92400
7.440000057220459,7.460000038146973,7.159999847412109,7.210000038146973,7.210000038146973,94200
7.210000038146973,7.210000038146973,7.019999980926514,7.099999904632568,7.099999904632568,71500
7.099999904632568,7.199999809265137,7.010000228881836,7.119999885559082,7.119999885559082,90600
7.119999885559082,7.139999866485596,6.820000171661377,6.960000038146973,6.960000038146973,111800
6.900000095367432,7.0,6.840000152587891,6.960000038146973,6.960000038146973,39700
7.0,7.050000190734863,6.860000133514404,6.940000057220459,6.940000057220459,42700
6.900000095367432,6.980000019073486,6.739999771118164,6.78000020980835,6.78000020980835,64300
6.840000152587891,6.840000152587891,6.550000190734863,6.559999942779541,6.559999942779541,58400
6.510000228881836,6.769999980926514,6.349999904632568,6.730000019073486,6.730000019073486,81400
6.699999809265137,6.699999809265137,6.349999904632568,6.409999847412109,6.409999847412109,70200
6.380000114440918,6.5,6.360000133514404,6.429999828338623,6.429999828338623,46300
6.489999771118164,6.519999980926514,6.289999961853027,6.300000190734863,6.300000190734863,60600
6.21999979019165,6.349999904632568,6.090000152587891,6.320000171661377,6.320000171661377,128900
6.260000228881836,6.519999980926514,6.260000228881836,6.5,6.5,56900
6.409999847412109,6.699999809265137,6.409999847412109,6.650000095367432,6.650000095367432,37800
6.659999847412109,6.829999923706055,6.659999847412109,6.730000019073486,6.730000019073486,34300
6.730000019073486,6.829999923706055,6.670000076293945,6.760000228881836,6.760000228881836,25700
6.730000019073486,6.789999961853027,6.400000095367432,6.510000228881836,6.510000228881836,44200
6.53000020980835,6.659999847412109,6.53000020980835,6.590000152587891,6.590000152587891,29000
6.590000152587891,6.650000095367432,6.440000057220459,6.650000095367432,6.650000095367432,58700
6.599999904632568,6.599999904632568,6.349999904632568,6.460000038146973,6.460000038146973,21600
6.449999809265137,6.570000171661377,6.440000057220459,6.449999809265137,6.449999809265137,38200
6.449999809265137,6.449999809265137,6.400000095367432,6.400000095367432,6.400000095367432,9400
6.400000095367432,6.5,6.400000095367432,6.5,6.5,40500
6.5,6.71999979019165,6.5,6.5,6.5,83000
6.599999904632568,6.619999885559082,6.409999847412109,6.409999847412109,6.409999847412109,28400
6.460000038146973,6.699999809265137,6.460000038146973,6.650000095367432,6.650000095367432,97700
6.71999979019165,6.900000095367432,6.639999866485596,6.739999771118164,6.739999771118164,60600
6.659999847412109,6.699999809265137,6.610000133514404,6.630000114440918,6.630000114440918,32700
6.699999809265137,6.699999809265137,6.539999961853027,6.570000171661377,6.570000171661377,33800
6.550000190734863,6.610000133514404,6.550000190734863,6.579999923706055,6.579999923706055,69400
6.599999904632568,6.889999866485596,6.599999904632568,6.869999885559082,6.869999885559082,91600
6.900000095367432,7.239999771118164,6.900000095367432,7.130000114440918,7.130000114440918,158400
7.050000190734863,7.300000190734863,6.980000019073486,7.239999771118164,7.239999771118164,51400
6.75,7.099999904632568,6.75,7.010000228881836,7.010000228881836,79400
7.0,7.190000057220459,6.920000076293945,6.940000057220459,6.940000057220459,36600
7.010000228881836,7.010000228881836,6.829999923706055,6.860000133514404,6.860000133514404,13000
6.809999942779541,6.900000095367432,6.699999809265137,6.860000133514404,6.860000133514404,126200
6.880000114440918,6.960000038146973,6.849999904632568,6.949999809265137,6.949999809265137,112400
6.960000038146973,7.070000171661377,6.960000038146973,7.0,7.0,52200
7.050000190734863,7.050000190734863,6.949999809265137,6.960000038146973,6.960000038146973,20900
6.860000133514404,7.019999980926514,6.860000133514404,6.960000038146973,6.960000038146973,22900
6.920000076293945,6.96999979019165,6.920000076293945,6.960000038146973,6.960000038146973,19700
6.900000095367432,6.929999828338623,6.599999904632568,6.599999904632568,6.599999904632568,32200
6.579999923706055,6.579999923706055,6.409999847412109,6.449999809265137,6.449999809265137,50400
6.440000057220459,6.519999980926514,6.320000171661377,6.349999904632568,6.349999904632568,37000
6.300000190734863,6.300000190734863,5.900000095367432,6.099999904632568,6.099999904632568,109800
6.039999961853027,6.190000057220459,5.820000171661377,5.820000171661377,5.820000171661377,84100
5.820000171661377,5.820000171661377,5.650000095367432,5.699999809265137,5.699999809265137,65000
5.710000038146973,6.090000152587891,5.710000038146973,6.090000152587891,6.090000152587891,81200
6.099999904632568,6.119999885559082,5.940000057220459,6.010000228881836,6.010000228881836,33900
6.019999980926514,6.039999961853027,5.53000020980835,5.650000095367432,5.650000095367432,63800
5.590000152587891,5.650000095367432,5.039999961853027,5.340000152587891,5.340000152587891,105600
5.440000057220459,5.610000133514404,5.139999866485596,5.199999809265137,5.199999809265137,117900
5.199999809265137,5.199999809265137,4.900000095367432,4.960000038146973,4.960000038146973,940200
4.900000095367432,5.099999904632568,4.75,4.880000114440918,4.880000114440918,102700
4.949999809265137,4.980000019073486,4.699999809265137,4.900000095367432,4.900000095367432,39900
4.820000171661377,5.190000057220459,4.820000171661377,5.179999828338623,5.179999828338623,38000
5.25,5.380000114440918,5.150000095367432,5.230000019073486,5.230000019073486,52500
5.239999771118164,5.550000190734863,5.21999979019165,5.550000190734863,5.550000190734863,82400
5.550000190734863,5.599999904632568,5.269999980926514,5.400000095367432,5.400000095367432,54400
5.360000133514404,5.420000076293945,5.190000057220459,5.25,5.25,135300
5.320000171661377,5.400000095367432,5.170000076293945,5.199999809265137,5.199999809265137,17100
5.409999847412109,5.429999828338623,5.159999847412109,5.369999885559082,5.369999885559082,50700
5.849999904632568,5.880000114440918,5.639999866485596,5.670000076293945,5.670000076293945,65700
5.789999961853027,5.789999961853027,5.210000038146973,5.28000020980835,5.28000020980835,108000
5.349999904632568,5.349999904632568,5.070000171661377,5.170000076293945,5.170000076293945,27200
5.21999979019165,5.21999979019165,5.050000190734863,5.150000095367432,5.150000095367432,29500
5.110000133514404,5.340000152587891,5.110000133514404,5.230000019073486,5.230000019073486,60100
5.360000133514404,5.429999828338623,5.300000190734863,5.360000133514404,5.360000133514404,18500
5.320000171661377,5.489999771118164,5.289999961853027,5.400000095367432,5.400000095367432,60100
5.349999904632568,5.349999904632568,5.210000038146973,5.25,5.25,42000
5.210000038146973,5.289999961853027,5.130000114440918,5.130000114440918,5.130000114440918,8400
5.150000095367432,5.25,5.050000190734863,5.130000114440918,5.130000114440918,20000
5.130000114440918,5.340000152587891,5.130000114440918,5.289999961853027,5.289999961853027,24000
5.349999904632568,5.389999866485596,5.170000076293945,5.190000057220459,5.190000057220459,10300
5.289999961853027,5.309999942779541,5.139999866485596,5.139999866485596,5.139999866485596,7900
5.099999904632568,5.170000076293945,5.050000190734863,5.110000133514404,5.110000133514404,29100
5.099999904632568,5.239999771118164,5.079999923706055,5.119999885559082,5.119999885559082,35400
5.159999847412109,5.650000095367432,5.119999885559082,5.639999866485596,5.639999866485596,98800
5.699999809265137,5.699999809265137,5.510000228881836,5.510000228881836,5.510000228881836,22600
5.590000152587891,5.650000095367432,5.550000190734863,5.630000114440918,5.630000114440918,15900
5.630000114440918,5.630000114440918,5.099999904632568,5.230000019073486,5.230000019073486,20700
5.400000095367432,5.699999809265137,5.400000095367432,5.650000095367432,5.650000095367432,60900
5.599999904632568,5.789999961853027,5.599999904632568,5.760000228881836,5.760000228881836,123300
5.75,5.75,5.570000171661377,5.579999923706055,5.579999923706055,21600
5.5,5.760000228881836,5.5,5.670000076293945,5.670000076293945,53600
5.710000038146973,5.710000038146973,5.429999828338623,5.449999809265137,5.449999809265137,5000
5.400000095367432,5.480000019073486,5.400000095367432,5.409999847412109,5.409999847412109,20100
5.409999847412109,5.5,5.400000095367432,5.5,5.5,30500
5.5,5.619999885559082,5.380000114440918,5.380000114440918,5.380000114440918,23500
5.380000114440918,5.440000057220459,5.25,5.360000133514404,5.360000133514404,28300
5.329999923706055,5.489999771118164,5.269999980926514,5.440000057220459,5.440000057220459,13200
5.369999885559082,5.510000228881836,5.369999885559082,5.420000076293945,5.420000076293945,28100
5.440000057220459,5.53000020980835,5.440000057220459,5.460000038146973,5.460000038146973,106300
5.440000057220459,5.599999904632568,5.300000190734863,5.429999828338623,5.429999828338623,53300
5.360000133514404,5.639999866485596,5.360000133514404,5.480000019073486,5.480000019073486,61700
5.449999809265137,5.519999980926514,5.340000152587891,5.440000057220459,5.440000057220459,48400
5.420000076293945,5.460000038146973,5.369999885559082,5.389999866485596,5.389999866485596,23200
5.360000133514404,5.400000095367432,5.210000038146973,5.230000019073486,5.230000019073486,21100
5.159999847412109,5.190000057220459,5.110000133514404,5.150000095367432,5.150000095367432,14500
5.110000133514404,5.269999980926514,5.110000133514404,5.210000038146973,5.210000038146973,11300
5.159999847412109,5.25,4.949999809265137,4.949999809265137,4.949999809265137,28400
4.800000190734863,4.940000057220459,4.75,4.809999942779541,4.809999942779541,35600
4.800000190734863,4.909999847412109,4.75,4.800000190734863,4.800000190734863,10800
4.849999904632568,4.849999904632568,4.409999847412109,4.46999979019165,4.46999979019165,82300
4.28000020980835,4.409999847412109,4.28000020980835,4.340000152587891,4.340000152587891,104200
4.349999904632568,4.659999847412109,4.320000171661377,4.659999847412109,4.659999847412109,56100
4.599999904632568,4.599999904632568,4.440000057220459,4.559999942779541,4.559999942779541,19300
4.650000095367432,4.849999904632568,4.5,4.730000019073486,4.730000019073486,57800
4.699999809265137,4.760000228881836,4.5,4.559999942779541,4.559999942779541,41500
4.539999961853027,4.590000152587891,4.300000190734863,4.409999847412109,4.409999847412109,11900
4.409999847412109,4.489999771118164,4.25,4.489999771118164,4.489999771118164,45600
4.449999809265137,5.21999979019165,4.449999809265137,5.0,5.0,81000
4.909999847412109,4.920000076293945,4.690000057220459,4.739999771118164,4.739999771118164,12300
4.739999771118164,4.840000152587891,4.659999847412109,4.789999961853027,4.789999961853027,42200
4.760000228881836,4.760000228881836,4.570000171661377,4.630000114440918,4.630000114440918,50900
4.579999923706055,4.690000057220459,4.5,4.5,4.5,6000
4.409999847412109,4.570000171661377,4.409999847412109,4.570000171661377,4.570000171661377,25200
4.5,4.739999771118164,4.429999828338623,4.480000019073486,4.480000019073486,22300
4.449999809265137,4.5,4.309999942779541,4.409999847412109,4.409999847412109,20500
4.429999828338623,4.699999809265137,4.429999828338623,4.630000114440918,4.630000114440918,11700
4.53000020980835,4.739999771118164,4.53000020980835,4.559999942779541,4.559999942779541,26900
4.510000228881836,4.510000228881836,4.380000114440918,4.420000076293945,4.420000076293945,12600
4.380000114440918,4.400000095367432,4.150000095367432,4.300000190734863,4.300000190734863,47900
4.199999809265137,4.369999885559082,4.099999904632568,4.25,4.25,44500
4.150000095367432,4.300000190734863,4.130000114440918,4.130000114440918,4.130000114440918,17300
3.849999904632568,3.9800000190734863,3.740000009536743,3.839999914169312,3.839999914169312,45600
3.809999942779541,3.849999904632568,3.5999999046325684,3.5999999046325684,3.5999999046325684,82500
3.549999952316284,3.559999942779541,3.299999952316284,3.4800000190734863,3.4800000190734863,18100
3.5799999237060547,3.990000009536743,3.5799999237060547,3.990000009536743,3.990000009536743,25700
3.990000009536743,4.099999904632568,3.910000085830689,4.0,4.0,77200
4.010000228881836,4.010000228881836,3.880000114440918,3.880000114440918,3.880000114440918,18100
3.819999933242798,3.900000095367432,3.799999952316284,3.900000095367432,3.900000095367432,2900
4.0,4.0,3.650000095367432,3.700000047683716,3.700000047683716,6200
3.660000085830689,3.700000047683716,3.650000095367432,3.650000095367432,3.650000095367432,9800
3.700000047683716,3.7899999618530273,3.680000066757202,3.759999990463257,3.759999990463257,62400
3.7899999618530273,3.880000114440918,3.670000076293945,3.670000076293945,3.670000076293945,32800
3.660000085830689,3.740000009536743,3.549999952316284,3.740000009536743,3.740000009536743,22200
3.7200000286102295,3.839999914169312,3.7200000286102295,3.839999914169312,3.839999914169312,4100
3.849999904632568,3.880000114440918,3.700000047683716,3.869999885559082,3.869999885559082,18200
3.849999904632568,3.910000085830689,3.700000047683716,3.700000047683716,3.700000047683716,15900
3.799999952316284,3.809999942779541,3.670000076293945,3.700000047683716,3.700000047683716,19300
3.650000095367432,3.75,3.650000095367432,3.7300000190734863,3.7300000190734863,17800
3.75,4.0,3.75,4.0,4.0,34300
4.019999980926514,4.150000095367432,3.990000009536743,4.0,4.0,24800
3.990000009536743,4.150000095367432,3.990000009536743,4.130000114440918,4.130000114440918,12000
4.150000095367432,4.320000171661377,4.139999866485596,4.239999771118164,4.239999771118164,8900
4.320000171661377,4.46999979019165,4.309999942779541,4.409999847412109,4.409999847412109,30200
4.480000019073486,4.489999771118164,4.420000076293945,4.420000076293945,4.420000076293945,4500
4.480000019073486,4.599999904632568,4.440000057220459,4.449999809265137,4.449999809265137,8700
4.429999828338623,4.429999828338623,4.199999809265137,4.260000228881836,4.260000228881836,12700
4.199999809265137,4.199999809265137,4.099999904632568,4.110000133514404,4.110000133514404,2200
4.050000190734863,4.119999885559082,3.9800000190734863,4.010000228881836,4.010000228881836,4700
4.03000020980835,4.349999904632568,3.920000076293945,4.010000228881836,4.010000228881836,34300
4.0,4.289999961853027,4.0,4.28000020980835,4.28000020980835,25900
4.199999809265137,4.269999980926514,4.0,4.03000020980835,4.03000020980835,62200
3.950000047683716,4.010000228881836,3.900000095367432,3.900000095367432,3.900000095367432,35800
3.900000095367432,3.990000009536743,3.900000095367432,3.920000076293945,3.920000076293945,21400
3.859999895095825,3.950000047683716,3.859999895095825,3.900000095367432,3.900000095367432,23500
3.849999904632568,3.930000066757202,3.849999904632568,3.890000104904175,3.890000104904175,1600
3.990000009536743,4.150000095367432,3.7899999618530273,3.7899999618530273,3.7899999618530273,13200
3.75,3.75,3.609999895095825,3.609999895095825,3.609999895095825,7700
3.650000095367432,3.670000076293945,3.640000104904175,3.640000104904175,3.640000104904175,12700
3.75,3.75,3.619999885559082,3.7100000381469727,3.7100000381469727,23200
3.690000057220459,3.7799999713897705,3.660000085830689,3.670000076293945,3.670000076293945,15100
3.660000085830689,3.660000085830689,3.5,3.5799999237060547,3.5799999237060547,28500
3.5199999809265137,3.5199999809265137,3.200000047683716,3.3299999237060547,3.3299999237060547,52700
3.3499999046325684,3.5299999713897705,3.319999933242798,3.430000066757202,3.430000066757202,67200
3.299999952316284,3.470000028610229,3.2300000190734863,3.2699999809265137,3.2699999809265137,9400
3.2699999809265137,3.3499999046325684,3.259999990463257,3.309999942779541,3.309999942779541,52500
3.3399999141693115,3.7300000190734863,3.3399999141693115,3.7200000286102295,3.7200000286102295,55300
3.75,4.199999809265137,3.75,4.019999980926514,4.019999980926514,61700
4.019999980926514,4.070000171661377,3.900000095367432,3.9800000190734863,3.9800000190734863,20000
3.9800000190734863,3.9800000190734863,3.619999885559082,3.849999904632568,3.849999904632568,71000
3.849999904632568,3.900000095367432,3.7200000286102295,3.890000104904175,3.890000104904175,15500
3.920000076293945,4.050000190734863,3.849999904632568,3.910000085830689,3.910000085830689,16500
3.930000066757202,4.0,3.849999904632568,3.910000085830689,3.910000085830689,8900
3.910000085830689,3.910000085830689,3.5899999141693115,3.660000085830689,3.660000085830689,76800
3.660000085830689,3.660000085830689,3.450000047683716,3.450000047683716,3.450000047683716,15200
3.450000047683716,3.5899999141693115,3.450000047683716,3.470000028610229,3.470000028610229,42000
3.400000095367432,4.03000020980835,3.400000095367432,3.7899999618530273,3.7899999618530273,35900
3.7100000381469727,3.920000076293945,3.7100000381469727,3.839999914169312,3.839999914169312,24100
3.7799999713897705,3.900000095367432,3.7799999713897705,3.799999952316284,3.799999952316284,30700
3.7699999809265137,3.869999885559082,3.7699999809265137,3.859999895095825,3.859999895095825,7900
3.900000095367432,4.010000228881836,3.880000114440918,3.900000095367432,3.900000095367432,35300
3.849999904632568,4.010000228881836,3.75,4.0,4.0,13700
4.050000190734863,4.329999923706055,4.050000190734863,4.21999979019165,4.21999979019165,76900
4.239999771118164,4.28000020980835,4.210000038146973,4.25,4.25,52100
4.230000019073486,4.329999923706055,4.099999904632568,4.199999809265137,4.199999809265137,47000
4.28000020980835,4.369999885559082,4.210000038146973,4.349999904632568,4.349999904632568,44300
4.360000133514404,4.699999809265137,4.289999961853027,4.610000133514404,4.610000133514404,88100
4.699999809265137,4.730000019073486,4.630000114440918,4.650000095367432,4.650000095367432,59300
4.639999866485596,4.639999866485596,4.510000228881836,4.539999961853027,4.539999961853027,50400
4.619999885559082,4.639999866485596,4.519999980926514,4.550000190734863,4.550000190734863,24800
4.5,4.5,4.400000095367432,4.400000095367432,4.400000095367432,16100
4.400000095367432,4.400000095367432,4.300000190734863,4.309999942779541,4.309999942779541,19300
4.329999923706055,4.5,4.329999923706055,4.46999979019165,4.46999979019165,33300
4.449999809265137,4.570000171661377,4.389999866485596,4.53000020980835,4.53000020980835,36500
4.53000020980835,4.650000095367432,4.489999771118164,4.519999980926514,4.519999980926514,34400
4.570000171661377,4.570000171661377,4.289999961853027,4.349999904632568,4.349999904632568,16300
4.420000076293945,4.519999980926514,4.420000076293945,4.510000228881836,4.510000228881836,26800
4.449999809265137,4.519999980926514,4.409999847412109,4.5,4.5,19900
4.53000020980835,4.599999904632568,4.460000038146973,4.5,4.5,28600
4.510000228881836,4.550000190734863,4.400000095367432,4.409999847412109,4.409999847412109,16500
4.440000057220459,4.449999809265137,4.389999866485596,4.389999866485596,4.389999866485596,16300
4.429999828338623,4.440000057220459,4.309999942779541,4.360000133514404,4.360000133514404,16200
4.440000057220459,4.460000038146973,4.360000133514404,4.409999847412109,4.409999847412109,27300
4.400000095367432,4.409999847412109,4.360000133514404,4.360000133514404,4.360000133514404,11800
4.440000057220459,4.440000057220459,4.340000152587891,4.380000114440918,4.380000114440918,17900
4.380000114440918,4.429999828338623,4.369999885559082,4.380000114440918,4.380000114440918,23800
4.389999866485596,4.420000076293945,4.380000114440918,4.400000095367432,4.400000095367432,18300
4.420000076293945,4.699999809265137,4.400000095367432,4.550000190734863,4.550000190734863,72000
4.449999809265137,4.78000020980835,4.449999809265137,4.550000190734863,4.550000190734863,129300
4.550000190734863,4.78000020980835,4.5,4.699999809265137,4.699999809265137,82600
4.75,4.869999885559082,4.630000114440918,4.829999923706055,4.829999923706055,51100
4.929999828338623,4.929999828338623,4.829999923706055,4.869999885559082,4.869999885559082,28300
5.0,5.119999885559082,5.0,5.050000190734863,5.050000190734863,95400
5.150000095367432,5.269999980926514,5.050000190734863,5.150000095367432,5.150000095367432,46500
5.150000095367432,5.150000095367432,5.0,5.059999942779541,5.059999942779541,24600
4.949999809265137,4.989999771118164,4.880000114440918,4.96999979019165,4.96999979019165,10900
5.03000020980835,5.03000020980835,4.78000020980835,4.820000171661377,4.820000171661377,9700
4.75,4.75,3.900000095367432,4.170000076293945,4.170000076293945,124800
4.199999809265137,4.420000076293945,4.199999809265137,4.320000171661377,4.320000171661377,38000
4.349999904632568,4.599999904632568,4.349999904632568,4.599999904632568,4.599999904632568,39700
4.619999885559082,4.860000133514404,4.599999904632568,4.860000133514404,4.860000133514404,96100
4.920000076293945,5.050000190734863,4.920000076293945,5.050000190734863,5.050000190734863,31600
5.0,5.010000228881836,4.809999942779541,4.869999885559082,4.869999885559082,48500
4.849999904632568,4.849999904632568,4.559999942779541,4.559999942779541,4.559999942779541,18600
4.559999942779541,4.630000114440918,4.53000020980835,4.599999904632568,4.599999904632568,39600
4.679999828338623,4.679999828338623,4.539999961853027,4.539999961853027,4.539999961853027,30600
4.519999980926514,4.539999961853027,4.489999771118164,4.5,4.5,12700
4.5,4.5,4.420000076293945,4.489999771118164,4.489999771118164,30000
4.429999828338623,4.429999828338623,4.21999979019165,4.400000095367432,4.400000095367432,40100
4.380000114440918,4.440000057220459,4.340000152587891,4.420000076293945,4.420000076293945,18800
4.369999885559082,4.449999809265137,4.179999828338623,4.21999979019165,4.21999979019165,15800
4.300000190734863,4.449999809265137,4.300000190734863,4.340000152587891,4.340000152587891,51000
4.320000171661377,4.389999866485596,4.239999771118164,4.289999961853027,4.289999961853027,29800
4.349999904632568,4.369999885559082,4.230000019073486,4.369999885559082,4.369999885559082,22800
4.349999904632568,4.349999904632568,4.199999809265137,4.340000152587891,4.340000152587891,47400
4.349999904632568,4.449999809265137,4.349999904632568,4.409999847412109,4.409999847412109,30600
4.440000057220459,4.539999961853027,4.440000057220459,4.539999961853027,4.539999961853027,225900
4.639999866485596,4.639999866485596,4.369999885559082,4.369999885559082,4.369999885559082,330500
4.360000133514404,4.420000076293945,4.28000020980835,4.409999847412109,4.409999847412109,31500
4.409999847412109,4.550000190734863,4.409999847412109,4.539999961853027,4.539999961853027,410700
4.53000020980835,4.610000133514404,4.53000020980835,4.579999923706055,4.579999923706055,356800
4.679999828338623,4.71999979019165,4.53000020980835,4.550000190734863,4.550000190734863,15200
4.550000190734863,4.630000114440918,4.550000190734863,4.610000133514404,4.610000133514404,38300
4.630000114440918,4.800000190734863,4.599999904632568,4.78000020980835,4.78000020980835,37400
4.840000152587891,4.920000076293945,4.75,4.789999961853027,4.789999961853027,31200
4.789999961853027,4.800000190734863,4.590000152587891,4.659999847412109,4.659999847412109,30900
4.659999847412109,4.800000190734863,4.659999847412109,4.699999809265137,4.699999809265137,85700
4.679999828338623,4.679999828338623,4.550000190734863,4.550000190734863,4.550000190734863,363100
4.630000114440918,4.789999961853027,4.619999885559082,4.690000057220459,4.690000057220459,46900
4.650000095367432,4.829999923706055,4.650000095367432,4.75,4.75,367300
4.699999809265137,4.730000019073486,4.659999847412109,4.659999847412109,4.659999847412109,16600
4.78000020980835,4.880000114440918,4.699999809265137,4.739999771118164,4.739999771118164,84800
4.71999979019165,4.71999979019165,4.639999866485596,4.639999866485596,4.639999866485596,31500
4.599999904632568,4.659999847412109,4.559999942779541,4.579999923706055,4.579999923706055,8900
4.579999923706055,4.849999904632568,4.579999923706055,4.849999904632568,4.849999904632568,46500
4.949999809265137,4.949999809265137,4.699999809265137,4.78000020980835,4.78000020980835,34500
4.75,4.809999942779541,4.650000095367432,4.800000190734863,4.800000190734863,54000
4.800000190734863,4.880000114440918,4.78000020980835,4.820000171661377,4.820000171661377,19300
4.900000095367432,4.900000095367432,4.800000190734863,4.829999923706055,4.829999923706055,12400
4.840000152587891,4.900000095367432,4.809999942779541,4.809999942779541,4.809999942779541,22800
4.800000190734863,4.860000133514404,4.760000228881836,4.760000228881836,4.760000228881836,30600
4.760000228881836,4.760000228881836,4.630000114440918,4.659999847412109,4.659999847412109,17900
4.599999904632568,4.650000095367432,4.539999961853027,4.550000190734863,4.550000190734863,42100
4.550000190734863,4.619999885559082,4.550000190734863,4.619999885559082,4.619999885559082,12300
4.599999904632568,4.699999809265137,4.590000152587891,4.610000133514404,4.610000133514404,26200
4.630000114440918,4.699999809265137,4.610000133514404,4.610000133514404,4.610000133514404,33300
4.610000133514404,4.650000095367432,4.610000133514404,4.650000095367432,4.650000095367432,35300
4.630000114440918,4.650000095367432,4.619999885559082,4.630000114440918,4.630000114440918,41200
4.610000133514404,4.650000095367432,4.610000133514404,4.630000114440918,4.630000114440918,33300
4.610000133514404,4.610000133514404,4.550000190734863,4.570000171661377,4.570000171661377,12000
4.519999980926514,4.550000190734863,4.440000057220459,4.5,4.5,26000
4.46999979019165,4.570000171661377,4.46999979019165,4.5,4.5,19200
4.53000020980835,4.619999885559082,4.53000020980835,4.619999885559082,4.619999885559082,13900
4.570000171661377,4.699999809265137,4.570000171661377,4.690000057220459,4.690000057220459,36600
4.659999847412109,4.730000019073486,4.630000114440918,4.639999866485596,4.639999866485596,197100
4.590000152587891,4.71999979019165,4.590000152587891,4.699999809265137,4.699999809265137,16500
4.699999809265137,4.699999809265137,4.590000152587891,4.699999809265137,4.699999809265137,29300
4.659999847412109,4.679999828338623,4.630000114440918,4.650000095367432,4.650000095367432,25600
4.630000114440918,4.630000114440918,4.519999980926514,4.570000171661377,4.570000171661377,11200
4.519999980926514,4.579999923706055,4.489999771118164,4.570000171661377,4.570000171661377,12800
4.570000171661377,4.579999923706055,4.480000019073486,4.5,4.5,12500
4.489999771118164,4.489999771118164,4.389999866485596,4.449999809265137,4.449999809265137,11500
4.489999771118164,4.53000020980835,4.440000057220459,4.46999979019165,4.46999979019165,23300
4.460000038146973,4.590000152587891,4.449999809265137,4.570000171661377,4.570000171661377,20200
4.550000190734863,4.730000019073486,4.550000190734863,4.690000057220459,4.690000057220459,95000
4.710000038146973,4.789999961853027,4.690000057220459,4.710000038146973,4.710000038146973,249500
4.679999828338623,4.739999771118164,4.670000076293945,4.730000019073486,4.730000019073486,162600
4.730000019073486,4.730000019073486,4.679999828338623,4.710000038146973,4.710000038146973,184100
4.679999828338623,4.75,4.639999866485596,4.650000095367432,4.650000095367432,102500
4.610000133514404,4.619999885559082,4.460000038146973,4.460000038146973,4.460000038146973,24800
4.46999979019165,4.53000020980835,4.46999979019165,4.53000020980835,4.53000020980835,23500
4.53000020980835,4.570000171661377,4.53000020980835,4.550000190734863,4.550000190734863,8500
4.559999942779541,4.650000095367432,4.550000190734863,4.630000114440918,4.630000114440918,13300
4.610000133514404,4.630000114440918,4.510000228881836,4.619999885559082,4.619999885559082,17800
4.570000171661377,4.710000038146973,4.570000171661377,4.699999809265137,4.699999809265137,19900
4.699999809265137,4.71999979019165,4.590000152587891,4.650000095367432,4.650000095367432,53300
4.650000095367432,4.769999980926514,4.650000095367432,4.75,4.75,259100
4.789999961853027,4.789999961853027,4.710000038146973,4.71999979019165,4.71999979019165,31800
4.71999979019165,4.75,4.71999979019165,4.739999771118164,4.739999771118164,14800
4.75,4.75,4.579999923706055,4.619999885559082,4.619999885559082,8900
4.619999885559082,4.710000038146973,4.619999885559082,4.690000057220459,4.690000057220459,14000
4.699999809265137,4.769999980926514,4.659999847412109,4.690000057220459,4.690000057220459,18500
4.489999771118164,4.710000038146973,4.489999771118164,4.679999828338623,4.679999828338623,32100
4.690000057220459,4.789999961853027,4.690000057220459,4.71999979019165,4.71999979019165,5700
4.739999771118164,4.75,4.699999809265137,4.710000038146973,4.710000038146973,5400
4.650000095367432,4.75,4.599999904632568,4.599999904632568,4.599999904632568,28800
4.599999904632568,4.71999979019165,4.599999904632568,4.619999885559082,4.619999885559082,7800
4.550000190734863,4.679999828338623,4.5,4.619999885559082,4.619999885559082,18400
4.579999923706055,4.610000133514404,4.5,4.519999980926514,4.519999980926514,5600
4.519999980926514,4.519999980926514,4.449999809265137,4.489999771118164,4.489999771118164,77900
4.489999771118164,4.559999942779541,4.489999771118164,4.550000190734863,4.550000190734863,44300
4.550000190734863,4.690000057220459,4.550000190734863,4.639999866485596,4.639999866485596,20200
4.639999866485596,4.639999866485596,4.5,4.579999923706055,4.579999923706055,22500
4.599999904632568,4.670000076293945,4.599999904632568,4.659999847412109,4.659999847412109,35200
4.699999809265137,4.889999866485596,4.699999809265137,4.849999904632568,4.849999904632568,36400
4.900000095367432,5.039999961853027,4.820000171661377,4.860000133514404,4.860000133514404,75400
4.860000133514404,4.949999809265137,4.840000152587891,4.949999809265137,4.949999809265137,22100
4.940000057220459,4.989999771118164,4.900000095367432,4.980000019073486,4.980000019073486,430300
4.989999771118164,5.0,4.889999866485596,4.889999866485596,4.889999866485596,45200
4.940000057220459,5.139999866485596,4.940000057220459,5.039999961853027,5.039999961853027,505800
4.96999979019165,5.050000190734863,4.96999979019165,4.989999771118164,4.989999771118164,212300
5.0,5.139999866485596,5.0,5.019999980926514,5.019999980926514,68000
5.079999923706055,5.150000095367432,5.050000190734863,5.099999904632568,5.099999904632568,31400
5.059999942779541,5.230000019073486,5.059999942779541,5.199999809265137,5.199999809265137,30200
5.159999847412109,5.179999828338623,5.070000171661377,5.079999923706055,5.079999923706055,35600
5.099999904632568,5.25,5.099999904632568,5.25,5.25,16200
5.199999809265137,5.300000190734863,5.199999809265137,5.21999979019165,5.21999979019165,12500
5.21999979019165,5.269999980926514,5.199999809265137,5.25,5.25,38600
5.150000095367432,5.150000095367432,4.920000076293945,4.989999771118164,4.989999771118164,12300
5.050000190734863,5.199999809265137,5.050000190734863,5.150000095367432,5.150000095367432,48600
5.199999809265137,5.199999809265137,5.130000114440918,5.170000076293945,5.170000076293945,6000
5.119999885559082,5.130000114440918,4.949999809265137,4.96999979019165,4.96999979019165,27300
5.03000020980835,5.03000020980835,4.949999809265137,5.0,5.0,7800
5.03000020980835,5.179999828338623,5.03000020980835,5.139999866485596,5.139999866485596,27100
5.130000114440918,5.230000019073486,5.119999885559082,5.199999809265137,5.199999809265137,35200
5.099999904632568,5.389999866485596,5.099999904632568,5.329999923706055,5.329999923706055,49300
5.400000095367432,5.679999828338623,5.150000095367432,5.610000133514404,5.610000133514404,57400
5.53000020980835,6.079999923706055,5.53000020980835,5.980000019073486,5.980000019073486,147200
5.980000019073486,5.980000019073486,5.710000038146973,5.840000152587891,5.840000152587891,80500
5.849999904632568,6.360000133514404,5.820000171661377,6.21999979019165,6.21999979019165,229200
6.320000171661377,6.320000171661377,6.0,6.25,6.25,88000
6.269999980926514,6.309999942779541,6.019999980926514,6.019999980926514,6.019999980926514,30400
6.019999980926514,6.019999980926514,5.800000190734863,5.900000095367432,5.900000095367432,55200
5.900000095367432,5.989999771118164,5.880000114440918,5.980000019073486,5.980000019073486,20000
5.909999847412109,6.150000095367432,5.909999847412109,6.119999885559082,6.119999885559082,24800
6.170000076293945,6.25,6.019999980926514,6.099999904632568,6.099999904632568,229900
6.099999904632568,6.130000114440918,6.010000228881836,6.050000190734863,6.050000190734863,26200
6.0,6.21999979019165,6.0,6.099999904632568,6.099999904632568,290900
6.099999904632568,6.130000114440918,6.039999961853027,6.099999904632568,6.099999904632568,17700
6.150000095367432,6.190000057220459,6.090000152587891,6.090000152587891,6.090000152587891,255700
6.119999885559082,6.150000095367432,6.010000228881836,6.150000095367432,6.150000095367432,45100
6.150000095367432,6.150000095367432,5.909999847412109,5.920000076293945,5.920000076293945,38300
5.880000114440918,5.880000114440918,5.769999980926514,5.800000190734863,5.800000190734863,32600
5.849999904632568,5.849999904632568,5.75,5.820000171661377,5.820000171661377,21300
5.849999904632568,5.860000133514404,5.690000057220459,5.71999979019165,5.71999979019165,46500
5.650000095367432,5.900000095367432,5.650000095367432,5.849999904632568,5.849999904632568,43700
5.909999847412109,6.079999923706055,5.760000228881836,6.0,6.0,37900
5.949999809265137,6.099999904632568,5.949999809265137,6.019999980926514,6.019999980926514,20200
5.96999979019165,5.96999979019165,5.900000095367432,5.940000057220459,5.940000057220459,4200
5.949999809265137,6.079999923706055,5.949999809265137,6.039999961853027,6.039999961853027,17800
6.019999980926514,6.019999980926514,5.949999809265137,6.0,6.0,2200
6.050000190734863,6.099999904632568,6.010000228881836,6.03000020980835,6.03000020980835,23100
6.019999980926514,6.179999828338623,6.019999980926514,6.150000095367432,6.150000095367432,323200
6.150000095367432,6.260000228881836,6.099999904632568,6.179999828338623,6.179999828338623,43200
6.150000095367432,6.150000095367432,6.019999980926514,6.050000190734863,6.050000190734863,40500
6.019999980926514,6.03000020980835,5.869999885559082,5.889999866485596,5.889999866485596,18700
5.989999771118164,6.099999904632568,5.989999771118164,6.059999942779541,6.059999942779541,44800
6.090000152587891,6.090000152587891,5.809999942779541,5.809999942779541,5.809999942779541,42300
5.849999904632568,5.880000114440918,5.800000190734863,5.849999904632568,5.849999904632568,15800
5.840000152587891,5.840000152587891,5.630000114440918,5.71999979019165,5.71999979019165,61400
5.659999847412109,5.659999847412109,5.550000190734863,5.559999942779541,5.559999942779541,29300
5.610000133514404,5.619999885559082,5.510000228881836,5.579999923706055,5.579999923706055,24500
5.590000152587891,5.650000095367432,5.510000228881836,5.519999980926514,5.519999980926514,20000
5.539999961853027,5.840000152587891,5.539999961853027,5.75,5.75,27900
5.78000020980835,6.0,5.769999980926514,5.840000152587891,5.840000152587891,39800
5.849999904632568,5.940000057220459,5.849999904632568,5.900000095367432,5.900000095367432,15400
5.909999847412109,5.929999828338623,5.829999923706055,5.840000152587891,5.840000152587891,14900
5.940000057220459,5.940000057220459,5.650000095367432,5.690000057220459,5.690000057220459,24700
5.599999904632568,5.710000038146973,5.539999961853027,5.570000171661377,5.570000171661377,40800
5.559999942779541,5.570000171661377,5.269999980926514,5.460000038146973,5.460000038146973,30700
5.480000019073486,5.650000095367432,5.400000095367432,5.570000171661377,5.570000171661377,19000
5.46999979019165,5.559999942779541,5.449999809265137,5.550000190734863,5.550000190734863,14900
5.5,5.699999809265137,5.449999809265137,5.610000133514404,5.610000133514404,31300
5.25,5.599999904632568,5.25,5.599999904632568,5.599999904632568,214200
5.610000133514404,5.659999847412109,5.590000152587891,5.599999904632568,5.599999904632568,11600
5.539999961853027,5.539999961853027,5.389999866485596,5.449999809265137,5.449999809265137,19200
5.5,5.559999942779541,5.449999809265137,5.46999979019165,5.46999979019165,11200
5.5,5.5,5.409999847412109,5.429999828338623,5.429999828338623,15800
5.420000076293945,5.650000095367432,5.420000076293945,5.579999923706055,5.579999923706055,15800
5.579999923706055,5.579999923706055,5.440000057220459,5.480000019073486,5.480000019073486,6200
5.5,5.510000228881836,5.460000038146973,5.510000228881836,5.510000228881836,4600
5.519999980926514,5.519999980926514,5.429999828338623,5.46999979019165,5.46999979019165,12300
5.429999828338623,5.559999942779541,5.429999828338623,5.53000020980835,5.53000020980835,14300
5.429999828338623,5.519999980926514,5.429999828338623,5.510000228881836,5.510000228881836,13000
5.449999809265137,5.449999809265137,5.329999923706055,5.349999904632568,5.349999904632568,29200
5.400000095367432,5.409999847412109,5.239999771118164,5.239999771118164,5.239999771118164,27300
5.239999771118164,5.309999942779541,5.170000076293945,5.170000076293945,5.170000076293945,14900
5.170000076293945,5.349999904632568,5.170000076293945,5.349999904632568,5.349999904632568,26800
5.349999904632568,5.369999885559082,5.25,5.25,5.25,41000
5.150000095367432,5.420000076293945,5.150000095367432,5.420000076293945,5.420000076293945,35400
5.440000057220459,5.550000190734863,5.400000095367432,5.53000020980835,5.53000020980835,34100
5.630000114440918,5.630000114440918,5.449999809265137,5.510000228881836,5.510000228881836,33500
5.489999771118164,5.71999979019165,5.480000019073486,5.71999979019165,5.71999979019165,24200
5.75,5.849999904632568,5.71999979019165,5.789999961853027,5.789999961853027,31200
5.75,5.78000020980835,5.730000019073486,5.769999980926514,5.769999980926514,12400
5.75,5.78000020980835,5.650000095367432,5.699999809265137,5.699999809265137,23400
5.760000228881836,5.860000133514404,5.75,5.829999923706055,5.829999923706055,29500
5.75,5.820000171661377,5.659999847412109,5.690000057220459,5.690000057220459,25600
5.699999809265137,5.760000228881836,5.659999847412109,5.75,5.75,38500
5.75,5.809999942779541,5.679999828338623,5.71999979019165,5.71999979019165,7700
5.619999885559082,5.75,5.619999885559082,5.71999979019165,5.71999979019165,22800
5.71999979019165,5.78000020980835,5.679999828338623,5.769999980926514,5.769999980926514,23900
5.769999980926514,5.809999942779541,5.710000038146973,5.789999961853027,5.789999961853027,69100
5.690000057220459,5.880000114440918,5.690000057220459,5.840000152587891,5.840000152587891,45600
5.840000152587891,5.949999809265137,5.829999923706055,5.849999904632568,5.849999904632568,35900
5.900000095367432,5.900000095367432,5.760000228881836,5.800000190734863,5.800000190734863,17000
5.769999980926514,5.880000114440918,5.75,5.800000190734863,5.800000190734863,22400
5.789999961853027,5.809999942779541,5.760000228881836,5.769999980926514,5.769999980926514,11600
5.789999961853027,5.900000095367432,5.789999961853027,5.860000133514404,5.860000133514404,35700
5.869999885559082,5.889999866485596,5.75,5.840000152587891,5.840000152587891,32500
5.840000152587891,5.900000095367432,5.829999923706055,5.829999923706055,5.829999923706055,40800
5.730000019073486,5.860000133514404,5.730000019073486,5.769999980926514,5.769999980926514,13800
5.699999809265137,5.840000152587891,5.699999809265137,5.809999942779541,5.809999942779541,16500
5.809999942779541,5.869999885559082,5.789999961853027,5.869999885559082,5.869999885559082,10500
5.849999904632568,5.889999866485596,5.849999904632568,5.860000133514404,5.860000133514404,18300
5.860000133514404,5.880000114440918,5.809999942779541,5.849999904632568,5.849999904632568,18000
5.849999904632568,5.889999866485596,5.809999942779541,5.869999885559082,5.869999885559082,15400
5.650000095367432,5.889999866485596,5.650000095367432,5.860000133514404,5.860000133514404,31500
5.869999885559082,5.880000114440918,5.829999923706055,5.860000133514404,5.860000133514404,16000
5.869999885559082,5.949999809265137,5.869999885559082,5.940000057220459,5.940000057220459,27200
6.0,6.090000152587891,5.880000114440918,6.0,6.0,18100
5.949999809265137,6.0,5.900000095367432,5.960000038146973,5.960000038146973,42300
6.0,6.0,5.880000114440918,5.920000076293945,5.920000076293945,16500
5.869999885559082,5.96999979019165,5.869999885559082,5.880000114440918,5.880000114440918,48200
5.880000114440918,5.889999866485596,5.840000152587891,5.880000114440918,5.880000114440918,11700
5.869999885559082,5.869999885559082,5.769999980926514,5.789999961853027,5.789999961853027,24000
5.820000171661377,5.869999885559082,5.789999961853027,5.840000152587891,5.840000152587891,10900
5.849999904632568,5.860000133514404,5.699999809265137,5.769999980926514,5.769999980926514,19100
5.760000228881836,5.949999809265137,5.75,5.840000152587891,5.840000152587891,25100
5.849999904632568,5.849999904632568,5.659999847412109,5.71999979019165,5.71999979019165,12000
5.730000019073486,5.829999923706055,5.679999828338623,5.760000228881836,5.760000228881836,17700
5.820000171661377,5.860000133514404,5.550000190734863,5.559999942779541,5.559999942779541,47700
5.619999885559082,5.699999809265137,5.579999923706055,5.639999866485596,5.639999866485596,18200
5.650000095367432,5.769999980926514,5.619999885559082,5.630000114440918,5.630000114440918,1523700
5.610000133514404,5.71999979019165,5.599999904632568,5.650000095367432,5.650000095367432,48700
5.659999847412109,5.710000038146973,5.570000171661377,5.570000171661377,5.570000171661377,31900
5.579999923706055,5.610000133514404,5.510000228881836,5.550000190734863,5.550000190734863,20100
5.599999904632568,5.630000114440918,5.46999979019165,5.550000190734863,5.550000190734863,14900
5.550000190734863,5.550000190734863,5.420000076293945,5.519999980926514,5.519999980926514,15000
5.570000171661377,5.590000152587891,5.489999771118164,5.53000020980835,5.53000020980835,9900
5.599999904632568,5.639999866485596,5.550000190734863,5.610000133514404,5.610000133514404,19700
5.820000171661377,6.150000095367432,5.650000095367432,5.650000095367432,5.650000095367432,141200
5.699999809265137,5.829999923706055,5.699999809265137,5.739999771118164,5.739999771118164,484300
5.800000190734863,5.800000190734863,5.679999828338623,5.699999809265137,5.699999809265137,93300
5.650000095367432,5.78000020980835,5.650000095367432,5.670000076293945,5.670000076293945,85800
5.710000038146973,5.710000038146973,5.400000095367432,5.429999828338623,5.429999828338623,28500
5.400000095367432,5.699999809265137,5.400000095367432,5.590000152587891,5.590000152587891,34600
5.599999904632568,5.699999809265137,5.599999904632568,5.650000095367432,5.650000095367432,687600
5.699999809265137,5.789999961853027,5.650000095367432,5.659999847412109,5.659999847412109,546600
5.630000114440918,5.760000228881836,5.630000114440918,5.679999828338623,5.679999828338623,63000
5.71999979019165,5.809999942779541,5.650000095367432,5.75,5.75,364400
5.75,5.829999923706055,5.679999828338623,5.699999809265137,5.699999809265137,33800
5.730000019073486,5.739999771118164,5.630000114440918,5.730000019073486,5.730000019073486,26400
5.670000076293945,5.789999961853027,5.670000076293945,5.769999980926514,5.769999980926514,4400
5.869999885559082,5.869999885559082,5.710000038146973,5.730000019073486,5.730000019073486,23000
5.769999980926514,5.820000171661377,5.71999979019165,5.760000228881836,5.760000228881836,26200
5.730000019073486,5.869999885559082,5.71999979019165,5.809999942779541,5.809999942779541,42000
5.769999980926514,5.980000019073486,5.769999980926514,5.920000076293945,5.920000076293945,35000
5.980000019073486,5.989999771118164,5.820000171661377,5.849999904632568,5.849999904632568,29600
5.949999809265137,5.949999809265137,5.840000152587891,5.889999866485596,5.889999866485596,32800
5.849999904632568,5.900000095367432,5.769999980926514,5.829999923706055,5.829999923706055,20500
5.789999961853027,5.920000076293945,5.789999961853027,5.920000076293945,5.920000076293945,76400
5.869999885559082,5.929999828338623,5.800000190734863,5.929999828338623,5.929999828338623,14700
5.929999828338623,5.96999979019165,5.829999923706055,5.840000152587891,5.840000152587891,23500
5.849999904632568,5.909999847412109,5.809999942779541,5.829999923706055,5.829999923706055,28400
5.800000190734863,5.820000171661377,5.630000114440918,5.630000114440918,5.630000114440918,16800
5.599999904632568,5.78000020980835,5.599999904632568,5.699999809265137,5.699999809265137,28400
5.699999809265137,5.829999923706055,5.699999809265137,5.809999942779541,5.809999942779541,14500
5.75,5.900000095367432,5.75,5.829999923706055,5.829999923706055,49000
5.769999980926514,5.949999809265137,5.769999980926514,5.940000057220459,5.940000057220459,18000
5.840000152587891,5.980000019073486,5.840000152587891,5.949999809265137,5.949999809265137,47100
5.880000114440918,6.019999980926514,5.880000114440918,6.010000228881836,6.010000228881836,46700
6.0,6.0,5.889999866485596,5.920000076293945,5.920000076293945,5600
5.889999866485596,6.070000171661377,5.889999866485596,6.03000020980835,6.03000020980835,36000
6.019999980926514,6.21999979019165,6.019999980926514,6.190000057220459,6.190000057220459,76300
6.230000019073486,6.28000020980835,6.21999979019165,6.25,6.25,55400
6.199999809265137,6.300000190734863,6.199999809265137,6.210000038146973,6.210000038146973,24900
6.170000076293945,6.349999904632568,6.170000076293945,6.329999923706055,6.329999923706055,74700
6.25,6.400000095367432,6.230000019073486,6.369999885559082,6.369999885559082,77900
6.349999904632568,6.389999866485596,6.289999961853027,6.320000171661377,6.320000171661377,42700
6.380000114440918,6.389999866485596,6.25,6.389999866485596,6.389999866485596,49800
6.400000095367432,6.429999828338623,6.300000190734863,6.320000171661377,6.320000171661377,44700
6.300000190734863,6.320000171661377,6.059999942779541,6.25,6.25,72400
6.21999979019165,6.300000190734863,6.21999979019165,6.300000190734863,6.300000190734863,41700
6.25,6.340000152587891,6.230000019073486,6.300000190734863,6.300000190734863,27100
6.300000190734863,6.420000076293945,6.260000228881836,6.409999847412109,6.409999847412109,38700
6.380000114440918,6.539999961853027,6.380000114440918,6.53000020980835,6.53000020980835,247600
6.739999771118164,6.980000019073486,6.739999771118164,6.980000019073486,6.980000019073486,846700
6.980000019073486,6.989999771118164,6.869999885559082,6.909999847412109,6.909999847412109,129400
6.599999904632568,6.840000152587891,6.599999904632568,6.78000020980835,6.78000020980835,41700
6.75,6.809999942779541,6.630000114440918,6.809999942779541,6.809999942779541,121000
6.809999942779541,6.809999942779541,6.71999979019165,6.789999961853027,6.789999961853027,103600
6.800000190734863,6.949999809265137,6.730000019073486,6.860000133514404,6.860000133514404,78800
6.860000133514404,6.949999809265137,6.769999980926514,6.769999980926514,6.769999980926514,43400
6.650000095367432,6.800000190734863,6.599999904632568,6.710000038146973,6.710000038146973,92000
6.75,6.829999923706055,6.699999809265137,6.829999923706055,6.829999923706055,45300
6.820000171661377,6.840000152587891,6.760000228881836,6.769999980926514,6.769999980926514,34400
6.849999904632568,6.949999809265137,6.610000133514404,6.699999809265137,6.699999809265137,159400
6.75,6.789999961853027,6.659999847412109,6.670000076293945,6.670000076293945,25800
6.630000114440918,6.659999847412109,6.46999979019165,6.489999771118164,6.489999771118164,21600
6.550000190734863,6.670000076293945,6.519999980926514,6.599999904632568,6.599999904632568,32700
6.679999828338623,6.679999828338623,6.349999904632568,6.5,6.5,63200
6.519999980926514,6.630000114440918,6.460000038146973,6.630000114440918,6.630000114440918,24000
6.599999904632568,6.75,6.53000020980835,6.75,6.75,44000
6.710000038146973,6.829999923706055,6.710000038146973,6.730000019073486,6.730000019073486,42300
6.710000038146973,6.789999961853027,6.650000095367432,6.659999847412109,6.659999847412109,24300
6.78000020980835,6.820000171661377,6.71999979019165,6.760000228881836,6.760000228881836,20500
6.769999980926514,6.769999980926514,6.659999847412109,6.71999979019165,6.71999979019165,26400
6.550000190734863,6.710000038146973,6.550000190734863,6.670000076293945,6.670000076293945,36000
6.610000133514404,6.610000133514404,6.510000228881836,6.519999980926514,6.519999980926514,19700
6.579999923706055,6.590000152587891,6.480000019073486,6.5,6.5,44000
6.539999961853027,6.539999961853027,6.429999828338623,6.53000020980835,6.53000020980835,26300
6.449999809265137,6.550000190734863,6.449999809265137,6.489999771118164,6.489999771118164,49300
6.429999828338623,6.590000152587891,6.429999828338623,6.489999771118164,6.489999771118164,23900
6.539999961853027,6.539999961853027,6.440000057220459,6.489999771118164,6.489999771118164,27700
6.550000190734863,6.550000190734863,6.440000057220459,6.53000020980835,6.53000020980835,25600
6.46999979019165,6.489999771118164,6.400000095367432,6.440000057220459,6.440000057220459,10200
6.380000114440918,6.429999828338623,6.320000171661377,6.420000076293945,6.420000076293945,10600
6.409999847412109,6.489999771118164,6.380000114440918,6.440000057220459,6.440000057220459,29700
6.409999847412109,6.519999980926514,6.409999847412109,6.449999809265137,6.449999809265137,38900
6.449999809265137,6.519999980926514,6.420000076293945,6.46999979019165,6.46999979019165,41500
6.400000095367432,6.449999809265137,6.25,6.260000228881836,6.260000228881836,24000
6.25,6.400000095367432,6.25,6.300000190734863,6.300000190734863,42400
6.269999980926514,6.489999771118164,6.159999847412109,6.28000020980835,6.28000020980835,49500
6.300000190734863,6.449999809265137,6.25,6.349999904632568,6.349999904632568,49600
6.449999809265137,6.449999809265137,6.199999809265137,6.21999979019165,6.21999979019165,65300
6.300000190734863,6.440000057220459,6.230000019073486,6.320000171661377,6.320000171661377,51500
6.300000190734863,6.400000095367432,6.28000020980835,6.360000133514404,6.360000133514404,43200
6.409999847412109,6.409999847412109,6.269999980926514,6.369999885559082,6.369999885559082,17800
6.300000190734863,6.409999847412109,6.21999979019165,6.300000190734863,6.300000190734863,36800
6.309999942779541,6.309999942779541,6.199999809265137,6.21999979019165,6.21999979019165,19900
6.300000190734863,6.389999866485596,6.199999809265137,6.349999904632568,6.349999904632568,30000
6.28000020980835,6.309999942779541,6.230000019073486,6.230000019073486,6.230000019073486,5400
6.300000190734863,6.380000114440918,6.300000190734863,6.380000114440918,6.380000114440918,17200
6.369999885559082,6.5,6.369999885559082,6.449999809265137,6.449999809265137,18200
6.449999809265137,6.619999885559082,6.449999809265137,6.539999961853027,6.539999961853027,44800
6.559999942779541,6.599999904632568,6.550000190734863,6.590000152587891,6.590000152587891,37700
6.570000171661377,6.579999923706055,6.46999979019165,6.53000020980835,6.53000020980835,22000
6.53000020980835,6.610000133514404,6.46999979019165,6.599999904632568,6.599999904632568,94400
6.699999809265137,6.71999979019165,6.579999923706055,6.71999979019165,6.71999979019165,18700
6.619999885559082,6.820000171661377,6.619999885559082,6.820000171661377,6.820000171661377,43300
6.829999923706055,6.889999866485596,6.800000190734863,6.860000133514404,6.860000133514404,27600
6.78000020980835,6.829999923706055,6.650000095367432,6.78000020980835,6.78000020980835,21400
6.699999809265137,6.699999809265137,6.460000038146973,6.539999961853027,6.539999961853027,32500
6.550000190734863,6.610000133514404,6.5,6.539999961853027,6.539999961853027,18300
6.46999979019165,6.599999904632568,6.46999979019165,6.53000020980835,6.53000020980835,20700
6.480000019073486,6.519999980926514,6.389999866485596,6.409999847412109,6.409999847412109,17100
6.429999828338623,6.480000019073486,6.389999866485596,6.400000095367432,6.400000095367432,62700
6.429999828338623,6.5,6.269999980926514,6.300000190734863,6.300000190734863,19500
6.300000190734863,6.300000190734863,6.159999847412109,6.239999771118164,6.239999771118164,16800
6.230000019073486,6.320000171661377,6.170000076293945,6.170000076293945,6.170000076293945,35600
6.170000076293945,6.300000190734863,6.150000095367432,6.300000190734863,6.300000190734863,52700
6.289999961853027,6.289999961853027,6.150000095367432,6.21999979019165,6.21999979019165,19200
6.199999809265137,6.199999809265137,6.150000095367432,6.150000095367432,6.150000095367432,33000
6.150000095367432,6.239999771118164,6.150000095367432,6.210000038146973,6.210000038146973,37500
6.179999828338623,6.25,6.099999904632568,6.099999904632568,6.099999904632568,28000
6.050000190734863,6.050000190734863,5.75,5.869999885559082,5.869999885559082,39500
5.889999866485596,5.889999866485596,5.679999828338623,5.800000190734863,5.800000190734863,50900
5.75,5.869999885559082,5.650000095367432,5.760000228881836,5.760000228881836,47900
5.699999809265137,5.820000171661377,5.699999809265137,5.809999942779541,5.809999942779541,23200
5.880000114440918,5.940000057220459,5.849999904632568,5.880000114440918,5.880000114440918,18600
5.949999809265137,5.96999979019165,5.849999904632568,5.960000038146973,5.960000038146973,20600
5.980000019073486,6.099999904632568,5.920000076293945,6.079999923706055,6.079999923706055,29100
6.110000133514404,6.110000133514404,5.96999979019165,6.010000228881836,6.010000228881836,31900
5.96999979019165,5.96999979019165,5.869999885559082,5.880000114440918,5.880000114440918,22800
5.880000114440918,5.900000095367432,5.730000019073486,5.829999923706055,5.829999923706055,18500
5.800000190734863,5.869999885559082,5.800000190734863,5.829999923706055,5.829999923706055,14000
5.849999904632568,5.849999904632568,5.75,5.769999980926514,5.769999980926514,11200
5.75,5.800000190734863,5.730000019073486,5.789999961853027,5.789999961853027,16900
5.75,5.78000020980835,5.679999828338623,5.710000038146973,5.710000038146973,18000
5.730000019073486,5.840000152587891,5.730000019073486,5.75,5.75,21900
5.800000190734863,6.0,5.800000190734863,5.949999809265137,5.949999809265137,69000
6.0,6.139999866485596,5.880000114440918,5.96999979019165,5.96999979019165,100100
5.960000038146973,6.039999961853027,5.960000038146973,6.03000020980835,6.03000020980835,17800
5.989999771118164,5.989999771118164,5.849999904632568,5.929999828338623,5.929999828338623,4700
5.989999771118164,6.050000190734863,5.960000038146973,5.96999979019165,5.96999979019165,11700
6.0,6.0,5.889999866485596,6.0,6.0,21200
6.0,6.090000152587891,5.989999771118164,6.059999942779541,6.059999942779541,56600
6.070000171661377,6.070000171661377,5.929999828338623,5.96999979019165,5.96999979019165,30400
5.989999771118164,6.099999904632568,5.989999771118164,6.090000152587891,6.090000152587891,173800
6.090000152587891,6.159999847412109,6.070000171661377,6.130000114440918,6.130000114440918,193300
6.099999904632568,6.150000095367432,5.980000019073486,5.980000019073486,5.980000019073486,31800
6.03000020980835,6.199999809265137,6.03000020980835,6.190000057220459,6.190000057220459,21200
6.199999809265137,6.28000020980835,6.170000076293945,6.28000020980835,6.28000020980835,16200
6.28000020980835,6.289999961853027,6.199999809265137,6.239999771118164,6.239999771118164,20600
6.21999979019165,6.269999980926514,6.179999828338623,6.199999809265137,6.199999809265137,21100
6.239999771118164,6.349999904632568,6.239999771118164,6.340000152587891,6.340000152587891,17400
6.260000228881836,6.320000171661377,6.130000114440918,6.150000095367432,6.150000095367432,135900
6.159999847412109,6.349999904632568,6.159999847412109,6.289999961853027,6.289999961853027,29900
6.28000020980835,6.28000020980835,6.170000076293945,6.199999809265137,6.199999809265137,35200
6.150000095367432,6.28000020980835,6.150000095367432,6.28000020980835,6.28000020980835,56600
6.340000152587891,6.420000076293945,6.309999942779541,6.409999847412109,6.409999847412109,30500
6.400000095367432,6.420000076293945,6.309999942779541,6.309999942779541,6.309999942779541,22900
6.300000190734863,6.360000133514404,6.260000228881836,6.289999961853027,6.289999961853027,42000
6.300000190734863,6.460000038146973,6.21999979019165,6.389999866485596,6.389999866485596,85500
6.489999771118164,6.690000057220459,6.489999771118164,6.599999904632568,6.599999904632568,78200
6.630000114440918,6.659999847412109,6.550000190734863,6.579999923706055,6.579999923706055,25200
6.650000095367432,6.679999828338623,6.53000020980835,6.610000133514404,6.610000133514404,25200
6.619999885559082,6.730000019073486,6.619999885559082,6.730000019073486,6.730000019073486,30500
6.730000019073486,6.769999980926514,6.699999809265137,6.769999980926514,6.769999980926514,58600
6.769999980926514,6.789999961853027,6.570000171661377,6.570000171661377,6.570000171661377,54100
6.650000095367432,6.789999961853027,6.650000095367432,6.789999961853027,6.789999961853027,220600
6.699999809265137,6.71999979019165,6.590000152587891,6.610000133514404,6.610000133514404,20700
6.619999885559082,6.699999809265137,6.590000152587891,6.599999904632568,6.599999904632568,91500
6.619999885559082,6.710000038146973,6.610000133514404,6.699999809265137,6.699999809265137,39000
6.619999885559082,6.739999771118164,6.619999885559082,6.679999828338623,6.679999828338623,14900
6.630000114440918,6.650000095367432,6.53000020980835,6.599999904632568,6.599999904632568,33400
6.53000020980835,6.730000019073486,6.53000020980835,6.699999809265137,6.699999809265137,32400
6.650000095367432,6.699999809265137,6.550000190734863,6.590000152587891,6.590000152587891,17100
6.559999942779541,6.610000133514404,6.519999980926514,6.579999923706055,6.579999923706055,17600
6.650000095367432,6.650000095367432,6.579999923706055,6.630000114440918,6.630000114440918,17800
6.650000095367432,6.659999847412109,6.570000171661377,6.659999847412109,6.659999847412109,15000
6.599999904632568,6.650000095367432,6.539999961853027,6.639999866485596,6.639999866485596,26400
6.610000133514404,6.800000190734863,6.550000190734863,6.75,6.75,72200
6.739999771118164,6.789999961853027,6.679999828338623,6.789999961853027,6.789999961853027,27400
6.75,6.800000190734863,6.739999771118164,6.789999961853027,6.789999961853027,19300
6.699999809265137,6.769999980926514,6.550000190734863,6.619999885559082,6.619999885559082,26800
6.570000171661377,6.639999866485596,6.519999980926514,6.630000114440918,6.630000114440918,26300
6.599999904632568,6.690000057220459,6.590000152587891,6.639999866485596,6.639999866485596,16900
6.679999828338623,6.679999828338623,6.5,6.610000133514404,6.610000133514404,37400
6.599999904632568,6.630000114440918,6.550000190734863,6.599999904632568,6.599999904632568,31000
6.579999923706055,6.840000152587891,6.570000171661377,6.75,6.75,40600
6.659999847412109,6.659999847412109,6.510000228881836,6.619999885559082,6.619999885559082,17000
6.610000133514404,6.650000095367432,6.559999942779541,6.590000152587891,6.590000152587891,15500
6.599999904632568,6.619999885559082,6.5,6.510000228881836,6.510000228881836,38000
6.519999980926514,6.53000020980835,6.300000190734863,6.409999847412109,6.409999847412109,38300
6.389999866485596,6.579999923706055,6.349999904632568,6.539999961853027,6.539999961853027,13700
6.539999961853027,6.650000095367432,6.539999961853027,6.650000095367432,6.650000095367432,9400
6.570000171661377,6.570000171661377,6.329999923706055,6.420000076293945,6.420000076293945,70300
6.409999847412109,6.420000076293945,6.289999961853027,6.300000190734863,6.300000190734863,12900
6.400000095367432,6.400000095367432,6.320000171661377,6.329999923706055,6.329999923706055,26900
6.340000152587891,6.489999771118164,6.340000152587891,6.489999771118164,6.489999771118164,14500
6.429999828338623,6.449999809265137,6.369999885559082,6.429999828338623,6.429999828338623,12000
6.400000095367432,6.5,6.380000114440918,6.449999809265137,6.449999809265137,14100
6.449999809265137,6.5,6.429999828338623,6.449999809265137,6.449999809265137,11500
6.449999809265137,6.489999771118164,6.400000095367432,6.480000019073486,6.480000019073486,11800
6.409999847412109,6.449999809265137,6.369999885559082,6.369999885559082,6.369999885559082,11800
6.300000190734863,6.409999847412109,6.300000190734863,6.349999904632568,6.349999904632568,9000
6.400000095367432,6.460000038146973,6.340000152587891,6.429999828338623,6.429999828338623,15800
6.369999885559082,6.400000095367432,6.340000152587891,6.349999904632568,6.349999904632568,8000
6.349999904632568,6.440000057220459,6.349999904632568,6.389999866485596,6.389999866485596,7400
6.320000171661377,6.380000114440918,6.28000020980835,6.380000114440918,6.380000114440918,6500
6.380000114440918,6.429999828338623,6.360000133514404,6.409999847412109,6.409999847412109,6500
6.349999904632568,6.460000038146973,6.349999904632568,6.460000038146973,6.460000038146973,5700
6.489999771118164,6.510000228881836,6.460000038146973,6.489999771118164,6.489999771118164,74600
6.480000019073486,6.570000171661377,6.460000038146973,6.539999961853027,6.539999961853027,18200
6.5,6.670000076293945,6.5,6.670000076293945,6.670000076293945,37400
6.650000095367432,6.650000095367432,6.579999923706055,6.599999904632568,6.599999904632568,9200
6.590000152587891,6.699999809265137,6.590000152587891,6.670000076293945,6.670000076293945,22700
6.690000057220459,6.730000019073486,6.690000057220459,6.71999979019165,6.71999979019165,20100
6.690000057220459,6.690000057220459,6.550000190734863,6.570000171661377,6.570000171661377,9900
6.559999942779541,6.699999809265137,6.559999942779541,6.639999866485596,6.639999866485596,39400
6.570000171661377,6.599999904632568,6.449999809265137,6.460000038146973,6.460000038146973,25200
6.489999771118164,6.519999980926514,6.380000114440918,6.480000019073486,6.480000019073486,18900
6.449999809265137,6.449999809265137,6.269999980926514,6.380000114440918,6.380000114440918,7800
6.369999885559082,6.380000114440918,6.25,6.25,6.25,10400
6.300000190734863,6.320000171661377,6.230000019073486,6.320000171661377,6.320000171661377,14700
6.329999923706055,6.53000020980835,6.329999923706055,6.460000038146973,6.460000038146973,13700
6.480000019073486,6.489999771118164,6.449999809265137,6.489999771118164,6.489999771118164,4400
6.46999979019165,6.519999980926514,6.400000095367432,6.480000019073486,6.480000019073486,29500
6.489999771118164,6.5,6.460000038146973,6.460000038146973,6.460000038146973,12900
6.449999809265137,6.53000020980835,6.449999809265137,6.489999771118164,6.489999771118164,32200
6.449999809265137,6.550000190734863,6.449999809265137,6.550000190734863,6.550000190734863,23500
6.559999942779541,6.800000190734863,6.559999942779541,6.71999979019165,6.71999979019165,31300
6.670000076293945,6.760000228881836,6.619999885559082,6.639999866485596,6.639999866485596,32600
6.639999866485596,6.730000019073486,6.639999866485596,6.650000095367432,6.650000095367432,10900
6.619999885559082,6.78000020980835,6.619999885559082,6.739999771118164,6.739999771118164,15500
6.71999979019165,6.739999771118164,6.710000038146973,6.739999771118164,6.739999771118164,1900
6.710000038146973,6.710000038146973,6.599999904632568,6.599999904632568,6.599999904632568,7800
6.679999828338623,6.710000038146973,6.659999847412109,6.670000076293945,6.670000076293945,9900
6.630000114440918,6.75,6.610000133514404,6.659999847412109,6.659999847412109,3800
6.599999904632568,6.699999809265137,6.550000190734863,6.550000190734863,6.550000190734863,10100
6.489999771118164,6.550000190734863,6.300000190734863,6.480000019073486,6.480000019073486,39000
6.460000038146973,6.460000038146973,6.389999866485596,6.420000076293945,6.420000076293945,5700
6.420000076293945,6.429999828338623,6.360000133514404,6.380000114440918,6.380000114440918,5100
6.360000133514404,6.360000133514404,6.170000076293945,6.179999828338623,6.179999828338623,13000
6.199999809265137,6.230000019073486,6.059999942779541,6.110000133514404,6.110000133514404,37600
6.119999885559082,6.25,6.119999885559082,6.239999771118164,6.239999771118164,14000
6.150000095367432,6.159999847412109,6.039999961853027,6.070000171661377,6.070000171661377,13600
6.079999923706055,6.329999923706055,6.079999923706055,6.239999771118164,6.239999771118164,34900
6.21999979019165,6.269999980926514,6.179999828338623,6.25,6.25,35800
6.25,6.380000114440918,6.25,6.300000190734863,6.300000190734863,38400
6.320000171661377,6.46999979019165,6.28000020980835,6.440000057220459,6.440000057220459,30700
6.46999979019165,6.510000228881836,6.409999847412109,6.489999771118164,6.489999771118164,13300
6.5,6.539999961853027,6.389999866485596,6.53000020980835,6.53000020980835,35400
6.449999809265137,6.53000020980835,6.449999809265137,6.53000020980835,6.53000020980835,13100
6.559999942779541,6.650000095367432,6.46999979019165,6.639999866485596,6.639999866485596,48100
6.710000038146973,6.789999961853027,6.599999904632568,6.619999885559082,6.619999885559082,25600
6.690000057220459,6.71999979019165,6.519999980926514,6.539999961853027,6.539999961853027,56900
6.53000020980835,6.690000057220459,6.53000020980835,6.630000114440918,6.630000114440918,38400
6.650000095367432,6.730000019073486,6.610000133514404,6.630000114440918,6.630000114440918,16900
6.599999904632568,6.840000152587891,6.599999904632568,6.840000152587891,6.840000152587891,30200
6.840000152587891,6.869999885559082,6.639999866485596,6.690000057220459,6.690000057220459,29100
6.679999828338623,6.730000019073486,6.599999904632568,6.659999847412109,6.659999847412109,5800
6.690000057220459,6.71999979019165,6.630000114440918,6.670000076293945,6.670000076293945,12400
6.699999809265137,6.699999809265137,6.559999942779541,6.559999942779541,6.559999942779541,15000
6.559999942779541,6.659999847412109,6.5,6.659999847412109,6.659999847412109,13700
6.650000095367432,6.690000057220459,6.5,6.550000190734863,6.550000190734863,26800
6.510000228881836,6.510000228881836,6.260000228881836,6.269999980926514,6.269999980926514,33700
6.269999980926514,6.650000095367432,6.269999980926514,6.650000095367432,6.650000095367432,22800
6.679999828338623,6.75,6.570000171661377,6.739999771118164,6.739999771118164,21800
6.739999771118164,6.789999961853027,6.659999847412109,6.75,6.75,22700
6.769999980926514,6.800000190734863,6.659999847412109,6.699999809265137,6.699999809265137,30100
6.739999771118164,6.739999771118164,6.630000114440918,6.639999866485596,6.639999866485596,6500
6.630000114440918,6.670000076293945,6.510000228881836,6.550000190734863,6.550000190734863,24200
6.550000190734863,6.650000095367432,6.550000190734863,6.630000114440918,6.630000114440918,19300
6.699999809265137,6.699999809265137,6.480000019073486,6.510000228881836,6.510000228881836,20100
6.53000020980835,6.590000152587891,6.429999828338623,6.449999809265137,6.449999809265137,30900
6.480000019073486,6.519999980926514,6.429999828338623,6.519999980926514,6.519999980926514,12200
6.510000228881836,6.570000171661377,6.360000133514404,6.460000038146973,6.460000038146973,22800
6.400000095367432,6.429999828338623,6.369999885559082,6.409999847412109,6.409999847412109,11500
6.349999904632568,6.460000038146973,6.300000190734863,6.460000038146973,6.460000038146973,20800
6.400000095367432,6.579999923706055,6.340000152587891,6.570000171661377,6.570000171661377,24300
6.539999961853027,6.590000152587891,6.519999980926514,6.53000020980835,6.53000020980835,39300
6.510000228881836,6.590000152587891,6.449999809265137,6.590000152587891,6.590000152587891,21800
6.5,6.590000152587891,6.5,6.590000152587891,6.590000152587891,21000
6.539999961853027,6.670000076293945,6.510000228881836,6.539999961853027,6.539999961853027,21000
6.440000057220459,6.489999771118164,6.340000152587891,6.400000095367432,6.400000095367432,17700
6.349999904632568,6.449999809265137,6.289999961853027,6.309999942779541,6.309999942779541,12100
6.25,6.340000152587891,6.25,6.320000171661377,6.320000171661377,17700
6.309999942779541,6.340000152587891,6.28000020980835,6.320000171661377,6.320000171661377,17800
6.300000190734863,6.349999904632568,6.21999979019165,6.21999979019165,6.21999979019165,38200
6.230000019073486,6.400000095367432,6.230000019073486,6.360000133514404,6.360000133514404,26700
6.449999809265137,6.460000038146973,6.400000095367432,6.440000057220459,6.440000057220459,9900
6.449999809265137,6.510000228881836,6.449999809265137,6.5,6.5,10700
6.5,6.579999923706055,6.440000057220459,6.550000190734863,6.550000190734863,48000
6.449999809265137,6.619999885559082,6.449999809265137,6.559999942779541,6.559999942779541,18200
6.519999980926514,6.679999828338623,6.519999980926514,6.679999828338623,6.679999828338623,67700
6.53000020980835,6.53000020980835,6.5,6.519999980926514,6.519999980926514,7500
6.510000228881836,6.550000190734863,6.389999866485596,6.420000076293945,6.420000076293945,17500
6.409999847412109,6.409999847412109,6.269999980926514,6.289999961853027,6.289999961853027,18600
6.300000190734863,6.340000152587891,6.119999885559082,6.179999828338623,6.179999828338623,19400
6.190000057220459,6.25,6.139999866485596,6.159999847412109,6.159999847412109,19300
6.179999828338623,6.269999980926514,6.159999847412109,6.21999979019165,6.21999979019165,18400
6.119999885559082,6.25,6.099999904632568,6.190000057220459,6.190000057220459,12300
6.199999809265137,6.409999847412109,6.199999809265137,6.349999904632568,6.349999904632568,14000
6.369999885559082,6.369999885559082,6.199999809265137,6.210000038146973,6.210000038146973,24900
6.159999847412109,6.239999771118164,6.010000228881836,6.210000038146973,6.210000038146973,30600
6.150000095367432,6.46999979019165,6.150000095367432,6.46999979019165,6.46999979019165,36800
6.420000076293945,6.420000076293945,6.28000020980835,6.289999961853027,6.289999961853027,22100
6.190000057220459,6.269999980926514,6.190000057220459,6.269999980926514,6.269999980926514,15400
6.239999771118164,6.349999904632568,6.239999771118164,6.349999904632568,6.349999904632568,24300
6.320000171661377,6.320000171661377,6.230000019073486,6.260000228881836,6.260000228881836,5500
6.239999771118164,6.269999980926514,6.199999809265137,6.269999980926514,6.269999980926514,20800
6.170000076293945,6.320000171661377,6.130000114440918,6.300000190734863,6.300000190734863,18700
6.199999809265137,6.25,6.199999809265137,6.21999979019165,6.21999979019165,64700
6.210000038146973,6.309999942779541,6.199999809265137,6.300000190734863,6.300000190734863,54500
6.300000190734863,6.489999771118164,6.239999771118164,6.46999979019165,6.46999979019165,55500
6.5,6.550000190734863,6.389999866485596,6.429999828338623,6.429999828338623,111200
6.400000095367432,6.46999979019165,6.369999885559082,6.369999885559082,6.369999885559082,85000
6.400000095367432,6.400000095367432,6.28000020980835,6.300000190734863,6.300000190734863,32500
6.230000019073486,6.289999961853027,6.179999828338623,6.260000228881836,6.260000228881836,24900
6.199999809265137,6.300000190734863,6.199999809265137,6.210000038146973,6.210000038146973,24300
6.190000057220459,6.260000228881836,6.150000095367432,6.179999828338623,6.179999828338623,27700
6.139999866485596,6.199999809265137,6.139999866485596,6.139999866485596,6.139999866485596,22300
6.099999904632568,6.210000038146973,6.090000152587891,6.090000152587891,6.090000152587891,23400
6.070000171661377,6.25,6.070000171661377,6.25,6.25,30800
6.25,6.28000020980835,6.230000019073486,6.28000020980835,6.28000020980835,20700
6.28000020980835,6.289999961853027,6.230000019073486,6.28000020980835,6.28000020980835,38100
6.25,6.380000114440918,6.239999771118164,6.369999885559082,6.369999885559082,49300
6.400000095367432,6.679999828338623,6.380000114440918,6.659999847412109,6.659999847412109,74700
6.559999942779541,6.860000133514404,6.559999942779541,6.630000114440918,6.630000114440918,46200
6.650000095367432,6.789999961853027,6.590000152587891,6.599999904632568,6.599999904632568,111400
6.599999904632568,6.630000114440918,6.539999961853027,6.619999885559082,6.619999885559082,13000
6.599999904632568,6.650000095367432,6.5,6.5,6.5,45300
6.449999809265137,6.539999961853027,6.409999847412109,6.460000038146973,6.460000038146973,58300
6.5,6.539999961853027,6.449999809265137,6.449999809265137,6.449999809265137,30900
6.46999979019165,6.5,6.380000114440918,6.5,6.5,128500
6.460000038146973,6.53000020980835,6.449999809265137,6.489999771118164,6.489999771118164,56000
6.550000190734863,6.650000095367432,6.5,6.570000171661377,6.570000171661377,52700
6.5,6.679999828338623,6.5,6.599999904632568,6.599999904632568,41200
6.579999923706055,6.579999923706055,6.480000019073486,6.539999961853027,6.539999961853027,18700
6.550000190734863,6.650000095367432,6.550000190734863,6.630000114440918,6.630000114440918,24400
6.599999904632568,6.670000076293945,6.590000152587891,6.619999885559082,6.619999885559082,27400
6.619999885559082,6.650000095367432,6.559999942779541,6.570000171661377,6.570000171661377,22800
6.510000228881836,6.570000171661377,6.429999828338623,6.46999979019165,6.46999979019165,33200
6.550000190734863,6.550000190734863,6.389999866485596,6.409999847412109,6.409999847412109,76000
6.449999809265137,6.449999809265137,6.349999904632568,6.360000133514404,6.360000133514404,28100
6.349999904632568,6.440000057220459,6.349999904632568,6.409999847412109,6.409999847412109,25200
6.400000095367432,6.570000171661377,6.400000095367432,6.480000019073486,6.480000019073486,67000
6.449999809265137,6.519999980926514,6.449999809265137,6.449999809265137,6.449999809265137,11100
6.449999809265137,6.539999961853027,6.429999828338623,6.519999980926514,6.519999980926514,28300
6.550000190734863,6.570000171661377,6.480000019073486,6.5,6.5,26400
6.449999809265137,6.46999979019165,6.409999847412109,6.409999847412109,6.409999847412109,18600
6.409999847412109,6.440000057220459,6.360000133514404,6.380000114440918,6.380000114440918,22900
6.349999904632568,6.400000095367432,6.289999961853027,6.349999904632568,6.349999904632568,29100
6.349999904632568,6.429999828338623,6.349999904632568,6.409999847412109,6.409999847412109,28900
6.349999904632568,6.400000095367432,6.349999904632568,6.400000095367432,6.400000095367432,24600
6.400000095367432,6.400000095367432,6.260000228881836,6.309999942779541,6.309999942779541,90900
6.309999942779541,6.409999847412109,6.300000190734863,6.389999866485596,6.389999866485596,35800
6.349999904632568,6.389999866485596,6.25,6.289999961853027,6.289999961853027,26700
6.329999923706055,6.340000152587891,6.230000019073486,6.309999942779541,6.309999942779541,17000
6.349999904632568,6.400000095367432,6.239999771118164,6.329999923706055,6.329999923706055,18600
6.230000019073486,6.309999942779541,6.230000019073486,6.309999942779541,6.309999942779541,73300
6.260000228881836,6.340000152587891,6.210000038146973,6.269999980926514,6.269999980926514,43800
6.25,6.25,6.179999828338623,6.25,6.25,29400
6.230000019073486,6.230000019073486,6.079999923706055,6.139999866485596,6.139999866485596,13800
6.119999885559082,6.119999885559082,5.96999979019165,5.989999771118164,5.989999771118164,27000
5.949999809265137,6.0,5.880000114440918,5.909999847412109,5.909999847412109,33100
5.889999866485596,5.889999866485596,5.340000152587891,5.639999866485596,5.639999866485596,83700
5.630000114440918,5.789999961853027,5.630000114440918,5.679999828338623,5.679999828338623,22000
5.599999904632568,5.900000095367432,5.599999904632568,5.869999885559082,5.869999885559082,26100
5.909999847412109,5.929999828338623,5.769999980926514,5.800000190734863,5.800000190734863,84100
5.880000114440918,5.880000114440918,5.699999809265137,5.78000020980835,5.78000020980835,27600
5.789999961853027,5.829999923706055,5.699999809265137,5.710000038146973,5.710000038146973,24500
5.679999828338623,5.78000020980835,5.679999828338623,5.730000019073486,5.730000019073486,21300
5.699999809265137,5.880000114440918,5.699999809265137,5.789999961853027,5.789999961853027,36900
5.699999809265137,5.769999980926514,5.599999904632568,5.650000095367432,5.650000095367432,40000
5.650000095367432,5.650000095367432,5.510000228881836,5.559999942779541,5.559999942779541,56300
5.599999904632568,5.650000095367432,5.420000076293945,5.630000114440918,5.630000114440918,73800
5.630000114440918,5.78000020980835,5.550000190734863,5.699999809265137,5.699999809265137,59500
5.5,5.690000057220459,5.489999771118164,5.559999942779541,5.559999942779541,113900
5.610000133514404,5.650000095367432,5.550000190734863,5.559999942779541,5.559999942779541,10400
5.519999980926514,5.690000057220459,5.5,5.659999847412109,5.659999847412109,60500
5.699999809265137,5.699999809265137,5.590000152587891,5.590000152587891,5.590000152587891,15700
5.559999942779541,5.630000114440918,5.559999942779541,5.610000133514404,5.610000133514404,14200
5.599999904632568,5.659999847412109,5.519999980926514,5.619999885559082,5.619999885559082,36800
5.539999961853027,5.590000152587891,5.539999961853027,5.550000190734863,5.550000190734863,26200
5.570000171661377,5.570000171661377,5.480000019073486,5.480000019073486,5.480000019073486,9200
5.420000076293945,5.480000019073486,5.360000133514404,5.449999809265137,5.449999809265137,42300
5.460000038146973,5.480000019073486,5.429999828338623,5.440000057220459,5.440000057220459,35000
5.409999847412109,5.510000228881836,5.409999847412109,5.489999771118164,5.489999771118164,12100
5.449999809265137,5.71999979019165,5.449999809265137,5.619999885559082,5.619999885559082,25300
5.599999904632568,5.610000133514404,5.5,5.599999904632568,5.599999904632568,14000
5.559999942779541,5.599999904632568,5.550000190734863,5.579999923706055,5.579999923706055,38700
5.639999866485596,5.650000095367432,5.519999980926514,5.550000190734863,5.550000190734863,11500
5.559999942779541,5.610000133514404,5.480000019073486,5.519999980926514,5.519999980926514,31300
5.519999980926514,5.590000152587891,5.489999771118164,5.550000190734863,5.550000190734863,30900
5.46999979019165,5.550000190734863,5.46999979019165,5.539999961853027,5.539999961853027,101500
5.519999980926514,5.630000114440918,5.519999980926514,5.590000152587891,5.590000152587891,13500
5.650000095367432,5.800000190734863,5.650000095367432,5.71999979019165,5.71999979019165,109200
5.619999885559082,6.010000228881836,5.619999885559082,6.0,6.0,69400
6.0,6.159999847412109,5.960000038146973,5.989999771118164,5.989999771118164,56000
5.960000038146973,6.039999961853027,5.960000038146973,6.010000228881836,6.010000228881836,53800
6.010000228881836,6.099999904632568,6.010000228881836,6.010000228881836,6.010000228881836,20500
6.0,6.019999980926514,5.889999866485596,5.909999847412109,5.909999847412109,29500
5.900000095367432,5.920000076293945,5.769999980926514,5.789999961853027,5.789999961853027,31700
5.75,5.840000152587891,5.710000038146973,5.800000190734863,5.800000190734863,17500
5.820000171661377,5.869999885559082,5.739999771118164,5.840000152587891,5.840000152587891,28100
5.75,5.960000038146973,5.75,5.900000095367432,5.900000095367432,17700
5.960000038146973,5.960000038146973,5.75,5.75,5.75,33700
5.800000190734863,5.889999866485596,5.789999961853027,5.860000133514404,5.860000133514404,27200
5.900000095367432,5.909999847412109,5.769999980926514,5.849999904632568,5.849999904632568,28000
5.820000171661377,6.019999980926514,5.820000171661377,6.010000228881836,6.010000228881836,31000
5.940000057220459,6.079999923706055,5.909999847412109,5.920000076293945,5.920000076293945,62500
5.820000171661377,6.010000228881836,5.820000171661377,5.96999979019165,5.96999979019165,28400
5.929999828338623,6.079999923706055,5.900000095367432,6.079999923706055,6.079999923706055,30300
6.079999923706055,6.079999923706055,6.0,6.019999980926514,6.019999980926514,27000
5.96999979019165,6.019999980926514,5.96999979019165,6.0,6.0,14000
5.989999771118164,6.090000152587891,5.989999771118164,6.039999961853027,6.039999961853027,24400
6.010000228881836,6.050000190734863,6.0,6.0,6.0,50100
5.809999942779541,6.079999923706055,5.809999942779541,6.019999980926514,6.019999980926514,22100
6.03000020980835,6.119999885559082,6.019999980926514,6.03000020980835,6.03000020980835,18000
6.03000020980835,6.03000020980835,5.909999847412109,5.96999979019165,5.96999979019165,4100
6.010000228881836,6.010000228881836,5.889999866485596,5.889999866485596,5.889999866485596,22000
5.909999847412109,6.019999980926514,5.909999847412109,6.0,6.0,73400
6.0,6.03000020980835,5.960000038146973,6.0,6.0,36100
6.0,6.050000190734863,6.0,6.019999980926514,6.019999980926514,23400
6.010000228881836,6.050000190734863,6.0,6.039999961853027,6.039999961853027,66800
6.039999961853027,6.25,6.039999961853027,6.25,6.25,17500
6.150000095367432,6.28000020980835,6.150000095367432,6.269999980926514,6.269999980926514,29500
6.300000190734863,6.400000095367432,6.28000020980835,6.329999923706055,6.329999923706055,28600
6.269999980926514,6.320000171661377,6.119999885559082,6.159999847412109,6.159999847412109,13800
6.099999904632568,6.199999809265137,6.090000152587891,6.099999904632568,6.099999904632568,25200
6.070000171661377,6.130000114440918,6.070000171661377,6.130000114440918,6.130000114440918,19500
6.130000114440918,6.150000095367432,6.039999961853027,6.059999942779541,6.059999942779541,16700
6.010000228881836,6.130000114440918,6.010000228881836,6.070000171661377,6.070000171661377,27400
6.119999885559082,6.119999885559082,5.96999979019165,5.980000019073486,5.980000019073486,33200
5.929999828338623,6.010000228881836,5.889999866485596,5.909999847412109,5.909999847412109,14000
5.900000095367432,5.920000076293945,5.849999904632568,5.860000133514404,5.860000133514404,28700
5.849999904632568,6.150000095367432,5.829999923706055,6.130000114440918,6.130000114440918,42200
6.150000095367432,6.150000095367432,6.03000020980835,6.039999961853027,6.039999961853027,22000
6.03000020980835,6.050000190734863,5.889999866485596,6.019999980926514,6.019999980926514,25800
5.920000076293945,6.03000020980835,5.920000076293945,6.010000228881836,6.010000228881836,7300
6.010000228881836,6.139999866485596,6.010000228881836,6.050000190734863,6.050000190734863,23000
6.050000190734863,6.130000114440918,6.019999980926514,6.130000114440918,6.130000114440918,25600
6.199999809265137,6.239999771118164,6.099999904632568,6.139999866485596,6.139999866485596,57300
6.119999885559082,6.179999828338623,6.0,6.159999847412109,6.159999847412109,17900
6.199999809265137,6.210000038146973,6.050000190734863,6.110000133514404,6.110000133514404,32200
6.150000095367432,6.210000038146973,6.099999904632568,6.190000057220459,6.190000057220459,40000
6.190000057220459,6.28000020980835,6.190000057220459,6.230000019073486,6.230000019073486,36300
6.21999979019165,6.340000152587891,6.21999979019165,6.320000171661377,6.320000171661377,69200
6.25,6.510000228881836,6.25,6.46999979019165,6.46999979019165,70900
6.46999979019165,6.46999979019165,6.360000133514404,6.389999866485596,6.389999866485596,34100
6.340000152587891,6.599999904632568,6.340000152587891,6.519999980926514,6.519999980926514,45700
6.559999942779541,6.570000171661377,6.389999866485596,6.389999866485596,6.389999866485596,119200
6.400000095367432,6.400000095367432,6.260000228881836,6.369999885559082,6.369999885559082,11600
6.369999885559082,6.449999809265137,6.369999885559082,6.429999828338623,6.429999828338623,47700
6.53000020980835,6.559999942779541,6.46999979019165,6.539999961853027,6.539999961853027,25900
6.53000020980835,6.599999904632568,6.53000020980835,6.599999904632568,6.599999904632568,27500
6.670000076293945,6.699999809265137,6.599999904632568,6.699999809265137,6.699999809265137,57700
6.679999828338623,6.760000228881836,6.670000076293945,6.730000019073486,6.730000019073486,68900
6.75,6.829999923706055,6.699999809265137,6.789999961853027,6.789999961853027,49900
6.650000095367432,6.840000152587891,6.650000095367432,6.75,6.75,71600
6.71999979019165,7.0,6.679999828338623,6.980000019073486,6.980000019073486,92600
6.96999979019165,7.199999809265137,6.96999979019165,7.099999904632568,7.099999904632568,177500
7.130000114440918,7.130000114440918,7.03000020980835,7.059999942779541,7.059999942779541,95400
7.0,7.03000020980835,6.900000095367432,6.949999809265137,6.949999809265137,80400
7.0,7.170000076293945,7.0,7.119999885559082,7.119999885559082,62800
7.099999904632568,7.239999771118164,7.099999904632568,7.199999809265137,7.199999809265137,47500
7.21999979019165,7.380000114440918,7.21999979019165,7.329999923706055,7.329999923706055,58200
7.309999942779541,7.460000038146973,7.309999942779541,7.400000095367432,7.400000095367432,64200
7.369999885559082,7.409999847412109,7.019999980926514,7.03000020980835,7.03000020980835,61000
7.0,7.179999828338623,6.96999979019165,7.150000095367432,7.150000095367432,32000
7.190000057220459,7.239999771118164,7.190000057220459,7.21999979019165,7.21999979019165,16000
7.28000020980835,7.28000020980835,7.210000038146973,7.239999771118164,7.239999771118164,51800
7.21999979019165,7.300000190734863,7.21999979019165,7.260000228881836,7.260000228881836,16500
7.269999980926514,7.349999904632568,7.25,7.309999942779541,7.309999942779541,68200
7.239999771118164,7.239999771118164,6.699999809265137,7.03000020980835,7.03000020980835,83900
6.880000114440918,7.059999942779541,6.880000114440918,7.019999980926514,7.019999980926514,51400
7.079999923706055,7.079999923706055,6.880000114440918,6.989999771118164,6.989999771118164,34900
6.920000076293945,7.110000133514404,6.889999866485596,7.079999923706055,7.079999923706055,16300
7.010000228881836,7.079999923706055,6.869999885559082,6.980000019073486,6.980000019073486,28000
6.989999771118164,7.130000114440918,6.949999809265137,7.110000133514404,7.110000133514404,18200
7.130000114440918,7.349999904632568,7.099999904632568,7.340000152587891,7.340000152587891,47900
7.25,7.329999923706055,6.949999809265137,6.989999771118164,6.989999771118164,49300
6.989999771118164,7.349999904632568,6.989999771118164,7.340000152587891,7.340000152587891,61900
7.300000190734863,7.349999904632568,7.090000152587891,7.309999942779541,7.309999942779541,70700
7.340000152587891,7.5,7.340000152587891,7.5,7.5,60800
7.5,7.539999961853027,7.340000152587891,7.420000076293945,7.420000076293945,73100
7.320000171661377,7.400000095367432,7.019999980926514,7.079999923706055,7.079999923706055,41600
7.0,7.210000038146973,6.989999771118164,7.150000095367432,7.150000095367432,48900
7.010000228881836,7.239999771118164,7.010000228881836,7.099999904632568,7.099999904632568,22400
7.0,7.320000171661377,7.0,7.119999885559082,7.119999885559082,43300
7.079999923706055,7.260000228881836,7.079999923706055,7.130000114440918,7.130000114440918,28300
7.03000020980835,7.150000095367432,7.0,7.019999980926514,7.019999980926514,41200
7.130000114440918,7.130000114440918,6.989999771118164,7.050000190734863,7.050000190734863,51200
7.119999885559082,7.320000171661377,7.070000171661377,7.260000228881836,7.260000228881836,34100
7.25,7.320000171661377,7.050000190734863,7.130000114440918,7.130000114440918,37600
7.099999904632568,7.139999866485596,7.010000228881836,7.110000133514404,7.110000133514404,55900
7.099999904632568,7.369999885559082,7.099999904632568,7.260000228881836,7.260000228881836,59700
7.25,7.25,7.059999942779541,7.070000171661377,7.070000171661377,22200
7.0,7.210000038146973,7.0,7.119999885559082,7.119999885559082,23800
7.079999923706055,7.170000076293945,7.050000190734863,7.059999942779541,7.059999942779541,32600
7.119999885559082,7.289999961853027,7.119999885559082,7.289999961853027,7.289999961853027,36100
7.190000057220459,7.25,7.070000171661377,7.079999923706055,7.079999923706055,28300
7.079999923706055,7.269999980926514,7.050000190734863,7.150000095367432,7.150000095367432,24200
7.179999828338623,7.269999980926514,7.150000095367432,7.190000057220459,7.190000057220459,12900
7.179999828338623,7.369999885559082,7.170000076293945,7.289999961853027,7.289999961853027,35200
7.190000057220459,7.320000171661377,7.110000133514404,7.190000057220459,7.190000057220459,40300
7.260000228881836,7.260000228881836,7.170000076293945,7.190000057220459,7.190000057220459,14400
7.230000019073486,7.329999923706055,7.190000057220459,7.199999809265137,7.199999809265137,11300
7.179999828338623,7.320000171661377,7.179999828338623,7.320000171661377,7.320000171661377,23200
7.119999885559082,7.269999980926514,7.119999885559082,7.199999809265137,7.199999809265137,24700
7.190000057220459,7.320000171661377,7.190000057220459,7.28000020980835,7.28000020980835,39900
7.269999980926514,7.269999980926514,7.070000171661377,7.139999866485596,7.139999866485596,27000
7.050000190734863,7.119999885559082,7.03000020980835,7.110000133514404,7.110000133514404,17000
7.150000095367432,7.210000038146973,7.079999923706055,7.170000076293945,7.170000076293945,18400
7.199999809265137,7.199999809265137,7.139999866485596,7.139999866485596,7.139999866485596,19700
7.150000095367432,7.199999809265137,7.099999904632568,7.179999828338623,7.179999828338623,15900
7.099999904632568,7.239999771118164,7.099999904632568,7.239999771118164,7.239999771118164,9300
7.190000057220459,7.300000190734863,7.159999847412109,7.300000190734863,7.300000190734863,20300
7.300000190734863,7.360000133514404,7.28000020980835,7.309999942779541,7.309999942779541,20600
7.28000020980835,7.360000133514404,7.199999809265137,7.329999923706055,7.329999923706055,31300
7.340000152587891,7.349999904632568,7.25,7.28000020980835,7.28000020980835,23900
7.349999904632568,7.440000057220459,7.349999904632568,7.400000095367432,7.400000095367432,18600
7.389999866485596,7.389999866485596,7.21999979019165,7.340000152587891,7.340000152587891,26500
7.300000190734863,7.400000095367432,7.300000190734863,7.320000171661377,7.320000171661377,23400
7.369999885559082,7.420000076293945,7.260000228881836,7.260000228881836,7.260000228881836,49400
7.260000228881836,7.320000171661377,7.190000057220459,7.300000190734863,7.300000190734863,32000
7.289999961853027,7.420000076293945,7.25,7.289999961853027,7.289999961853027,41800
7.199999809265137,7.369999885559082,7.199999809265137,7.260000228881836,7.260000228881836,52000
7.239999771118164,7.449999809265137,7.230000019073486,7.440000057220459,7.440000057220459,32100
7.389999866485596,7.53000020980835,7.329999923706055,7.489999771118164,7.489999771118164,17000
7.46999979019165,7.53000020980835,7.380000114440918,7.460000038146973,7.460000038146973,27100
7.360000133514404,7.53000020980835,7.360000133514404,7.480000019073486,7.480000019073486,20500
7.5,7.550000190734863,7.449999809265137,7.449999809265137,7.449999809265137,26200
7.449999809265137,7.570000171661377,7.449999809265137,7.510000228881836,7.510000228881836,95000
7.480000019073486,7.539999961853027,7.409999847412109,7.460000038146973,7.460000038146973,75200
7.380000114440918,7.5,7.380000114440918,7.449999809265137,7.449999809265137,69700
7.550000190734863,7.960000038146973,7.46999979019165,7.619999885559082,7.619999885559082,325600
7.659999847412109,7.659999847412109,7.25,7.269999980926514,7.269999980926514,191700
7.300000190734863,7.300000190734863,7.099999904632568,7.190000057220459,7.190000057220459,94300
7.170000076293945,7.389999866485596,7.170000076293945,7.369999885559082,7.369999885559082,88900
7.289999961853027,7.440000057220459,7.289999961853027,7.389999866485596,7.389999866485596,1479100
7.349999904632568,7.610000133514404,7.329999923706055,7.550000190734863,7.550000190734863,320300
7.650000095367432,7.75,7.590000152587891,7.630000114440918,7.630000114440918,769900
7.630000114440918,8.039999961853027,7.630000114440918,7.989999771118164,7.989999771118164,1368500
7.96999979019165,8.0,7.760000228881836,7.889999866485596,7.889999866485596,110500
7.820000171661377,8.069999694824219,7.820000171661377,8.0600004196167,8.0600004196167,91600
8.149999618530273,8.40999984741211,8.09000015258789,8.180000305175781,8.180000305175781,372200
8.210000038146973,8.210000038146973,7.929999828338623,8.09000015258789,8.09000015258789,179200
8.0600004196167,8.0600004196167,7.920000076293945,8.020000457763672,8.020000457763672,109800
8.039999961853027,8.3100004196167,7.840000152587891,8.260000228881836,8.260000228881836,86900
8.229999542236328,8.5,8.180000305175781,8.479999542236328,8.479999542236328,181500
8.390000343322754,8.529999732971191,8.15999984741211,8.4399995803833,8.4399995803833,129500
8.4399995803833,8.529999732971191,8.4399995803833,8.470000267028809,8.470000267028809,70700
8.449999809265137,8.449999809265137,8.079999923706055,8.079999923706055,8.079999923706055,125400
8.09000015258789,8.210000038146973,8.050000190734863,8.050000190734863,8.050000190734863,150200
8.140000343322754,8.140000343322754,7.989999771118164,8.069999694824219,8.069999694824219,128500
7.980000019073486,8.0,7.920000076293945,7.949999809265137,7.949999809265137,43100
7.960000038146973,8.079999923706055,7.949999809265137,8.069999694824219,8.069999694824219,43900
8.100000381469727,8.140000343322754,8.069999694824219,8.140000343322754,8.140000343322754,63100
8.140000343322754,8.25,7.989999771118164,8.130000114440918,8.130000114440918,67400
8.130000114440918,8.130000114440918,7.900000095367432,8.050000190734863,8.050000190734863,96900
8.010000228881836,8.039999961853027,7.869999885559082,7.929999828338623,7.929999828338623,143600
7.909999847412109,7.909999847412109,7.739999771118164,7.75,7.75,84900
7.679999828338623,7.949999809265137,7.679999828338623,7.900000095367432,7.900000095367432,67100
7.909999847412109,8.020000457763672,7.769999980926514,7.96999979019165,7.96999979019165,120000
8.069999694824219,8.09000015258789,7.769999980926514,7.769999980926514,7.769999980926514,129200
7.800000190734863,7.960000038146973,7.760000228881836,7.909999847412109,7.909999847412109,161600
7.849999904632568,8.199999809265137,7.840000152587891,8.109999656677246,8.109999656677246,169300
8.109999656677246,8.279999732971191,8.0,8.180000305175781,8.180000305175781,445500
8.079999923706055,8.1899995803833,8.029999732971191,8.180000305175781,8.180000305175781,387600
8.15999984741211,8.210000038146973,7.949999809265137,8.140000343322754,8.140000343322754,125900
8.130000114440918,8.199999809265137,8.09000015258789,8.119999885559082,8.119999885559082,58600
8.109999656677246,8.220000267028809,8.079999923706055,8.210000038146973,8.210000038146973,140300
8.180000305175781,8.1899995803833,8.039999961853027,8.119999885559082,8.119999885559082,351700
8.119999885559082,8.119999885559082,7.929999828338623,8.020000457763672,8.020000457763672,130200
8.020000457763672,8.029999732971191,7.900000095367432,7.929999828338623,7.929999828338623,56300
7.949999809265137,7.980000019073486,7.800000190734863,7.800000190734863,7.800000190734863,149300
7.800000190734863,7.809999942779541,7.599999904632568,7.789999961853027,7.789999961853027,265000
7.849999904632568,7.849999904632568,7.690000057220459,7.75,7.75,65500
7.699999809265137,7.699999809265137,7.480000019073486,7.489999771118164,7.489999771118164,106200
7.519999980926514,7.639999866485596,7.510000228881836,7.639999866485596,7.639999866485596,61400
7.630000114440918,7.630000114440918,7.539999961853027,7.539999961853027,7.539999961853027,28800
7.559999942779541,7.610000133514404,7.489999771118164,7.610000133514404,7.610000133514404,90800
7.590000152587891,7.659999847412109,7.510000228881836,7.559999942779541,7.559999942779541,55500
7.659999847412109,7.659999847412109,7.289999961853027,7.510000228881836,7.510000228881836,122100
7.46999979019165,7.610000133514404,7.46999979019165,7.559999942779541,7.559999942779541,72100
7.53000020980835,7.900000095367432,7.53000020980835,7.800000190734863,7.800000190734863,101600
7.760000228881836,7.789999961853027,7.599999904632568,7.699999809265137,7.699999809265137,39900
7.670000076293945,7.760000228881836,7.650000095367432,7.670000076293945,7.670000076293945,52500
7.699999809265137,7.78000020980835,7.599999904632568,7.599999904632568,7.599999904632568,77200
7.579999923706055,7.630000114440918,7.389999866485596,7.510000228881836,7.510000228881836,43300
7.460000038146973,7.510000228881836,7.230000019073486,7.239999771118164,7.239999771118164,102500
7.230000019073486,7.289999961853027,7.019999980926514,7.059999942779541,7.059999942779541,107000
7.03000020980835,7.190000057220459,7.03000020980835,7.179999828338623,7.179999828338623,54500
7.139999866485596,7.429999828338623,7.119999885559082,7.28000020980835,7.28000020980835,120600
7.210000038146973,7.349999904632568,7.190000057220459,7.28000020980835,7.28000020980835,86300
7.329999923706055,7.429999828338623,7.329999923706055,7.349999904632568,7.349999904632568,26200
7.389999866485596,7.420000076293945,7.28000020980835,7.389999866485596,7.389999866485596,46900
7.400000095367432,7.420000076293945,7.320000171661377,7.320000171661377,7.320000171661377,35600
7.289999961853027,7.289999961853027,7.170000076293945,7.230000019073486,7.230000019073486,50000
7.28000020980835,7.28000020980835,7.099999904632568,7.179999828338623,7.179999828338623,42100
7.230000019073486,7.289999961853027,7.159999847412109,7.21999979019165,7.21999979019165,39300
7.199999809265137,7.269999980926514,7.179999828338623,7.230000019073486,7.230000019073486,101200
7.199999809265137,7.25,7.139999866485596,7.25,7.25,39600
7.230000019073486,7.269999980926514,7.190000057220459,7.210000038146973,7.210000038146973,58400
6.699999809265137,6.889999866485596,6.400000095367432,6.75,6.75,212700
6.650000095367432,6.900000095367432,6.650000095367432,6.840000152587891,6.840000152587891,72400
6.769999980926514,6.820000171661377,6.599999904632568,6.630000114440918,6.630000114440918,90000
6.579999923706055,6.869999885559082,6.579999923706055,6.78000020980835,6.78000020980835,57500
6.840000152587891,7.210000038146973,6.840000152587891,7.190000057220459,7.190000057220459,115900
7.179999828338623,7.239999771118164,7.119999885559082,7.210000038146973,7.210000038146973,81800
7.210000038146973,7.349999904632568,7.199999809265137,7.300000190734863,7.300000190734863,90300
7.349999904632568,7.369999885559082,7.210000038146973,7.230000019073486,7.230000019073486,69100
7.360000133514404,7.360000133514404,7.199999809265137,7.25,7.25,163300
7.289999961853027,7.320000171661377,7.199999809265137,7.239999771118164,7.239999771118164,81600
7.179999828338623,7.239999771118164,7.110000133514404,7.139999866485596,7.139999866485596,27500
7.099999904632568,7.199999809265137,7.079999923706055,7.110000133514404,7.110000133514404,27600
7.150000095367432,7.21999979019165,7.110000133514404,7.190000057220459,7.190000057220459,104600
7.150000095367432,7.480000019073486,7.150000095367432,7.360000133514404,7.360000133514404,143100
7.420000076293945,7.460000038146973,7.25,7.269999980926514,7.269999980926514,106800
7.210000038146973,7.389999866485596,7.210000038146973,7.309999942779541,7.309999942779541,79300
7.309999942779541,7.349999904632568,7.199999809265137,7.230000019073486,7.230000019073486,83300
7.199999809265137,7.25,7.139999866485596,7.159999847412109,7.159999847412109,91600
7.190000057220459,7.230000019073486,7.110000133514404,7.21999979019165,7.21999979019165,62400
7.0,7.070000171661377,6.900000095367432,7.019999980926514,7.019999980926514,102800
7.0,7.349999904632568,7.0,7.269999980926514,7.269999980926514,128600
7.179999828338623,7.21999979019165,7.130000114440918,7.210000038146973,7.210000038146973,62800
7.199999809265137,7.260000228881836,7.130000114440918,7.159999847412109,7.159999847412109,32000
7.130000114440918,7.340000152587891,7.130000114440918,7.260000228881836,7.260000228881836,88000
7.199999809265137,7.300000190734863,7.199999809265137,7.21999979019165,7.21999979019165,36000
7.210000038146973,7.28000020980835,7.210000038146973,7.260000228881836,7.260000228881836,31700
7.239999771118164,7.28000020980835,7.130000114440918,7.150000095367432,7.150000095367432,56400
7.150000095367432,7.420000076293945,7.150000095367432,7.380000114440918,7.380000114440918,80200
7.449999809265137,7.5,7.28000020980835,7.300000190734863,7.300000190734863,130000
7.190000057220459,7.320000171661377,7.110000133514404,7.21999979019165,7.21999979019165,87100
7.260000228881836,7.309999942779541,7.199999809265137,7.210000038146973,7.210000038146973,94100
7.130000114440918,7.170000076293945,6.940000057220459,6.980000019073486,6.980000019073486,87700
6.949999809265137,7.179999828338623,6.949999809265137,7.079999923706055,7.079999923706055,41200
7.090000152587891,7.159999847412109,7.019999980926514,7.130000114440918,7.130000114440918,51900
7.099999904632568,7.190000057220459,6.889999866485596,6.909999847412109,6.909999847412109,67000
6.869999885559082,6.980000019073486,6.690000057220459,6.71999979019165,6.71999979019165,22100
6.679999828338623,6.820000171661377,6.5,6.75,6.75,40500
6.699999809265137,6.75,6.460000038146973,6.489999771118164,6.489999771118164,29100
6.590000152587891,6.760000228881836,6.590000152587891,6.630000114440918,6.630000114440918,35700
6.599999904632568,6.679999828338623,6.570000171661377,6.599999904632568,6.599999904632568,75300
6.610000133514404,6.769999980926514,6.610000133514404,6.739999771118164,6.739999771118164,40200
6.789999961853027,6.889999866485596,6.71999979019165,6.849999904632568,6.849999904632568,149700
6.809999942779541,7.010000228881836,6.739999771118164,6.809999942779541,6.809999942779541,52900
6.849999904632568,6.889999866485596,6.559999942779541,6.670000076293945,6.670000076293945,73500
6.599999904632568,6.699999809265137,6.570000171661377,6.579999923706055,6.579999923706055,48200
6.599999904632568,6.639999866485596,6.429999828338623,6.53000020980835,6.53000020980835,113200
6.510000228881836,6.550000190734863,6.389999866485596,6.409999847412109,6.409999847412109,74800
6.449999809265137,6.559999942779541,6.28000020980835,6.510000228881836,6.510000228881836,73000
6.449999809265137,6.46999979019165,6.389999866485596,6.449999809265137,6.449999809265137,23700
6.300000190734863,6.369999885559082,6.03000020980835,6.309999942779541,6.309999942779541,61500
6.28000020980835,6.420000076293945,6.28000020980835,6.380000114440918,6.380000114440918,33100
6.329999923706055,6.420000076293945,6.329999923706055,6.380000114440918,6.380000114440918,29100
6.360000133514404,6.420000076293945,6.25,6.320000171661377,6.320000171661377,78300
6.25,6.25,6.130000114440918,6.230000019073486,6.230000019073486,35400
6.230000019073486,6.440000057220459,6.230000019073486,6.329999923706055,6.329999923706055,45500
6.300000190734863,6.300000190734863,6.179999828338623,6.28000020980835,6.28000020980835,26000
6.260000228881836,6.269999980926514,6.070000171661377,6.239999771118164,6.239999771118164,44300
6.300000190734863,6.300000190734863,6.130000114440918,6.170000076293945,6.170000076293945,47100
6.170000076293945,6.210000038146973,6.059999942779541,6.159999847412109,6.159999847412109,75300
6.099999904632568,6.349999904632568,6.090000152587891,6.300000190734863,6.300000190734863,44100
6.309999942779541,6.429999828338623,6.260000228881836,6.329999923706055,6.329999923706055,33200
6.329999923706055,6.440000057220459,6.329999923706055,6.429999828338623,6.429999828338623,38000
6.489999771118164,6.510000228881836,6.110000133514404,6.239999771118164,6.239999771118164,48500
6.230000019073486,6.239999771118164,6.130000114440918,6.179999828338623,6.179999828338623,31100
6.199999809265137,6.420000076293945,6.179999828338623,6.360000133514404,6.360000133514404,71600
6.300000190734863,6.329999923706055,6.179999828338623,6.179999828338623,6.179999828338623,40700
6.25,6.349999904632568,6.150000095367432,6.320000171661377,6.320000171661377,6300
6.25,6.320000171661377,6.150000095367432,6.28000020980835,6.28000020980835,47300
6.289999961853027,6.460000038146973,6.289999961853027,6.380000114440918,6.380000114440918,77300
6.340000152587891,6.420000076293945,6.170000076293945,6.260000228881836,6.260000228881836,59000
6.21999979019165,6.349999904632568,6.21999979019165,6.289999961853027,6.289999961853027,26000
6.28000020980835,6.309999942779541,6.159999847412109,6.25,6.25,74600
6.289999961853027,6.289999961853027,6.150000095367432,6.230000019073486,6.230000019073486,25900
6.260000228881836,6.309999942779541,6.0,6.050000190734863,6.050000190734863,53600
6.019999980926514,6.159999847412109,6.019999980926514,6.090000152587891,6.090000152587891,57000
6.070000171661377,6.150000095367432,6.059999942779541,6.099999904632568,6.099999904632568,84000
6.010000228881836,6.150000095367432,6.010000228881836,6.050000190734863,6.050000190734863,63600
6.059999942779541,6.150000095367432,6.059999942779541,6.099999904632568,6.099999904632568,51000
6.110000133514404,6.150000095367432,6.0,6.0,6.0,41600
6.0,6.010000228881836,5.71999979019165,5.800000190734863,5.800000190734863,82900
5.809999942779541,5.96999979019165,5.699999809265137,5.889999866485596,5.889999866485596,36900
5.849999904632568,5.960000038146973,5.849999904632568,5.920000076293945,5.920000076293945,26900
5.900000095367432,6.25,5.900000095367432,6.170000076293945,6.170000076293945,43300
6.179999828338623,6.190000057220459,5.920000076293945,5.929999828338623,5.929999828338623,39800
5.949999809265137,6.019999980926514,5.940000057220459,5.940000057220459,5.940000057220459,36700
5.989999771118164,5.989999771118164,5.809999942779541,5.849999904632568,5.849999904632568,43900
5.820000171661377,5.889999866485596,5.760000228881836,5.849999904632568,5.849999904632568,85800
5.880000114440918,6.039999961853027,5.880000114440918,5.96999979019165,5.96999979019165,43600
5.989999771118164,6.119999885559082,5.96999979019165,6.070000171661377,6.070000171661377,64000
6.099999904632568,6.260000228881836,6.099999904632568,6.21999979019165,6.21999979019165,46500
6.420000076293945,6.420000076293945,6.190000057220459,6.340000152587891,6.340000152587891,44700
6.300000190734863,6.389999866485596,6.230000019073486,6.269999980926514,6.269999980926514,30300
6.329999923706055,6.349999904632568,6.150000095367432,6.300000190734863,6.300000190734863,68700
6.289999961853027,6.380000114440918,6.260000228881836,6.349999904632568,6.349999904632568,83600
6.289999961853027,6.389999866485596,6.289999961853027,6.340000152587891,6.340000152587891,49000
6.300000190734863,6.389999866485596,6.300000190734863,6.309999942779541,6.309999942779541,51800
6.309999942779541,6.409999847412109,6.309999942779541,6.369999885559082,6.369999885559082,88300
6.340000152587891,6.489999771118164,6.309999942779541,6.440000057220459,6.440000057220459,67700
6.360000133514404,6.489999771118164,6.360000133514404,6.489999771118164,6.489999771118164,72100
6.46999979019165,6.5,6.369999885559082,6.400000095367432,6.400000095367432,44200
6.460000038146973,6.510000228881836,6.389999866485596,6.429999828338623,6.429999828338623,28500
6.409999847412109,6.46999979019165,6.380000114440918,6.449999809265137,6.449999809265137,21400
6.400000095367432,6.599999904632568,6.400000095367432,6.440000057220459,6.440000057220459,77300
6.489999771118164,6.5,6.449999809265137,6.480000019073486,6.480000019073486,28600
6.449999809265137,6.5,6.409999847412109,6.409999847412109,6.409999847412109,23500
6.400000095367432,6.480000019073486,6.360000133514404,6.460000038146973,6.460000038146973,24400
6.440000057220459,6.449999809265137,6.289999961853027,6.300000190734863,6.300000190734863,48200
6.320000171661377,6.340000152587891,6.28000020980835,6.320000171661377,6.320000171661377,27300
6.269999980926514,6.329999923706055,6.269999980926514,6.309999942779541,6.309999942779541,20000
6.329999923706055,6.349999904632568,6.28000020980835,6.300000190734863,6.300000190734863,26600
6.289999961853027,6.349999904632568,6.269999980926514,6.309999942779541,6.309999942779541,35700
6.260000228881836,6.349999904632568,6.260000228881836,6.289999961853027,6.289999961853027,70900
6.25,6.5,6.239999771118164,6.340000152587891,6.340000152587891,114100
6.300000190734863,6.460000038146973,6.28000020980835,6.380000114440918,6.380000114440918,106900
6.349999904632568,6.389999866485596,6.28000020980835,6.309999942779541,6.309999942779541,68900
6.230000019073486,6.380000114440918,6.230000019073486,6.289999961853027,6.289999961853027,115800
6.300000190734863,6.360000133514404,6.28000020980835,6.329999923706055,6.329999923706055,131500
6.28000020980835,6.420000076293945,6.28000020980835,6.369999885559082,6.369999885559082,71100
6.309999942779541,6.409999847412109,6.25,6.28000020980835,6.28000020980835,64300
6.320000171661377,6.420000076293945,6.300000190734863,6.369999885559082,6.369999885559082,41300
6.329999923706055,6.389999866485596,6.309999942779541,6.360000133514404,6.360000133514404,54100
6.329999923706055,6.340000152587891,6.239999771118164,6.260000228881836,6.260000228881836,51200
6.28000020980835,6.360000133514404,6.25,6.28000020980835,6.28000020980835,32000
6.289999961853027,6.320000171661377,6.25,6.300000190734863,6.300000190734863,40000
6.300000190734863,6.360000133514404,6.269999980926514,6.320000171661377,6.320000171661377,89700
6.340000152587891,6.369999885559082,6.309999942779541,6.349999904632568,6.349999904632568,65000
6.260000228881836,6.679999828338623,6.260000228881836,6.539999961853027,6.539999961853027,98900
6.550000190734863,6.679999828338623,6.539999961853027,6.659999847412109,6.659999847412109,84100
6.730000019073486,6.730000019073486,6.510000228881836,6.550000190734863,6.550000190734863,74200
6.650000095367432,6.650000095367432,6.5,6.559999942779541,6.559999942779541,84100
6.539999961853027,6.590000152587891,6.400000095367432,6.46999979019165,6.46999979019165,77200
6.389999866485596,6.489999771118164,6.389999866485596,6.489999771118164,6.489999771118164,26600
6.5,6.599999904632568,6.460000038146973,6.559999942779541,6.559999942779541,46400
6.519999980926514,6.610000133514404,6.519999980926514,6.539999961853027,6.539999961853027,29700
6.670000076293945,6.699999809265137,6.590000152587891,6.699999809265137,6.699999809265137,22300
6.650000095367432,6.650000095367432,6.460000038146973,6.579999923706055,6.579999923706055,56900
6.590000152587891,6.840000152587891,6.590000152587891,6.829999923706055,6.829999923706055,78000
6.769999980926514,6.929999828338623,6.769999980926514,6.860000133514404,6.860000133514404,72400
6.849999904632568,6.940000057220459,6.739999771118164,6.889999866485596,6.889999866485596,61600
6.96999979019165,6.96999979019165,6.869999885559082,6.880000114440918,6.880000114440918,38600
6.820000171661377,6.869999885559082,6.619999885559082,6.630000114440918,6.630000114440918,69100
6.610000133514404,6.849999904632568,6.610000133514404,6.789999961853027,6.789999961853027,90400
6.789999961853027,7.079999923706055,6.789999961853027,6.989999771118164,6.989999771118164,89400
7.039999961853027,7.070000171661377,6.929999828338623,7.010000228881836,7.010000228881836,61900
7.0,7.130000114440918,6.96999979019165,7.059999942779541,7.059999942779541,73100
7.070000171661377,7.099999904632568,6.96999979019165,7.090000152587891,7.090000152587891,75600
7.059999942779541,7.079999923706055,6.980000019073486,7.059999942779541,7.059999942779541,34300
7.050000190734863,7.130000114440918,7.0,7.03000020980835,7.03000020980835,33400
7.079999923706055,7.099999904632568,6.929999828338623,7.059999942779541,7.059999942779541,54400
7.03000020980835,7.039999961853027,6.869999885559082,6.949999809265137,6.949999809265137,39500
6.960000038146973,6.989999771118164,6.809999942779541,6.820000171661377,6.820000171661377,86000
6.730000019073486,6.760000228881836,6.170000076293945,6.630000114440918,6.630000114440918,169900
6.539999961853027,6.789999961853027,6.539999961853027,6.769999980926514,6.769999980926514,55100
6.789999961853027,6.949999809265137,6.75,6.869999885559082,6.869999885559082,44700
6.840000152587891,6.949999809265137,6.840000152587891,6.900000095367432,6.900000095367432,59500
6.929999828338623,6.949999809265137,6.869999885559082,6.909999847412109,6.909999847412109,67200
6.900000095367432,6.900000095367432,6.650000095367432,6.690000057220459,6.690000057220459,58500
6.659999847412109,6.840000152587891,6.510000228881836,6.800000190734863,6.800000190734863,43400
6.760000228881836,6.789999961853027,6.570000171661377,6.730000019073486,6.730000019073486,54700
6.800000190734863,6.800000190734863,6.71999979019165,6.75,6.75,40500
6.5,6.699999809265137,6.389999866485596,6.489999771118164,6.489999771118164,136700
6.300000190734863,6.630000114440918,6.300000190734863,6.559999942779541,6.559999942779541,96200
6.550000190734863,6.690000057220459,6.550000190734863,6.610000133514404,6.610000133514404,49700
6.550000190734863,6.820000171661377,6.550000190734863,6.760000228881836,6.760000228881836,56400
6.760000228881836,6.820000171661377,6.679999828338623,6.769999980926514,6.769999980926514,37100
6.730000019073486,6.829999923706055,6.699999809265137,6.789999961853027,6.789999961853027,66800
6.789999961853027,6.829999923706055,6.75,6.78000020980835,6.78000020980835,26500
6.78000020980835,6.840000152587891,6.769999980926514,6.78000020980835,6.78000020980835,12400
6.75,6.849999904632568,6.690000057220459,6.849999904632568,6.849999904632568,28000
6.820000171661377,6.900000095367432,6.820000171661377,6.869999885559082,6.869999885559082,22400
6.869999885559082,6.900000095367432,6.840000152587891,6.880000114440918,6.880000114440918,56700
6.840000152587891,6.920000076293945,6.800000190734863,6.860000133514404,6.860000133514404,76500
6.840000152587891,6.900000095367432,6.699999809265137,6.849999904632568,6.849999904632568,156100
6.849999904632568,6.949999809265137,6.800000190734863,6.929999828338623,6.929999828338623,99700
6.920000076293945,7.050000190734863,6.900000095367432,7.03000020980835,7.03000020980835,128800
7.010000228881836,7.070000171661377,6.960000038146973,6.980000019073486,6.980000019073486,93600
6.96999979019165,7.070000171661377,6.960000038146973,7.050000190734863,7.050000190734863,51300
7.050000190734863,7.239999771118164,7.050000190734863,7.239999771118164,7.239999771118164,159700
7.079999923706055,7.309999942779541,7.079999923706055,7.239999771118164,7.239999771118164,58500
7.139999866485596,7.230000019073486,6.989999771118164,7.039999961853027,7.039999961853027,48600
6.96999979019165,7.090000152587891,6.900000095367432,6.920000076293945,6.920000076293945,114000
6.849999904632568,7.070000171661377,6.849999904632568,6.960000038146973,6.960000038146973,55000
6.929999828338623,6.960000038146973,6.849999904632568,6.869999885559082,6.869999885559082,37600
6.849999904632568,6.940000057220459,6.820000171661377,6.869999885559082,6.869999885559082,64700
6.900000095367432,6.920000076293945,6.699999809265137,6.860000133514404,6.860000133514404,48200
6.960000038146973,6.980000019073486,6.900000095367432,6.929999828338623,6.929999828338623,23800
6.940000057220459,6.949999809265137,6.820000171661377,6.929999828338623,6.929999828338623,40000
6.949999809265137,6.96999979019165,6.880000114440918,6.909999847412109,6.909999847412109,21300
6.860000133514404,6.869999885559082,6.679999828338623,6.78000020980835,6.78000020980835,32100
6.820000171661377,6.929999828338623,6.820000171661377,6.889999866485596,6.889999866485596,16900
6.900000095367432,6.96999979019165,6.880000114440918,6.889999866485596,6.889999866485596,69500
6.940000057220459,6.980000019073486,6.849999904632568,6.960000038146973,6.960000038146973,159700
7.0,7.0,6.699999809265137,6.730000019073486,6.730000019073486,83900
6.789999961853027,6.800000190734863,6.610000133514404,6.78000020980835,6.78000020980835,82900
6.699999809265137,6.809999942779541,6.659999847412109,6.710000038146973,6.710000038146973,67500
6.739999771118164,6.78000020980835,6.639999866485596,6.760000228881836,6.760000228881836,35200
6.690000057220459,6.809999942779541,6.690000057220459,6.789999961853027,6.789999961853027,66600
6.880000114440918,6.880000114440918,6.769999980926514,6.849999904632568,6.849999904632568,82000
6.800000190734863,6.860000133514404,6.789999961853027,6.789999961853027,6.789999961853027,69000
6.75,6.869999885559082,6.75,6.829999923706055,6.829999923706055,73100
6.820000171661377,6.940000057220459,6.820000171661377,6.909999847412109,6.909999847412109,87300
6.909999847412109,7.179999828338623,6.900000095367432,7.039999961853027,7.039999961853027,97100
7.059999942779541,7.079999923706055,6.960000038146973,7.039999961853027,7.039999961853027,79000
7.050000190734863,7.059999942779541,6.949999809265137,7.010000228881836,7.010000228881836,30300
7.019999980926514,7.130000114440918,6.940000057220459,7.099999904632568,7.099999904632568,56800
7.090000152587891,7.150000095367432,7.090000152587891,7.139999866485596,7.139999866485596,36600
7.139999866485596,7.260000228881836,7.110000133514404,7.150000095367432,7.150000095367432,85800
7.199999809265137,7.420000076293945,7.099999904632568,7.190000057220459,7.190000057220459,97900
7.179999828338623,7.230000019073486,7.130000114440918,7.210000038146973,7.210000038146973,56300
7.110000133514404,7.190000057220459,6.929999828338623,7.039999961853027,7.039999961853027,93400
7.099999904632568,7.590000152587891,7.099999904632568,7.590000152587891,7.590000152587891,319500
7.599999904632568,7.860000133514404,7.539999961853027,7.800000190734863,7.800000190734863,432300
7.730000019073486,8.079999923706055,7.730000019073486,8.010000228881836,8.010000228881836,180100
7.889999866485596,8.09000015258789,7.889999866485596,7.929999828338623,7.929999828338623,122400
7.869999885559082,8.100000381469727,7.869999885559082,8.029999732971191,8.029999732971191,127400
8.069999694824219,8.069999694824219,7.960000038146973,7.989999771118164,7.989999771118164,144000
7.920000076293945,8.029999732971191,7.920000076293945,8.029999732971191,8.029999732971191,52200
8.0,8.0,7.929999828338623,8.0,8.0,103800
8.0,8.039999961853027,7.860000133514404,7.949999809265137,7.949999809265137,171200
7.900000095367432,8.039999961853027,7.900000095367432,8.020000457763672,8.020000457763672,257400
7.980000019073486,8.170000076293945,7.980000019073486,8.140000343322754,8.140000343322754,102200
8.149999618530273,8.25,8.119999885559082,8.199999809265137,8.199999809265137,90800
8.25,8.449999809265137,8.220000267028809,8.369999885559082,8.369999885559082,361400
8.300000190734863,8.470000267028809,8.300000190734863,8.4399995803833,8.4399995803833,106600
8.289999961853027,8.489999771118164,8.270000457763672,8.4399995803833,8.4399995803833,206900
8.479999542236328,8.630000114440918,8.470000267028809,8.630000114440918,8.630000114440918,260300
8.609999656677246,8.729999542236328,8.579999923706055,8.680000305175781,8.680000305175781,170900
8.619999885559082,8.680000305175781,8.470000267028809,8.5600004196167,8.5600004196167,214800
8.600000381469727,8.670000076293945,8.5,8.59000015258789,8.59000015258789,129400
8.59000015258789,8.619999885559082,8.380000114440918,8.40999984741211,8.40999984741211,165000
8.420000076293945,8.5,8.279999732971191,8.460000038146973,8.460000038146973,214800
8.399999618530273,8.460000038146973,8.199999809265137,8.270000457763672,8.270000457763672,272200
8.15999984741211,8.300000190734863,8.149999618530273,8.229999542236328,8.229999542236328,101100
8.199999809265137,8.399999618530273,8.140000343322754,8.399999618530273,8.399999618530273,106300
8.460000038146973,8.59000015258789,8.449999809265137,8.460000038146973,8.460000038146973,115600
8.449999809265137,8.5,8.449999809265137,8.470000267028809,8.470000267028809,58000
8.4399995803833,8.479999542236328,8.399999618530273,8.420000076293945,8.420000076293945,85200
8.359999656677246,8.539999961853027,8.350000381469727,8.479999542236328,8.479999542236328,82700
8.520000457763672,8.539999961853027,8.390000343322754,8.529999732971191,8.529999732971191,105200
8.5,8.550000190734863,8.369999885559082,8.420000076293945,8.420000076293945,122200
8.420000076293945,8.420000076293945,8.210000038146973,8.350000381469727,8.350000381469727,155000
8.329999923706055,8.420000076293945,8.270000457763672,8.380000114440918,8.380000114440918,64800
8.399999618530273,8.420000076293945,8.289999961853027,8.289999961853027,8.289999961853027,49700
8.300000190734863,8.430000305175781,8.300000190734863,8.359999656677246,8.359999656677246,75600
8.399999618530273,8.59000015258789,8.399999618530273,8.569999694824219,8.569999694824219,393800
8.699999809265137,8.960000038146973,8.630000114440918,8.829999923706055,8.829999923706055,228100
8.819999694824219,8.84000015258789,8.600000381469727,8.649999618530273,8.649999618530273,112200
8.640000343322754,8.729999542236328,8.619999885559082,8.619999885559082,8.619999885559082,207400
8.5600004196167,8.720000267028809,8.5600004196167,8.619999885559082,8.619999885559082,71600
8.649999618530273,8.729999542236328,8.579999923706055,8.710000038146973,8.710000038146973,179200
8.699999809265137,8.75,8.609999656677246,8.630000114440918,8.630000114440918,98800
8.600000381469727,8.6899995803833,8.600000381469727,8.649999618530273,8.649999618530273,49600
8.680000305175781,8.720000267028809,8.609999656677246,8.65999984741211,8.65999984741211,41400
8.630000114440918,8.850000381469727,8.619999885559082,8.779999732971191,8.779999732971191,116100
8.779999732971191,8.970000267028809,8.770000457763672,8.9399995803833,8.9399995803833,144900
8.899999618530273,8.979999542236328,8.869999885559082,8.979999542236328,8.979999542236328,87900
8.979999542236328,9.020000457763672,8.930000305175781,8.989999771118164,8.989999771118164,91200
8.899999618530273,9.100000381469728,8.859999656677246,9.039999961853027,9.039999961853027,112300
9.06999969482422,9.06999969482422,8.930000305175781,8.930000305175781,8.930000305175781,91600
9.029999732971191,9.06999969482422,8.899999618530273,9.06999969482422,9.06999969482422,73200
9.0,9.170000076293944,9.0,9.170000076293944,9.170000076293944,74900
9.06999969482422,9.18000030517578,9.050000190734863,9.0600004196167,9.0600004196167,77100
9.100000381469728,9.289999961853027,9.100000381469728,9.289999961853027,9.289999961853027,83300
9.199999809265137,9.270000457763672,9.119999885559082,9.170000076293944,9.170000076293944,87400
9.15999984741211,9.3100004196167,9.119999885559082,9.25,9.25,60900
9.140000343322754,9.279999732971191,9.140000343322754,9.25,9.25,64600
9.25,9.300000190734863,9.1899995803833,9.270000457763672,9.270000457763672,50000
9.18000030517578,9.31999969482422,9.18000030517578,9.229999542236328,9.229999542236328,111600
9.25,9.270000457763672,9.170000076293944,9.239999771118164,9.239999771118164,93800
9.25,9.489999771118164,9.220000267028809,9.460000038146973,9.460000038146973,125900
9.43000030517578,9.479999542236328,9.3100004196167,9.3100004196167,9.3100004196167,75300
9.329999923706056,9.380000114440918,9.270000457763672,9.289999961853027,9.289999961853027,36900
9.25,9.350000381469728,8.899999618530273,8.989999771118164,8.989999771118164,124500
8.989999771118164,9.130000114440918,8.970000267028809,9.06999969482422,9.06999969482422,75900
9.529999732971191,10.350000381469728,9.510000228881836,9.90999984741211,9.90999984741211,568800
9.949999809265137,10.029999732971191,9.869999885559082,9.90999984741211,9.90999984741211,168200
9.850000381469728,9.970000267028809,9.760000228881836,9.880000114440918,9.880000114440918,198100
9.829999923706056,9.970000267028809,9.829999923706056,9.880000114440918,9.880000114440918,78500
9.869999885559082,9.93000030517578,9.68000030517578,9.890000343322754,9.890000343322754,64200
9.81999969482422,9.93000030517578,9.81999969482422,9.859999656677246,9.859999656677246,70900
9.859999656677246,9.93000030517578,9.800000190734863,9.84000015258789,9.84000015258789,60400
9.800000190734863,9.880000114440918,9.779999732971191,9.850000381469728,9.850000381469728,44300
9.850000381469728,10.039999961853027,9.850000381469728,10.010000228881836,10.010000228881836,89800
10.029999732971191,10.109999656677246,9.979999542236328,10.020000457763672,10.020000457763672,73600
10.0,10.029999732971191,9.9399995803833,9.979999542236328,9.979999542236328,96600
9.960000038146973,10.029999732971191,9.9399995803833,10.020000457763672,10.020000457763672,74600
10.06999969482422,10.119999885559082,10.050000190734863,10.109999656677246,10.109999656677246,264600
10.06999969482422,10.390000343322754,10.06999969482422,10.25,10.25,112300
10.210000038146973,10.5,10.119999885559082,10.40999984741211,10.40999984741211,310600
10.4399995803833,10.550000190734863,10.359999656677246,10.449999809265137,10.449999809265137,173300
10.4399995803833,10.460000038146973,10.09000015258789,10.130000114440918,10.130000114440918,163300
10.149999618530272,10.210000038146973,10.100000381469728,10.18000030517578,10.18000030517578,66000
10.239999771118164,10.40999984741211,10.239999771118164,10.359999656677246,10.359999656677246,123700
10.300000190734863,10.619999885559082,10.279999732971191,10.619999885559082,10.619999885559082,120500
10.619999885559082,10.829999923706056,10.619999885559082,10.8100004196167,10.8100004196167,78400
10.869999885559082,10.949999809265137,10.829999923706056,10.890000343322754,10.890000343322754,103200
10.779999732971191,11.0,10.65999984741211,10.989999771118164,10.989999771118164,130600
10.949999809265137,10.949999809265137,10.739999771118164,10.779999732971191,10.779999732971191,224900
10.84000015258789,10.899999618530272,10.770000457763672,10.850000381469728,10.850000381469728,73100
10.800000190734863,10.859999656677246,10.579999923706056,10.65999984741211,10.65999984741211,126800
10.739999771118164,10.93000030517578,10.739999771118164,10.869999885559082,10.869999885559082,162100
10.880000114440918,10.9399995803833,10.720000267028809,10.859999656677246,10.859999656677246,164100
10.81999969482422,10.880000114440918,10.739999771118164,10.75,10.75,223800
10.6899995803833,10.789999961853027,10.68000030517578,10.789999961853027,10.789999961853027,86900
10.75,10.789999961853027,10.710000038146973,10.75,10.75,70900
10.800000190734863,10.81999969482422,10.729999542236328,10.75,10.75,266800
10.789999961853027,10.81999969482422,10.640000343322754,10.789999961853027,10.789999961853027,178700
10.729999542236328,10.949999809265137,10.729999542236328,10.890000343322754,10.890000343322754,186400
10.859999656677246,10.93000030517578,10.729999542236328,10.75,10.75,107100
10.68000030517578,10.770000457763672,10.65999984741211,10.760000228881836,10.760000228881836,110700
10.760000228881836,10.9399995803833,10.760000228881836,10.8100004196167,10.8100004196167,69900
10.899999618530272,11.0600004196167,10.739999771118164,10.8100004196167,10.8100004196167,363100
10.970000267028809,11.170000076293944,10.949999809265137,11.029999732971191,11.029999732971191,170300
11.079999923706056,11.1899995803833,10.960000038146973,11.18000030517578,11.18000030517578,150800
11.239999771118164,11.399999618530272,11.1899995803833,11.239999771118164,11.239999771118164,171100
11.25,11.399999618530272,11.220000267028809,11.220000267028809,11.220000267028809,390700
11.369999885559082,11.550000190734863,11.300000190734863,11.539999961853027,11.539999961853027,140100
11.539999961853027,11.5600004196167,11.329999923706056,11.369999885559082,11.369999885559082,71000
11.350000381469728,11.399999618530272,11.199999809265137,11.270000457763672,11.270000457763672,125800
11.359999656677246,11.359999656677246,11.149999618530272,11.199999809265137,11.199999809265137,133300
11.130000114440918,11.260000228881836,11.130000114440918,11.140000343322754,11.140000343322754,238200
11.100000381469728,11.1899995803833,11.050000190734863,11.140000343322754,11.140000343322754,156600
11.100000381469728,11.140000343322754,11.050000190734863,11.119999885559082,11.119999885559082,185400
11.109999656677246,11.199999809265137,11.109999656677246,11.18000030517578,11.18000030517578,110700
11.1899995803833,11.229999542236328,11.0600004196167,11.199999809265137,11.199999809265137,101100
11.229999542236328,11.550000190734863,11.220000267028809,11.420000076293944,11.420000076293944,193400
11.369999885559082,11.479999542236328,11.149999618530272,11.279999732971191,11.279999732971191,200200
11.229999542236328,11.420000076293944,11.15999984741211,11.390000343322754,11.390000343322754,227200
11.399999618530272,11.40999984741211,11.25,11.329999923706056,11.329999923706056,119100
11.149999618530272,11.399999618530272,11.149999618530272,11.390000343322754,11.390000343322754,96300
11.390000343322754,11.420000076293944,11.210000038146973,11.229999542236328,11.229999542236328,164900
11.31999969482422,11.359999656677246,10.81999969482422,10.970000267028809,10.970000267028809,264200
10.949999809265137,11.130000114440918,10.699999809265137,10.920000076293944,10.920000076293944,269900
10.859999656677246,10.899999618530272,10.68000030517578,10.81999969482422,10.81999969482422,320400
10.779999732971191,10.93000030517578,10.600000381469728,10.670000076293944,10.670000076293944,172900
10.619999885559082,10.800000190734863,10.550000190734863,10.75,10.75,192900
10.850000381469728,10.899999618530272,10.1899995803833,10.329999923706056,10.329999923706056,551700
10.529999732971191,10.65999984741211,9.779999732971191,10.09000015258789,10.09000015258789,571000
10.329999923706056,10.949999809265137,10.3100004196167,10.859999656677246,10.859999656677246,251100
10.970000267028809,10.970000267028809,10.43000030517578,10.550000190734863,10.550000190734863,219500
10.550000190734863,10.6899995803833,10.170000076293944,10.40999984741211,10.40999984741211,179100
10.81999969482422,10.829999923706056,10.399999618530272,10.489999771118164,10.489999771118164,306100
10.630000114440918,10.649999618530272,9.880000114440918,10.029999732971191,10.029999732971191,685300
9.699999809265137,9.84000015258789,9.0600004196167,9.229999542236328,9.229999542236328,1659000
9.300000190734863,10.130000114440918,8.729999542236328,10.0,10.0,546600
10.09000015258789,10.59000015258789,10.0600004196167,10.109999656677246,10.109999656677246,211700
10.149999618530272,10.229999542236328,9.789999961853027,9.920000076293944,9.920000076293944,124200
9.84000015258789,10.029999732971191,9.5600004196167,9.729999542236328,9.729999542236328,202100
9.800000190734863,9.800000190734863,9.220000267028809,9.449999809265137,9.449999809265137,342900
10.220000267028809,10.270000457763672,9.81999969482422,10.029999732971191,10.029999732971191,431300
10.100000381469728,10.170000076293944,9.850000381469728,10.140000343322754,10.140000343322754,170100
10.020000457763672,10.039999961853027,9.899999618530272,9.9399995803833,9.9399995803833,210500
10.050000190734863,10.270000457763672,10.029999732971191,10.170000076293944,10.170000076293944,200200
10.199999809265137,10.350000381469728,10.140000343322754,10.229999542236328,10.229999542236328,172000
10.199999809265137,10.449999809265137,10.199999809265137,10.420000076293944,10.420000076293944,229400
10.399999618530272,10.5,10.260000228881836,10.380000114440918,10.380000114440918,134800
10.220000267028809,10.520000457763672,10.199999809265137,10.329999923706056,10.329999923706056,385900
10.5,10.649999618530272,10.4399995803833,10.609999656677246,10.609999656677246,248300
10.529999732971191,10.65999984741211,10.479999542236328,10.479999542236328,10.479999542236328,136400
10.600000381469728,11.079999923706056,10.59000015258789,11.029999732971191,11.029999732971191,195100
11.149999618530272,11.390000343322754,10.920000076293944,11.09000015258789,11.09000015258789,277600
10.869999885559082,11.149999618530272,10.8100004196167,10.90999984741211,10.90999984741211,252400
10.899999618530272,11.020000457763672,10.43000030517578,10.579999923706056,10.579999923706056,448300
10.649999618530272,10.829999923706056,10.619999885559082,10.729999542236328,10.729999542236328,302600
10.640000343322754,11.0,10.640000343322754,10.890000343322754,10.890000343322754,349100
10.890000343322754,11.0,10.859999656677246,10.949999809265137,10.949999809265137,336200
10.979999542236328,11.119999885559082,10.890000343322754,11.06999969482422,11.06999969482422,200300
11.0,11.119999885559082,10.90999984741211,11.0,11.0,143900
11.050000190734863,11.100000381469728,10.949999809265137,11.020000457763672,11.020000457763672,185200
11.020000457763672,11.020000457763672,10.729999542236328,10.859999656677246,10.859999656677246,179400
10.989999771118164,11.010000228881836,10.770000457763672,10.9399995803833,10.9399995803833,390200
10.949999809265137,11.25,10.9399995803833,11.1899995803833,11.1899995803833,275300
11.289999961853027,11.489999771118164,11.220000267028809,11.34000015258789,11.34000015258789,303700
11.43000030517578,11.43000030517578,10.960000038146973,11.0600004196167,11.0600004196167,215700
11.15999984741211,11.369999885559082,11.079999923706056,11.140000343322754,11.140000343322754,154600
11.010000228881836,11.3100004196167,10.760000228881836,11.170000076293944,11.170000076293944,240500
11.149999618530272,11.25,11.119999885559082,11.229999542236328,11.229999542236328,174300
11.270000457763672,11.729999542236328,11.220000267028809,11.710000038146973,11.710000038146973,214600
11.699999809265137,11.710000038146973,11.279999732971191,11.399999618530272,11.399999618530272,159600
11.329999923706056,11.460000038146973,10.899999618530272,11.050000190734863,11.050000190734863,316500
10.9399995803833,11.050000190734863,10.710000038146973,10.779999732971191,10.779999732971191,316500
10.800000190734863,11.100000381469728,10.800000190734863,10.949999809265137,10.949999809265137,361800
10.949999809265137,11.140000343322754,10.899999618530272,10.920000076293944,10.920000076293944,279100
11.029999732971191,11.25,11.029999732971191,11.130000114440918,11.130000114440918,374500
11.050000190734863,11.170000076293944,10.800000190734863,10.859999656677246,10.859999656677246,118500
10.890000343322754,11.020000457763672,10.779999732971191,10.970000267028809,10.970000267028809,280600
11.039999961853027,11.050000190734863,10.739999771118164,10.789999961853027,10.789999961853027,203000
10.789999961853027,10.869999885559082,10.579999923706056,10.6899995803833,10.6899995803833,279800
10.640000343322754,10.789999961853027,10.4399995803833,10.760000228881836,10.760000228881836,253200
10.710000038146973,10.800000190734863,10.460000038146973,10.510000228881836,10.510000228881836,234400
10.470000267028809,10.529999732971191,10.359999656677246,10.5,10.5,158800
10.670000076293944,10.890000343322754,10.5600004196167,10.890000343322754,10.890000343322754,251000
10.84000015258789,11.020000457763672,10.760000228881836,10.960000038146973,10.960000038146973,256400
11.0,11.350000381469728,11.0,11.140000343322754,11.140000343322754,251300
10.850000381469728,10.989999771118164,10.289999961853027,10.960000038146973,10.960000038146973,321400
11.170000076293944,11.18000030517578,10.970000267028809,11.039999961853027,11.039999961853027,151900
11.0,11.039999961853027,10.850000381469728,11.0,11.0,100100
11.140000343322754,11.140000343322754,10.890000343322754,11.050000190734863,11.050000190734863,173400
10.970000267028809,11.109999656677246,10.9399995803833,11.09000015258789,11.09000015258789,186600
11.140000343322754,11.350000381469728,11.050000190734863,11.229999542236328,11.229999542236328,180300
11.079999923706056,11.149999618530272,11.050000190734863,11.100000381469728,11.100000381469728,56200
11.199999809265137,11.390000343322754,11.050000190734863,11.359999656677246,11.359999656677246,132600
11.149999618530272,11.149999618530272,11.010000228881836,11.010000228881836,11.010000228881836,108700
11.140000343322754,11.239999771118164,11.020000457763672,11.109999656677246,11.109999656677246,158300
10.619999885559082,11.140000343322754,10.619999885559082,11.010000228881836,11.010000228881836,228900
11.119999885559082,11.199999809265137,10.5,10.789999961853027,10.789999961853027,226600
10.710000038146973,10.920000076293944,10.050000190734863,10.260000228881836,10.260000228881836,309900
10.289999961853027,10.380000114440918,9.5600004196167,9.770000457763672,9.770000457763672,465400
9.970000267028809,10.329999923706056,9.81999969482422,9.81999969482422,9.81999969482422,333600
9.93000030517578,10.039999961853027,9.6899995803833,9.859999656677246,9.859999656677246,260600
9.850000381469728,10.34000015258789,9.84000015258789,10.270000457763672,10.270000457763672,203100
10.420000076293944,11.449999809265137,10.420000076293944,10.81999969482422,10.81999969482422,436800
10.670000076293944,10.9399995803833,10.539999961853027,10.880000114440918,10.880000114440918,190100
11.0,11.029999732971191,10.850000381469728,10.93000030517578,10.93000030517578,512800
11.029999732971191,11.100000381469728,10.81999969482422,10.869999885559082,10.869999885559082,371400
10.8100004196167,10.90999984741211,10.75,10.880000114440918,10.880000114440918,296400
10.739999771118164,11.010000228881836,10.65999984741211,10.93000030517578,10.93000030517578,185800
10.920000076293944,11.050000190734863,10.880000114440918,10.9399995803833,10.9399995803833,198300
10.880000114440918,10.989999771118164,10.630000114440918,10.720000267028809,10.720000267028809,161500
10.829999923706056,11.109999656677246,10.75,11.100000381469728,11.100000381469728,274400
11.100000381469728,11.5,11.100000381469728,11.4399995803833,11.4399995803833,339500
11.300000190734863,11.420000076293944,11.18000030517578,11.34000015258789,11.34000015258789,102600
11.3100004196167,11.579999923706056,11.229999542236328,11.380000114440918,11.380000114440918,210100
11.199999809265137,11.260000228881836,11.0600004196167,11.1899995803833,11.1899995803833,198200
11.010000228881836,11.039999961853027,10.869999885559082,10.93000030517578,10.93000030517578,138200
11.0,11.510000228881836,11.0,11.380000114440918,11.380000114440918,225500
11.489999771118164,11.649999618530272,11.399999618530272,11.550000190734863,11.550000190734863,234700
11.649999618530272,11.859999656677246,11.619999885559082,11.760000228881836,11.760000228881836,229300
11.90999984741211,11.90999984741211,11.369999885559082,11.579999923706056,11.579999923706056,157000
11.649999618530272,11.779999732971191,11.470000267028809,11.470000267028809,11.470000267028809,161900
11.34000015258789,11.699999809265137,11.34000015258789,11.5600004196167,11.5600004196167,92000
11.5,11.5,11.140000343322754,11.25,11.25,124200
11.239999771118164,11.479999542236328,11.239999771118164,11.390000343322754,11.390000343322754,90900
11.4399995803833,11.649999618530272,11.4399995803833,11.579999923706056,11.579999923706056,203500
11.75,11.75,11.300000190734863,11.329999923706056,11.329999923706056,126200
11.300000190734863,11.5600004196167,11.270000457763672,11.460000038146973,11.460000038146973,109500
11.5,11.529999732971191,11.270000457763672,11.350000381469728,11.350000381469728,211200
11.270000457763672,11.970000267028809,11.270000457763672,11.68000030517578,11.68000030517578,228800
11.539999961853027,11.579999923706056,11.25,11.3100004196167,11.3100004196167,127400
11.3100004196167,11.670000076293944,11.210000038146973,11.670000076293944,11.670000076293944,80800
11.5600004196167,11.829999923706056,11.510000228881836,11.670000076293944,11.670000076293944,118600
11.59000015258789,11.699999809265137,11.550000190734863,11.65999984741211,11.65999984741211,141700
11.779999732971191,11.779999732971191,11.420000076293944,11.640000343322754,11.640000343322754,168400
11.68000030517578,11.68000030517578,11.050000190734863,11.0600004196167,11.0600004196167,192800
11.079999923706056,11.1899995803833,10.789999961853027,11.1899995803833,11.1899995803833,166400
11.109999656677246,11.119999885559082,10.960000038146973,11.020000457763672,11.020000457763672,180400
11.0,11.079999923706056,10.649999618530272,10.6899995803833,10.6899995803833,213300
10.6899995803833,10.9399995803833,10.550000190734863,10.550000190734863,10.550000190734863,156000
10.59000015258789,11.020000457763672,10.5600004196167,10.81999969482422,10.81999969482422,200000
10.760000228881836,10.800000190734863,10.5,10.649999618530272,10.649999618530272,191000
10.420000076293944,10.420000076293944,10.289999961853027,10.3100004196167,10.3100004196167,155500
10.25,10.43000030517578,10.0600004196167,10.170000076293944,10.170000076293944,232700
9.979999542236328,10.329999923706056,9.979999542236328,10.229999542236328,10.229999542236328,228300
10.09000015258789,10.1899995803833,9.75,10.0,10.0,252800
9.9399995803833,9.989999771118164,9.420000076293944,9.5,9.5,183500
9.449999809265137,9.729999542236328,9.289999961853027,9.40999984741211,9.40999984741211,153700
9.010000228881836,9.449999809265137,9.010000228881836,9.369999885559082,9.369999885559082,247300
9.34000015258789,9.81999969482422,9.31999969482422,9.800000190734863,9.800000190734863,155200
10.010000228881836,10.359999656677246,9.81999969482422,9.859999656677246,9.859999656677246,290500
10.06999969482422,10.06999969482422,9.600000381469728,9.609999656677246,9.609999656677246,132400
9.5600004196167,9.729999542236328,9.380000114440918,9.649999618530272,9.649999618530272,256200
9.960000038146973,10.09000015258789,9.640000343322754,9.739999771118164,9.739999771118164,246100
9.770000457763672,10.289999961853027,9.760000228881836,10.020000457763672,10.020000457763672,565400
9.90999984741211,10.140000343322754,9.800000190734863,10.100000381469728,10.100000381469728,121400
10.079999923706056,10.56999969482422,10.0600004196167,10.489999771118164,10.489999771118164,235400
10.34000015258789,10.670000076293944,10.18000030517578,10.369999885559082,10.369999885559082,215900
10.079999923706056,10.640000343322754,9.970000267028809,10.1899995803833,10.1899995803833,515100
10.229999542236328,10.289999961853027,10.079999923706056,10.229999542236328,10.229999542236328,145700
10.020000457763672,10.5,9.989999771118164,10.399999618530272,10.399999618530272,242500
10.489999771118164,10.649999618530272,10.170000076293944,10.270000457763672,10.270000457763672,157300
10.18000030517578,10.390000343322754,10.06999969482422,10.34000015258789,10.34000015258789,129100
10.300000190734863,10.869999885559082,10.300000190734863,10.6899995803833,10.6899995803833,158700
10.739999771118164,11.09000015258789,10.739999771118164,11.06999969482422,11.06999969482422,232400
11.0,11.0600004196167,10.779999732971191,10.81999969482422,10.81999969482422,210100
10.81999969482422,10.9399995803833,10.789999961853027,10.850000381469728,10.850000381469728,92400
10.84000015258789,10.84000015258789,10.479999542236328,10.550000190734863,10.550000190734863,198400
10.460000038146973,10.710000038146973,10.40999984741211,10.56999969482422,10.56999969482422,209100
10.529999732971191,10.93000030517578,10.529999732971191,10.880000114440918,10.880000114440918,131700
10.8100004196167,10.84000015258789,10.720000267028809,10.84000015258789,10.84000015258789,101500
10.890000343322754,10.979999542236328,10.770000457763672,10.960000038146973,10.960000038146973,79600
10.949999809265137,11.1899995803833,10.949999809265137,11.079999923706056,11.079999923706056,130800
11.010000228881836,11.1899995803833,10.989999771118164,11.079999923706056,11.079999923706056,129100
11.140000343322754,11.279999732971191,11.100000381469728,11.210000038146973,11.210000038146973,125000
11.149999618530272,11.210000038146973,10.970000267028809,11.079999923706056,11.079999923706056,137800
10.989999771118164,11.100000381469728,10.93000030517578,10.979999542236328,10.979999542236328,156800
10.979999542236328,10.979999542236328,10.729999542236328,10.81999969482422,10.81999969482422,105600
10.989999771118164,11.109999656677246,10.890000343322754,11.020000457763672,11.020000457763672,148100
11.06999969482422,11.100000381469728,10.979999542236328,10.989999771118164,10.989999771118164,104800
11.029999732971191,11.029999732971191,10.68000030517578,10.699999809265137,10.699999809265137,115500
10.8100004196167,10.859999656677246,10.65999984741211,10.720000267028809,10.720000267028809,147600
10.850000381469728,10.850000381469728,10.579999923706056,10.670000076293944,10.670000076293944,160600
10.729999542236328,10.859999656677246,10.65999984741211,10.75,10.75,122200
10.65999984741211,10.890000343322754,10.380000114440918,10.869999885559082,10.869999885559082,186800
10.720000267028809,10.8100004196167,10.59000015258789,10.729999542236328,10.729999542236328,156300
10.359999656677246,10.529999732971191,10.300000190734863,10.350000381469728,10.350000381469728,127200
10.380000114440918,10.770000457763672,10.380000114440918,10.729999542236328,10.729999542236328,214700
10.699999809265137,10.720000267028809,10.140000343322754,10.170000076293944,10.170000076293944,249900
10.0600004196167,10.15999984741211,9.90999984741211,10.119999885559082,10.119999885559082,254600
10.100000381469728,10.539999961853027,10.079999923706056,10.520000457763672,10.520000457763672,228900
10.470000267028809,10.789999961853027,10.470000267028809,10.779999732971191,10.779999732971191,191100
10.789999961853027,10.789999961853027,10.520000457763672,10.59000015258789,10.59000015258789,173200
10.619999885559082,10.739999771118164,10.40999984741211,10.699999809265137,10.699999809265137,202300
10.800000190734863,10.829999923706056,10.550000190734863,10.600000381469728,10.600000381469728,53300
10.600000381469728,10.619999885559082,10.18000030517578,10.600000381469728,10.600000381469728,119100
10.5600004196167,11.1899995803833,10.510000228881836,10.949999809265137,10.949999809265137,271300
11.119999885559082,11.359999656677246,11.029999732971191,11.15999984741211,11.15999984741211,213000
11.229999542236328,11.329999923706056,11.199999809265137,11.31999969482422,11.31999969482422,114900
11.210000038146973,11.329999923706056,11.15999984741211,11.289999961853027,11.289999961853027,121700
11.350000381469728,11.350000381469728,11.18000030517578,11.210000038146973,11.210000038146973,73600
11.140000343322754,11.220000267028809,11.029999732971191,11.1899995803833,11.1899995803833,103900
11.149999618530272,11.479999542236328,11.0600004196167,11.399999618530272,11.399999618530272,143500
11.5,11.5,11.170000076293944,11.460000038146973,11.460000038146973,144600
11.350000381469728,11.40999984741211,11.109999656677246,11.239999771118164,11.239999771118164,98800
11.329999923706056,11.329999923706056,11.119999885559082,11.149999618530272,11.149999618530272,65000
11.199999809265137,11.31999969482422,11.119999885559082,11.149999618530272,11.149999618530272,57600
11.369999885559082,11.59000015258789,11.31999969482422,11.5,11.5,107700
11.489999771118164,11.68000030517578,11.449999809265137,11.649999618530272,11.649999618530272,79300
11.720000267028809,11.93000030517578,11.699999809265137,11.920000076293944,11.920000076293944,158300
11.890000343322754,11.960000038146973,11.710000038146973,11.890000343322754,11.890000343322754,91900
11.890000343322754,11.890000343322754,11.640000343322754,11.640000343322754,11.640000343322754,108400
11.460000038146973,11.56999969482422,11.34000015258789,11.4399995803833,11.4399995803833,178500
11.550000190734863,11.619999885559082,11.300000190734863,11.369999885559082,11.369999885559082,158900
11.43000030517578,11.600000381469728,11.380000114440918,11.529999732971191,11.529999732971191,105100
11.449999809265137,11.65999984741211,11.380000114440918,11.4399995803833,11.4399995803833,157500
11.600000381469728,11.65999984741211,11.239999771118164,11.5,11.5,219000
11.390000343322754,11.81999969482422,11.390000343322754,11.550000190734863,11.550000190734863,178700
11.5600004196167,11.739999771118164,11.40999984741211,11.479999542236328,11.479999542236328,168300
11.43000030517578,11.550000190734863,11.25,11.520000457763672,11.520000457763672,112300
11.449999809265137,11.619999885559082,11.390000343322754,11.43000030517578,11.43000030517578,150800
11.4399995803833,11.5600004196167,11.399999618530272,11.5600004196167,11.5600004196167,99500
11.260000228881836,11.3100004196167,10.9399995803833,10.989999771118164,10.989999771118164,221400
10.84000015258789,11.06999969482422,10.65999984741211,10.8100004196167,10.8100004196167,300500
10.770000457763672,10.93000030517578,10.760000228881836,10.850000381469728,10.850000381469728,93600
10.850000381469728,11.0600004196167,10.779999732971191,11.0600004196167,11.0600004196167,137600
11.0,11.029999732971191,10.90999984741211,10.970000267028809,10.970000267028809,92200
10.989999771118164,11.25,10.989999771118164,11.18000030517578,11.18000030517578,88600
11.130000114440918,11.1899995803833,11.050000190734863,11.079999923706056,11.079999923706056,69400
11.109999656677246,11.15999984741211,10.960000038146973,11.020000457763672,11.020000457763672,85300
11.0,11.09000015258789,10.869999885559082,10.93000030517578,10.93000030517578,40600
10.989999771118164,11.079999923706056,10.5600004196167,10.68000030517578,10.68000030517578,233000
10.739999771118164,10.850000381469728,10.289999961853027,10.359999656677246,10.359999656677246,196100
10.4399995803833,10.720000267028809,10.350000381469728,10.550000190734863,10.550000190734863,189200
10.6899995803833,10.800000190734863,10.619999885559082,10.710000038146973,10.710000038146973,90100
10.770000457763672,10.770000457763672,10.529999732971191,10.609999656677246,10.609999656677246,75900
10.550000190734863,10.760000228881836,10.43000030517578,10.729999542236328,10.729999542236328,193100
10.6899995803833,11.06999969482422,10.6899995803833,10.960000038146973,10.960000038146973,105100
11.0,11.0,10.75,10.859999656677246,10.859999656677246,130400
10.649999618530272,10.649999618530272,10.34000015258789,10.380000114440918,10.380000114440918,219300
10.449999809265137,10.760000228881836,10.4399995803833,10.59000015258789,10.59000015258789,180200
10.5,10.619999885559082,10.380000114440918,10.56999969482422,10.56999969482422,195700
10.529999732971191,10.93000030517578,10.5,10.899999618530272,10.899999618530272,162900
10.729999542236328,10.739999771118164,10.579999923706056,10.630000114440918,10.630000114440918,92100
10.56999969482422,10.65999984741211,10.3100004196167,10.479999542236328,10.479999542236328,117900
10.40999984741211,10.640000343322754,10.34000015258789,10.630000114440918,10.630000114440918,106800
10.59000015258789,10.65999984741211,10.479999542236328,10.510000228881836,10.510000228881836,99200
10.470000267028809,10.630000114440918,10.470000267028809,10.579999923706056,10.579999923706056,133800
10.579999923706056,10.75,10.539999961853027,10.600000381469728,10.600000381469728,206500
10.470000267028809,10.899999618530272,10.470000267028809,10.850000381469728,10.850000381469728,148800
10.93000030517578,10.93000030517578,10.479999542236328,10.600000381469728,10.600000381469728,168200
10.579999923706056,10.579999923706056,10.34000015258789,10.40999984741211,10.40999984741211,135500
10.489999771118164,10.609999656677246,10.369999885559082,10.40999984741211,10.40999984741211,144000
10.399999618530272,10.399999618530272,10.050000190734863,10.100000381469728,10.100000381469728,138800
10.149999618530272,10.260000228881836,10.079999923706056,10.1899995803833,10.1899995803833,83300
10.199999809265137,10.229999542236328,10.079999923706056,10.100000381469728,10.100000381469728,96400
10.130000114440918,10.260000228881836,9.989999771118164,10.020000457763672,10.020000457763672,153900
9.979999542236328,10.18000030517578,9.75,10.0600004196167,10.0600004196167,137500
10.039999961853027,10.039999961853027,9.579999923706056,9.649999618530272,9.649999618530272,213600
9.770000457763672,10.100000381469728,9.770000457763672,9.970000267028809,9.970000267028809,189100
10.0,10.079999923706056,9.890000343322754,10.0,10.0,63600
10.0600004196167,10.130000114440918,9.920000076293944,9.970000267028809,9.970000267028809,189900
10.119999885559082,10.119999885559082,9.770000457763672,9.779999732971191,9.779999732971191,94700
9.920000076293944,9.949999809265137,9.420000076293944,9.770000457763672,9.770000457763672,249800
9.979999542236328,10.329999923706056,9.970000267028809,10.140000343322754,10.140000343322754,178700
10.1899995803833,10.3100004196167,10.100000381469728,10.100000381469728,10.100000381469728,93700
10.149999618530272,10.18000030517578,9.789999961853027,9.890000343322754,9.890000343322754,85900
9.789999961853027,9.890000343322754,9.68000030517578,9.75,9.75,113500
9.739999771118164,9.739999771118164,9.479999542236328,9.56999969482422,9.56999969482422,104900
9.43000030517578,9.56999969482422,8.9399995803833,9.029999732971191,9.029999732971191,335700
9.079999923706056,10.09000015258789,9.079999923706056,10.050000190734863,10.050000190734863,394000
10.039999961853027,10.239999771118164,9.93000030517578,9.970000267028809,9.970000267028809,204700
10.0,10.229999542236328,10.0,10.149999618530272,10.149999618530272,207400
10.270000457763672,10.359999656677246,10.010000228881836,10.029999732971191,10.029999732971191,146300
9.949999809265137,10.109999656677246,9.859999656677246,10.010000228881836,10.010000228881836,135100
10.029999732971191,10.529999732971191,10.029999732971191,10.399999618530272,10.399999618530272,180600
10.399999618530272,10.550000190734863,10.289999961853027,10.31999969482422,10.31999969482422,181300
10.300000190734863,10.489999771118164,10.229999542236328,10.329999923706056,10.329999923706056,194200
10.199999809265137,10.420000076293944,10.06999969482422,10.220000267028809,10.220000267028809,147900
10.369999885559082,10.829999923706056,10.119999885559082,10.829999923706056,10.829999923706056,154700
10.779999732971191,10.9399995803833,10.520000457763672,10.9399995803833,10.9399995803833,232900
10.949999809265137,11.109999656677246,10.6899995803833,10.699999809265137,10.699999809265137,170500
10.81999969482422,10.81999969482422,10.390000343322754,10.59000015258789,10.59000015258789,147400
10.59000015258789,10.84000015258789,10.59000015258789,10.600000381469728,10.600000381469728,79400
10.5,10.729999542236328,10.279999732971191,10.670000076293944,10.670000076293944,263200
10.699999809265137,10.699999809265137,10.59000015258789,10.670000076293944,10.670000076293944,90500
10.68000030517578,10.720000267028809,10.529999732971191,10.670000076293944,10.670000076293944,151300
10.579999923706056,10.84000015258789,10.56999969482422,10.779999732971191,10.779999732971191,145100
10.729999542236328,10.760000228881836,10.529999732971191,10.65999984741211,10.65999984741211,113400
10.649999618530272,10.739999771118164,10.579999923706056,10.710000038146973,10.710000038146973,99500
10.68000030517578,10.970000267028809,10.630000114440918,10.9399995803833,10.9399995803833,158300
10.949999809265137,10.989999771118164,10.68000030517578,10.779999732971191,10.779999732971191,87300
10.81999969482422,10.890000343322754,10.770000457763672,10.869999885559082,10.869999885559082,65700
10.81999969482422,10.81999969482422,10.470000267028809,10.520000457763672,10.520000457763672,86400
10.489999771118164,10.56999969482422,10.329999923706056,10.539999961853027,10.539999961853027,79500
10.68000030517578,10.789999961853027,10.43000030517578,10.550000190734863,10.550000190734863,100400
10.529999732971191,10.710000038146973,10.449999809265137,10.640000343322754,10.640000343322754,109300
10.489999771118164,10.68000030517578,10.43000030517578,10.630000114440918,10.630000114440918,61600
10.5600004196167,10.579999923706056,10.399999618530272,10.40999984741211,10.40999984741211,50500
10.489999771118164,10.579999923706056,10.199999809265137,10.31999969482422,10.31999969482422,79800
10.300000190734863,10.699999809265137,10.270000457763672,10.550000190734863,10.550000190734863,99600
10.600000381469728,11.020000457763672,10.600000381469728,10.8100004196167,10.8100004196167,126000
10.760000228881836,10.81999969482422,10.460000038146973,10.699999809265137,10.699999809265137,192800
10.5600004196167,10.5600004196167,10.020000457763672,10.140000343322754,10.140000343322754,206500
10.15999984741211,10.449999809265137,10.079999923706056,10.350000381469728,10.350000381469728,155900
10.1899995803833,10.420000076293944,10.0600004196167,10.079999923706056,10.079999923706056,88900
10.079999923706056,10.359999656677246,10.0600004196167,10.1899995803833,10.1899995803833,132400
10.350000381469728,10.43000030517578,10.0600004196167,10.119999885559082,10.119999885559082,119300
10.06999969482422,10.34000015258789,9.869999885559082,9.920000076293944,9.920000076293944,130100
9.279999732971191,10.25,9.260000228881836,10.15999984741211,10.15999984741211,149700
10.119999885559082,10.1899995803833,10.020000457763672,10.170000076293944,10.170000076293944,104500
10.25,10.279999732971191,10.020000457763672,10.09000015258789,10.09000015258789,133300
9.829999923706056,9.9399995803833,9.40999984741211,9.489999771118164,9.489999771118164,119800
9.279999732971191,9.649999618530272,9.260000228881836,9.619999885559082,9.619999885559082,134500
9.59000015258789,9.880000114440918,9.43000030517578,9.470000267028809,9.470000267028809,428300
9.520000457763672,9.59000015258789,9.229999542236328,9.510000228881836,9.510000228881836,223100
9.899999618530272,9.949999809265137,9.4399995803833,9.609999656677246,9.609999656677246,252500
9.760000228881836,9.760000228881836,9.470000267028809,9.510000228881836,9.510000228881836,129000
9.4399995803833,9.739999771118164,9.34000015258789,9.489999771118164,9.489999771118164,124600
9.670000076293944,9.899999618530272,9.510000228881836,9.84000015258789,9.84000015258789,179500
9.8100004196167,10.15999984741211,9.8100004196167,9.989999771118164,9.989999771118164,168600
9.789999961853027,9.8100004196167,9.479999542236328,9.510000228881836,9.510000228881836,105800
9.600000381469728,9.600000381469728,8.829999923706055,8.899999618530273,8.899999618530273,165000
8.789999961853027,9.119999885559082,8.630000114440918,8.84000015258789,8.84000015258789,293000
8.800000190734863,9.170000076293944,8.6899995803833,8.9399995803833,8.9399995803833,231100
8.770000457763672,8.770000457763672,8.520000457763672,8.630000114440918,8.630000114440918,149600
8.609999656677246,9.210000038146973,8.59000015258789,8.899999618530273,8.899999618530273,266900
8.460000038146973,9.029999732971191,8.15999984741211,8.930000305175781,8.930000305175781,403600
8.859999656677246,9.039999961853027,8.279999732971191,8.350000381469727,8.350000381469727,250900
8.279999732971191,8.699999809265137,8.220000267028809,8.220000267028809,8.220000267028809,264200
8.300000190734863,8.579999923706055,7.869999885559082,7.960000038146973,7.960000038146973,228200
7.420000076293945,7.920000076293945,7.090000152587891,7.599999904632568,7.599999904632568,395500
7.650000095367432,8.180000305175781,7.650000095367432,8.140000343322754,8.140000343322754,88100
8.300000190734863,8.380000114440918,8.119999885559082,8.149999618530273,8.149999618530273,246600
8.119999885559082,8.3100004196167,7.619999885559082,7.710000038146973,7.710000038146973,265600
7.699999809265137,7.989999771118164,7.409999847412109,7.849999904632568,7.849999904632568,232100
7.75,7.960000038146973,7.699999809265137,7.820000171661377,7.820000171661377,193500
8.0,8.0,7.659999847412109,7.800000190734863,7.800000190734863,170100
7.579999923706055,7.710000038146973,7.369999885559082,7.409999847412109,7.409999847412109,170700
7.150000095367432,7.510000228881836,7.139999866485596,7.380000114440918,7.380000114440918,181500
7.340000152587891,7.389999866485596,6.889999866485596,7.150000095367432,7.150000095367432,185100
6.909999847412109,7.28000020980835,6.769999980926514,7.010000228881836,7.010000228881836,169400
6.889999866485596,7.0,6.679999828338623,6.699999809265137,6.699999809265137,206600
6.630000114440918,7.230000019073486,6.630000114440918,7.190000057220459,7.190000057220459,140900
7.21999979019165,7.349999904632568,6.980000019073486,7.230000019073486,7.230000019073486,109200
7.429999828338623,7.460000038146973,7.21999979019165,7.429999828338623,7.429999828338623,80300
7.380000114440918,8.130000114440918,7.340000152587891,8.0,8.0,192800
8.010000228881836,8.380000114440918,7.880000114440918,8.3100004196167,8.3100004196167,196100
8.449999809265137,8.930000305175781,8.420000076293945,8.649999618530273,8.649999618530273,200800
8.510000228881836,8.640000343322754,8.039999961853027,8.039999961853027,8.039999961853027,132700
8.079999923706055,8.25,7.849999904632568,7.849999904632568,7.849999904632568,584100
8.0600004196167,8.550000190734863,7.940000057220459,8.0,8.0,416100
8.239999771118164,8.350000381469727,7.690000057220459,7.949999809265137,7.949999809265137,148600
7.860000133514404,8.0,7.440000057220459,7.489999771118164,7.489999771118164,122500
7.349999904632568,7.400000095367432,7.079999923706055,7.179999828338623,7.179999828338623,183900
7.119999885559082,7.900000095367432,6.989999771118164,7.840000152587891,7.840000152587891,216300
7.849999904632568,7.849999904632568,7.179999828338623,7.320000171661377,7.320000171661377,199400
7.309999942779541,7.480000019073486,7.190000057220459,7.260000228881836,7.260000228881836,148000
7.300000190734863,7.570000171661377,7.170000076293945,7.289999961853027,7.289999961853027,125700
7.139999866485596,7.590000152587891,7.139999866485596,7.320000171661377,7.320000171661377,231800
7.179999828338623,7.420000076293945,6.880000114440918,6.880000114440918,6.880000114440918,208800
7.179999828338623,7.210000038146973,6.809999942779541,7.170000076293945,7.170000076293945,449900
7.300000190734863,7.800000190734863,7.300000190734863,7.599999904632568,7.599999904632568,188900
7.590000152587891,7.639999866485596,7.199999809265137,7.329999923706055,7.329999923706055,233200
7.329999923706055,7.409999847412109,7.260000228881836,7.369999885559082,7.369999885559082,211000
7.309999942779541,7.46999979019165,7.28000020980835,7.46999979019165,7.46999979019165,82900
7.539999961853027,7.71999979019165,7.269999980926514,7.28000020980835,7.28000020980835,148400
7.269999980926514,7.289999961853027,7.019999980926514,7.150000095367432,7.150000095367432,126100
7.059999942779541,7.239999771118164,6.739999771118164,7.039999961853027,7.039999961853027,559200
7.039999961853027,7.239999771118164,6.710000038146973,6.829999923706055,6.829999923706055,146100
6.659999847412109,7.559999942779541,6.650000095367432,7.539999961853027,7.539999961853027,254300
7.53000020980835,7.840000152587891,7.5,7.5,7.5,579500
7.269999980926514,7.75,7.21999979019165,7.559999942779541,7.559999942779541,218200
7.599999904632568,7.679999828338623,7.230000019073486,7.460000038146973,7.460000038146973,86100
7.599999904632568,7.659999847412109,7.190000057220459,7.239999771118164,7.239999771118164,93700
7.199999809265137,7.28000020980835,6.940000057220459,7.110000133514404,7.110000133514404,131200
7.260000228881836,7.380000114440918,7.119999885559082,7.320000171661377,7.320000171661377,83400
7.170000076293945,7.590000152587891,7.039999961853027,7.5,7.5,150600
7.360000133514404,7.599999904632568,7.289999961853027,7.5,7.5,174900
7.489999771118164,7.71999979019165,7.420000076293945,7.53000020980835,7.53000020980835,150500
7.519999980926514,7.659999847412109,7.349999904632568,7.570000171661377,7.570000171661377,154100
7.539999961853027,7.699999809265137,7.090000152587891,7.179999828338623,7.179999828338623,157300
7.389999866485596,7.440000057220459,7.210000038146973,7.349999904632568,7.349999904632568,84500
7.25,7.429999828338623,7.25,7.400000095367432,7.400000095367432,43100
7.349999904632568,7.360000133514404,6.989999771118164,7.230000019073486,7.230000019073486,45700
7.420000076293945,7.670000076293945,7.369999885559082,7.670000076293945,7.670000076293945,146300
7.769999980926514,7.769999980926514,7.460000038146973,7.630000114440918,7.630000114440918,91000
7.699999809265137,7.949999809265137,7.630000114440918,7.800000190734863,7.800000190734863,119200
7.800000190734863,8.069999694824219,7.690000057220459,7.940000057220459,7.940000057220459,97300
8.050000190734863,8.380000114440918,7.940000057220459,8.260000228881836,8.260000228881836,144500
8.449999809265137,8.600000381469727,8.380000114440918,8.489999771118164,8.489999771118164,225400
8.470000267028809,8.470000267028809,8.119999885559082,8.170000076293945,8.170000076293945,80300
8.039999961853027,8.180000305175781,7.920000076293945,7.960000038146973,7.960000038146973,136900
7.989999771118164,8.220000267028809,7.940000057220459,8.069999694824219,8.069999694824219,153300
8.079999923706055,8.119999885559082,7.909999847412109,7.980000019073486,7.980000019073486,153600
7.78000020980835,7.989999771118164,7.769999980926514,7.909999847412109,7.909999847412109,131100
7.659999847412109,7.929999828338623,7.659999847412109,7.789999961853027,7.789999961853027,145000
7.760000228881836,7.820000171661377,7.579999923706055,7.670000076293945,7.670000076293945,126700
7.800000190734863,7.820000171661377,7.610000133514404,7.690000057220459,7.690000057220459,87900
7.639999866485596,7.690000057220459,7.079999923706055,7.079999923706055,7.079999923706055,235600
7.210000038146973,7.539999961853027,7.159999847412109,7.480000019073486,7.480000019073486,285600
7.360000133514404,7.519999980926514,7.340000152587891,7.46999979019165,7.46999979019165,181500
7.420000076293945,7.670000076293945,7.420000076293945,7.489999771118164,7.489999771118164,471100
7.5,7.960000038146973,7.5,7.78000020980835,7.78000020980835,257000
8.0,8.369999885559082,8.0,8.170000076293945,8.170000076293945,683400
8.479999542236328,8.510000228881836,8.039999961853027,8.109999656677246,8.109999656677246,408600
8.109999656677246,8.470000267028809,8.010000228881836,8.1899995803833,8.1899995803833,400600
8.239999771118164,8.350000381469727,8.0,8.0600004196167,8.0600004196167,443500
7.980000019073486,8.199999809265137,7.900000095367432,8.020000457763672,8.020000457763672,281100
8.0600004196167,8.109999656677246,7.949999809265137,7.989999771118164,7.989999771118164,238500
8.0,8.130000114440918,7.860000133514404,7.860000133514404,7.860000133514404,315000
7.929999828338623,8.279999732971191,7.900000095367432,8.130000114440918,8.130000114440918,559300
8.050000190734863,8.449999809265137,8.0,8.390000343322754,8.390000343322754,353900
8.460000038146973,8.460000038146973,8.229999542236328,8.3100004196167,8.3100004196167,283400
8.279999732971191,8.3100004196167,8.029999732971191,8.100000381469727,8.100000381469727,254100
8.0600004196167,8.170000076293945,7.940000057220459,8.050000190734863,8.050000190734863,264900
7.760000228881836,8.069999694824219,7.760000228881836,7.989999771118164,7.989999771118164,247500
8.039999961853027,8.09000015258789,7.840000152587891,7.929999828338623,7.929999828338623,292400
7.760000228881836,7.849999904632568,7.630000114440918,7.659999847412109,7.659999847412109,261400
7.599999904632568,7.820000171661377,7.599999904632568,7.800000190734863,7.800000190734863,148800
7.900000095367432,7.96999979019165,7.539999961853027,7.659999847412109,7.659999847412109,192300
7.53000020980835,7.630000114440918,7.300000190734863,7.349999904632568,7.349999904632568,494900
7.440000057220459,7.539999961853027,7.210000038146973,7.25,7.25,170100
7.25,7.400000095367432,7.210000038146973,7.300000190734863,7.300000190734863,172400
7.199999809265137,7.599999904632568,7.050000190734863,7.429999828338623,7.429999828338623,307000
7.559999942779541,7.730000019073486,7.420000076293945,7.550000190734863,7.550000190734863,215600
7.380000114440918,7.690000057220459,7.179999828338623,7.25,7.25,405100
7.070000171661377,7.369999885559082,7.070000171661377,7.190000057220459,7.190000057220459,239000
7.210000038146973,7.360000133514404,7.090000152587891,7.119999885559082,7.119999885559082,168400
7.150000095367432,7.340000152587891,7.150000095367432,7.260000228881836,7.260000228881836,256000
7.190000057220459,7.28000020980835,7.03000020980835,7.070000171661377,7.070000171661377,156500
7.139999866485596,7.25,6.929999828338623,7.050000190734863,7.050000190734863,260100
6.900000095367432,6.949999809265137,6.650000095367432,6.800000190734863,6.800000190734863,265400
6.900000095367432,7.21999979019165,6.900000095367432,7.019999980926514,7.019999980926514,244100
7.059999942779541,7.230000019073486,7.019999980926514,7.159999847412109,7.159999847412109,149200
7.170000076293945,7.320000171661377,7.099999904632568,7.269999980926514,7.269999980926514,166500
7.300000190734863,7.320000171661377,7.130000114440918,7.239999771118164,7.239999771118164,155900
7.199999809265137,7.25,7.039999961853027,7.150000095367432,7.150000095367432,182000
7.190000057220459,7.320000171661377,7.130000114440918,7.320000171661377,7.320000171661377,119900
7.360000133514404,7.789999961853027,7.360000133514404,7.760000228881836,7.760000228881836,260700
7.760000228881836,8.0,7.730000019073486,7.78000020980835,7.78000020980835,181600
7.730000019073486,7.78000020980835,7.389999866485596,7.400000095367432,7.400000095367432,183700
7.559999942779541,7.920000076293945,7.550000190734863,7.889999866485596,7.889999866485596,140600
7.75,7.960000038146973,7.71999979019165,7.820000171661377,7.820000171661377,208100
7.909999847412109,8.210000038146973,7.900000095367432,8.210000038146973,8.210000038146973,278200
8.289999961853027,8.6899995803833,8.220000267028809,8.489999771118164,8.489999771118164,596300
8.359999656677246,8.359999656677246,7.949999809265137,7.96999979019165,7.96999979019165,311300
7.829999923706055,7.840000152587891,7.710000038146973,7.760000228881836,7.760000228881836,199000
7.900000095367432,8.140000343322754,7.869999885559082,8.0,8.0,170300
7.980000019073486,8.239999771118164,7.960000038146973,8.199999809265137,8.199999809265137,214100
8.270000457763672,8.510000228881836,8.270000457763672,8.319999694824219,8.319999694824219,185600
8.369999885559082,8.520000457763672,8.329999923706055,8.489999771118164,8.489999771118164,261800
8.489999771118164,8.520000457763672,8.3100004196167,8.510000228881836,8.510000228881836,205200
8.40999984741211,8.420000076293945,8.0600004196167,8.109999656677246,8.109999656677246,275200
8.180000305175781,8.359999656677246,8.180000305175781,8.350000381469727,8.350000381469727,246800
8.470000267028809,8.510000228881836,8.380000114440918,8.489999771118164,8.489999771118164,257400
8.380000114440918,8.489999771118164,8.239999771118164,8.329999923706055,8.329999923706055,260000
8.390000343322754,8.510000228881836,8.34000015258789,8.430000305175781,8.430000305175781,273400
8.40999984741211,8.470000267028809,8.289999961853027,8.449999809265137,8.449999809265137,176300
8.569999694824219,8.640000343322754,8.380000114440918,8.600000381469727,8.600000381469727,332000
8.569999694824219,8.760000228881836,8.569999694824219,8.710000038146973,8.710000038146973,184800
8.680000305175781,8.680000305175781,8.430000305175781,8.430000305175781,8.430000305175781,168400
8.449999809265137,8.6899995803833,8.34000015258789,8.670000076293945,8.670000076293945,220500
8.59000015258789,9.050000190734863,8.539999961853027,8.920000076293945,8.920000076293945,348800
9.020000457763672,9.020000457763672,8.770000457763672,8.880000114440918,8.880000114440918,179000
9.0,9.039999961853027,8.84000015258789,8.899999618530273,8.899999618530273,129900
8.859999656677246,9.06999969482422,8.84000015258789,8.890000343322754,8.890000343322754,301100
8.800000190734863,8.949999809265137,8.75,8.880000114440918,8.880000114440918,110700
8.899999618530273,9.029999732971191,8.829999923706055,8.930000305175781,8.930000305175781,321000
9.0,9.029999732971191,8.869999885559082,8.890000343322754,8.890000343322754,136800
8.949999809265137,9.109999656677246,8.859999656677246,9.050000190734863,9.050000190734863,242100
9.170000076293944,9.390000343322754,9.010000228881836,9.359999656677246,9.359999656677246,188600
9.420000076293944,9.4399995803833,9.260000228881836,9.40999984741211,9.40999984741211,261500
9.520000457763672,9.5600004196167,9.029999732971191,9.0600004196167,9.0600004196167,310300
9.109999656677246,9.149999618530272,8.489999771118164,8.770000457763672,8.770000457763672,284500
8.869999885559082,9.0600004196167,8.850000381469727,9.029999732971191,9.029999732971191,202000
8.989999771118164,8.989999771118164,8.75,8.760000228881836,8.760000228881836,147300
8.869999885559082,8.90999984741211,8.640000343322754,8.760000228881836,8.760000228881836,161400
8.710000038146973,8.760000228881836,8.470000267028809,8.5600004196167,8.5600004196167,190300
8.489999771118164,8.789999961853027,8.489999771118164,8.75,8.75,98400
8.800000190734863,8.84000015258789,8.699999809265137,8.739999771118164,8.739999771118164,124100
8.859999656677246,8.979999542236328,8.75,8.960000038146973,8.960000038146973,69400
8.970000267028809,9.0,8.890000343322754,8.920000076293945,8.920000076293945,355300
9.0,9.0600004196167,8.960000038146973,8.989999771118164,8.989999771118164,229500
8.859999656677246,8.979999542236328,8.84000015258789,8.9399995803833,8.9399995803833,126100
8.930000305175781,9.0600004196167,8.920000076293945,9.010000228881836,9.010000228881836,107300
8.890000343322754,9.25,8.890000343322754,9.239999771118164,9.239999771118164,304000
9.210000038146973,9.300000190734863,9.109999656677246,9.109999656677246,9.109999656677246,86600
9.149999618530272,9.25,9.130000114440918,9.18000030517578,9.18000030517578,112000
9.199999809265137,9.34000015258789,9.199999809265137,9.329999923706056,9.329999923706056,145100
9.390000343322754,9.489999771118164,9.369999885559082,9.380000114440918,9.380000114440918,236700
9.34000015258789,9.5,9.34000015258789,9.449999809265137,9.449999809265137,105300
9.34000015258789,9.34000015258789,9.130000114440918,9.149999618530272,9.149999618530272,124000
9.260000228881836,9.3100004196167,9.15999984741211,9.289999961853027,9.289999961853027,82000
9.300000190734863,9.300000190734863,9.109999656677246,9.149999618530272,9.149999618530272,123800
9.199999809265137,9.199999809265137,9.039999961853027,9.15999984741211,9.15999984741211,75200
9.270000457763672,9.270000457763672,9.18000030517578,9.229999542236328,9.229999542236328,92100
9.229999542236328,9.25,9.130000114440918,9.1899995803833,9.1899995803833,84300
9.239999771118164,9.43000030517578,9.229999542236328,9.31999969482422,9.31999969482422,93000
9.31999969482422,9.520000457763672,9.15999984741211,9.369999885559082,9.369999885559082,195700
9.1899995803833,9.420000076293944,9.029999732971191,9.1899995803833,9.1899995803833,193200
9.329999923706056,9.4399995803833,9.15999984741211,9.199999809265137,9.199999809265137,172400
9.1899995803833,9.229999542236328,9.010000228881836,9.170000076293944,9.170000076293944,146400
9.199999809265137,9.43000030517578,9.199999809265137,9.390000343322754,9.390000343322754,159400
9.399999618530272,9.420000076293944,9.09000015258789,9.25,9.25,194600
9.130000114440918,9.130000114440918,8.800000190734863,8.819999694824219,8.819999694824219,116000
8.8100004196167,8.9399995803833,8.779999732971191,8.899999618530273,8.899999618530273,105300
8.869999885559082,9.029999732971191,8.84000015258789,8.930000305175781,8.930000305175781,91600
8.850000381469727,8.869999885559082,8.739999771118164,8.829999923706055,8.829999923706055,122000
8.8100004196167,8.979999542236328,8.8100004196167,8.899999618530273,8.899999618530273,116300
8.9399995803833,8.9399995803833,8.75,8.850000381469727,8.850000381469727,163100
8.850000381469727,8.899999618530273,8.729999542236328,8.869999885559082,8.869999885559082,127900
8.930000305175781,9.029999732971191,8.800000190734863,8.960000038146973,8.960000038146973,65900
8.880000114440918,8.9399995803833,8.819999694824219,8.829999923706055,8.829999923706055,77300
8.829999923706055,8.970000267028809,8.720000267028809,8.899999618530273,8.899999618530273,99100
8.819999694824219,8.890000343322754,8.6899995803833,8.739999771118164,8.739999771118164,73800
8.729999542236328,8.760000228881836,8.3100004196167,8.4399995803833,8.4399995803833,172700
8.529999732971191,8.529999732971191,8.350000381469727,8.40999984741211,8.40999984741211,51600
8.319999694824219,8.569999694824219,8.319999694824219,8.5600004196167,8.5600004196167,96900
8.550000190734863,8.609999656677246,8.25,8.579999923706055,8.579999923706055,93400
8.65999984741211,8.789999961853027,8.640000343322754,8.729999542236328,8.729999542236328,95200
8.75,8.890000343322754,8.75,8.859999656677246,8.859999656677246,87500
8.859999656677246,8.960000038146973,8.829999923706055,8.859999656677246,8.859999656677246,294400
8.789999961853027,8.949999809265137,8.789999961853027,8.90999984741211,8.90999984741211,71600
8.930000305175781,9.140000343322754,8.930000305175781,9.140000343322754,9.140000343322754,95000
9.09000015258789,9.1899995803833,8.960000038146973,9.0,9.0,89700
8.949999809265137,9.15999984741211,8.949999809265137,9.09000015258789,9.09000015258789,58400
9.109999656677246,9.260000228881836,9.079999923706056,9.210000038146973,9.210000038146973,91400
9.199999809265137,9.539999961853027,9.119999885559082,9.5,9.5,223400
9.529999732971191,9.529999732971191,9.40999984741211,9.470000267028809,9.470000267028809,89500
9.399999618530272,9.489999771118164,9.359999656677246,9.399999618530272,9.399999618530272,78900
9.399999618530272,9.770000457763672,9.34000015258789,9.739999771118164,9.739999771118164,198600
9.739999771118164,9.899999618530272,9.65999984741211,9.829999923706056,9.829999923706056,199100
9.779999732971191,10.31999969482422,9.779999732971191,10.1899995803833,10.1899995803833,184500
10.350000381469728,10.5600004196167,10.220000267028809,10.399999618530272,10.399999618530272,121900
10.4399995803833,10.510000228881836,10.149999618530272,10.239999771118164,10.239999771118164,213100
10.239999771118164,10.279999732971191,10.020000457763672,10.09000015258789,10.09000015258789,105400
10.06999969482422,10.220000267028809,9.970000267028809,10.010000228881836,10.010000228881836,104300
10.010000228881836,10.34000015258789,10.010000228881836,10.3100004196167,10.3100004196167,83200
10.300000190734863,10.3100004196167,10.09000015258789,10.210000038146973,10.210000038146973,99600
10.050000190734863,10.109999656677246,9.90999984741211,10.0,10.0,74800
10.029999732971191,10.220000267028809,10.010000228881836,10.149999618530272,10.149999618530272,80300
10.170000076293944,10.25,10.140000343322754,10.210000038146973,10.210000038146973,79100
10.199999809265137,10.239999771118164,10.029999732971191,10.06999969482422,10.06999969482422,49100
9.949999809265137,10.0,9.829999923706056,9.90999984741211,9.90999984741211,81300
9.970000267028809,10.119999885559082,9.93000030517578,10.109999656677246,10.109999656677246,69300
10.029999732971191,10.199999809265137,9.9399995803833,10.149999618530272,10.149999618530272,106900
10.140000343322754,10.18000030517578,10.09000015258789,10.149999618530272,10.149999618530272,89700
10.149999618530272,10.289999961853027,10.149999618530272,10.239999771118164,10.239999771118164,149600
10.270000457763672,10.350000381469728,10.239999771118164,10.300000190734863,10.300000190734863,96300
10.380000114440918,10.380000114440918,10.239999771118164,10.329999923706056,10.329999923706056,130600
10.329999923706056,10.34000015258789,10.09000015258789,10.210000038146973,10.210000038146973,129900
10.470000267028809,10.56999969482422,10.279999732971191,10.56999969482422,10.56999969482422,256300
10.59000015258789,10.600000381469728,10.289999961853027,10.359999656677246,10.359999656677246,100000
10.25,10.460000038146973,10.18000030517578,10.329999923706056,10.329999923706056,306900
10.350000381469728,10.399999618530272,10.239999771118164,10.3100004196167,10.3100004196167,177700
10.229999542236328,10.300000190734863,10.1899995803833,10.1899995803833,10.1899995803833,96600
10.289999961853027,10.289999961853027,10.170000076293944,10.270000457763672,10.270000457763672,108100
10.260000228881836,10.579999923706056,10.260000228881836,10.5,10.5,133400
10.520000457763672,10.739999771118164,10.520000457763672,10.65999984741211,10.65999984741211,197400
10.65999984741211,10.670000076293944,10.539999961853027,10.5600004196167,10.5600004196167,126000
10.5600004196167,10.600000381469728,10.479999542236328,10.550000190734863,10.550000190734863,82800
10.5600004196167,10.600000381469728,10.5,10.56999969482422,10.56999969482422,98300
10.5600004196167,10.5600004196167,10.43000030517578,10.529999732971191,10.529999732971191,54100
10.5600004196167,10.979999542236328,10.489999771118164,10.970000267028809,10.970000267028809,164800
11.029999732971191,11.050000190734863,10.93000030517578,11.010000228881836,11.010000228881836,109100
10.989999771118164,11.130000114440918,10.899999618530272,11.100000381469728,11.100000381469728,130200
11.119999885559082,11.220000267028809,10.93000030517578,11.18000030517578,11.18000030517578,126100
11.010000228881836,11.420000076293944,11.0,11.40999984741211,11.40999984741211,188300
11.5,11.550000190734863,11.399999618530272,11.479999542236328,11.479999542236328,206200
11.479999542236328,12.40999984741211,11.470000267028809,12.149999618530272,12.149999618530272,331800
12.65999984741211,12.65999984741211,11.34000015258789,11.56999969482422,11.56999969482422,369400
11.470000267028809,11.890000343322754,11.350000381469728,11.68000030517578,11.68000030517578,191500
11.699999809265137,12.140000343322754,11.699999809265137,11.75,11.75,299400
11.720000267028809,11.9399995803833,11.65999984741211,11.899999618530272,11.899999618530272,178400
11.979999542236328,12.020000457763672,11.65999984741211,11.6899995803833,11.6899995803833,209100
11.65999984741211,11.670000076293944,11.329999923706056,11.359999656677246,11.359999656677246,160000
11.119999885559082,11.8100004196167,11.109999656677246,11.789999961853027,11.789999961853027,285100
11.779999732971191,12.239999771118164,11.770000457763672,12.100000381469728,12.100000381469728,312500
12.220000267028809,12.449999809265137,12.170000076293944,12.300000190734863,12.300000190734863,231600
12.270000457763672,12.710000038146973,12.239999771118164,12.630000114440918,12.630000114440918,272100
12.630000114440918,13.210000038146973,12.630000114440918,12.949999809265137,12.949999809265137,345400
12.949999809265137,13.06999969482422,12.899999618530272,12.979999542236328,12.979999542236328,180800
13.1899995803833,13.300000190734863,12.880000114440918,12.989999771118164,12.989999771118164,65400
12.989999771118164,13.100000381469728,12.789999961853027,12.81999969482422,12.81999969482422,157000
13.0,13.470000267028809,12.859999656677246,13.460000038146973,13.460000038146973,220100
13.420000076293944,13.420000076293944,13.100000381469728,13.140000343322754,13.140000343322754,166500
13.0600004196167,13.229999542236328,12.880000114440918,13.140000343322754,13.140000343322754,168600
13.229999542236328,13.350000381469728,12.979999542236328,12.989999771118164,12.989999771118164,211000
13.010000228881836,13.010000228881836,12.579999923706056,12.75,12.75,233100
12.789999961853027,12.890000343322754,12.5600004196167,12.600000381469728,12.600000381469728,260900
12.609999656677246,12.760000228881836,12.539999961853027,12.630000114440918,12.630000114440918,248600
12.670000076293944,12.6899995803833,12.5,12.670000076293944,12.670000076293944,112200
12.600000381469728,12.869999885559082,12.449999809265137,12.489999771118164,12.489999771118164,168600
12.460000038146973,12.619999885559082,12.40999984741211,12.4399995803833,12.4399995803833,104800
12.390000343322754,12.390000343322754,12.010000228881836,12.0600004196167,12.0600004196167,133300
12.220000267028809,12.359999656677246,12.020000457763672,12.25,12.25,118300
12.06999969482422,12.470000267028809,12.050000190734863,12.210000038146973,12.210000038146973,232900
12.199999809265137,12.279999732971191,12.039999961853027,12.050000190734863,12.050000190734863,230000
12.039999961853027,12.270000457763672,12.0,12.1899995803833,12.1899995803833,141400
12.3100004196167,12.350000381469728,11.989999771118164,12.010000228881836,12.010000228881836,216800
11.979999542236328,12.0,11.520000457763672,11.989999771118164,11.989999771118164,294700
11.93000030517578,12.270000457763672,11.84000015258789,12.220000267028809,12.220000267028809,215500
12.510000228881836,12.56999969482422,12.15999984741211,12.239999771118164,12.239999771118164,202800
12.210000038146973,12.619999885559082,12.199999809265137,12.460000038146973,12.460000038146973,198800
12.510000228881836,12.59000015258789,12.260000228881836,12.300000190734863,12.300000190734863,151700
12.210000038146973,12.489999771118164,12.15999984741211,12.4399995803833,12.4399995803833,134200
12.43000030517578,12.59000015258789,12.399999618530272,12.59000015258789,12.59000015258789,300200
12.59000015258789,12.670000076293944,12.520000457763672,12.579999923706056,12.579999923706056,177500
12.34000015258789,12.5,12.329999923706056,12.4399995803833,12.4399995803833,311600
12.449999809265137,12.460000038146973,12.109999656677246,12.149999618530272,12.149999618530272,273000
12.06999969482422,12.1899995803833,11.970000267028809,12.140000343322754,12.140000343322754,111400
12.109999656677246,12.109999656677246,11.90999984741211,12.010000228881836,12.010000228881836,161600
12.149999618530272,12.460000038146973,12.149999618530272,12.399999618530272,12.399999618530272,119400
12.420000076293944,12.75,12.31999969482422,12.670000076293944,12.670000076293944,190900
12.8100004196167,12.859999656677246,12.670000076293944,12.84000015258789,12.84000015258789,145300
12.260000228881836,12.420000076293944,12.130000114440918,12.399999618530272,12.399999618530272,123800
12.460000038146973,12.630000114440918,12.350000381469728,12.43000030517578,12.43000030517578,142700
12.56999969482422,12.609999656677246,12.470000267028809,12.479999542236328,12.479999542236328,106100
12.399999618530272,12.579999923706056,12.399999618530272,12.529999732971191,12.529999732971191,134900
12.579999923706056,12.579999923706056,12.359999656677246,12.390000343322754,12.390000343322754,189400
12.399999618530272,12.65999984741211,12.399999618530272,12.59000015258789,12.59000015258789,165800
12.630000114440918,12.829999923706056,12.609999656677246,12.619999885559082,12.619999885559082,66900
12.619999885559082,12.670000076293944,12.489999771118164,12.539999961853027,12.539999961853027,107900
12.609999656677246,12.739999771118164,12.489999771118164,12.6899995803833,12.6899995803833,89900
12.789999961853027,12.859999656677246,12.739999771118164,12.81999969482422,12.81999969482422,70100
12.800000190734863,12.8100004196167,12.4399995803833,12.489999771118164,12.489999771118164,181400
12.630000114440918,12.640000343322754,12.420000076293944,12.640000343322754,12.640000343322754,165800
12.68000030517578,13.390000343322754,12.529999732971191,13.15999984741211,13.15999984741211,268900
13.199999809265137,13.90999984741211,13.039999961853027,13.829999923706056,13.829999923706056,289600
13.600000381469728,13.68000030517578,13.199999809265137,13.279999732971191,13.279999732971191,223300
13.40999984741211,13.479999542236328,13.15999984741211,13.31999969482422,13.31999969482422,127200
13.260000228881836,13.529999732971191,13.229999542236328,13.40999984741211,13.40999984741211,96300
13.399999618530272,13.449999809265137,13.25,13.300000190734863,13.300000190734863,84100
13.34000015258789,13.5,13.289999961853027,13.449999809265137,13.449999809265137,84500
13.539999961853027,13.539999961853027,13.420000076293944,13.529999732971191,13.529999732971191,49800
13.520000457763672,13.65999984741211,13.43000030517578,13.539999961853027,13.539999961853027,52400
13.699999809265137,13.699999809265137,13.479999542236328,13.630000114440918,13.630000114440918,75500
13.609999656677246,13.609999656677246,13.3100004196167,13.449999809265137,13.449999809265137,112000
13.470000267028809,13.5600004196167,13.369999885559082,13.5600004196167,13.5600004196167,109700
13.56999969482422,13.779999732971191,13.5,13.510000228881836,13.510000228881836,140100
13.5,13.630000114440918,13.40999984741211,13.510000228881836,13.510000228881836,145000
13.510000228881836,14.199999809265137,13.510000228881836,14.15999984741211,14.15999984741211,213700
14.199999809265137,14.199999809265137,13.93000030517578,14.100000381469728,14.100000381469728,125200
14.109999656677246,14.109999656677246,13.9399995803833,13.949999809265137,13.949999809265137,163700
14.119999885559082,14.3100004196167,13.859999656677246,14.260000228881836,14.260000228881836,273900
14.109999656677246,14.170000076293944,13.899999618530272,14.0600004196167,14.0600004196167,193300
14.029999732971191,14.170000076293944,14.010000228881836,14.140000343322754,14.140000343322754,63000
14.170000076293944,14.3100004196167,14.130000114440918,14.260000228881836,14.260000228881836,64200
14.199999809265137,14.289999961853027,14.06999969482422,14.09000015258789,14.09000015258789,68500
14.0600004196167,14.140000343322754,14.0,14.109999656677246,14.109999656677246,93500
13.920000076293944,14.0600004196167,13.800000190734863,13.84000015258789,13.84000015258789,129100
13.770000457763672,13.90999984741211,13.699999809265137,13.760000228881836,13.760000228881836,122000
13.720000267028809,14.279999732971191,13.720000267028809,13.949999809265137,13.949999809265137,206900
13.949999809265137,14.380000114440918,13.899999618530272,14.079999923706056,14.079999923706056,170000
13.960000038146973,14.0,13.729999542236328,13.880000114440918,13.880000114440918,240600
13.850000381469728,14.029999732971191,13.779999732971191,13.890000343322754,13.890000343322754,103100
13.970000267028809,14.010000228881836,13.600000381469728,13.619999885559082,13.619999885559082,135300
13.720000267028809,13.720000267028809,13.100000381469728,13.140000343322754,13.140000343322754,196300
13.18000030517578,13.449999809265137,12.979999542236328,13.40999984741211,13.40999984741211,167800
13.520000457763672,13.9399995803833,13.489999771118164,13.869999885559082,13.869999885559082,218500
13.890000343322754,13.90999984741211,13.760000228881836,13.81999969482422,13.81999969482422,104500
13.75,13.800000190734863,13.520000457763672,13.529999732971191,13.529999732971191,126600
13.600000381469728,13.630000114440918,13.359999656677246,13.539999961853027,13.539999961853027,142800
13.59000015258789,13.75,13.31999969482422,13.34000015258789,13.34000015258789,178900
13.510000228881836,13.640000343322754,13.460000038146973,13.59000015258789,13.59000015258789,155900
13.5,13.699999809265137,13.5,13.670000076293944,13.670000076293944,115200
13.649999618530272,13.93000030517578,13.56999969482422,13.93000030517578,13.93000030517578,80500
13.720000267028809,13.899999618530272,13.59000015258789,13.880000114440918,13.880000114440918,122100
13.899999618530272,13.949999809265137,13.800000190734863,13.890000343322754,13.890000343322754,87700
13.899999618530272,13.90999984741211,13.649999618530272,13.729999542236328,13.729999542236328,247300
13.609999656677246,14.149999618530272,13.609999656677246,14.119999885559082,14.119999885559082,362900
14.100000381469728,14.59000015258789,13.949999809265137,14.520000457763672,14.520000457763672,407600
14.520000457763672,14.630000114440918,14.149999618530272,14.510000228881836,14.510000228881836,218300
14.43000030517578,14.510000228881836,14.09000015258789,14.119999885559082,14.119999885559082,141700
14.170000076293944,14.170000076293944,14.010000228881836,14.149999618530272,14.149999618530272,125200
13.920000076293944,14.390000343322754,13.90999984741211,14.31999969482422,14.31999969482422,196900
14.3100004196167,14.369999885559082,13.989999771118164,14.020000457763672,14.020000457763672,192100
13.979999542236328,14.550000190734863,13.979999542236328,14.550000190734863,14.550000190734863,234700
14.520000457763672,15.039999961853027,14.520000457763672,15.0,15.0,252100
14.920000076293944,15.130000114440918,14.710000038146973,14.800000190734863,14.800000190734863,181300
14.899999618530272,14.970000267028809,14.670000076293944,14.960000038146973,14.960000038146973,124500
15.020000457763672,15.050000190734863,14.729999542236328,14.760000228881836,14.760000228881836,171000
14.829999923706056,14.850000381469728,14.579999923706056,14.640000343322754,14.640000343322754,111500
14.5,14.960000038146973,14.5,14.880000114440918,14.880000114440918,183000
14.8100004196167,14.890000343322754,14.619999885559082,14.720000267028809,14.720000267028809,174100
14.600000381469728,14.710000038146973,14.520000457763672,14.640000343322754,14.640000343322754,106000
14.600000381469728,14.829999923706056,14.600000381469728,14.829999923706056,14.829999923706056,158300
14.850000381469728,14.850000381469728,14.649999618530272,14.699999809265137,14.699999809265137,124800
14.75,14.859999656677246,14.739999771118164,14.829999923706056,14.829999923706056,273000
14.899999618530272,15.039999961853027,14.850000381469728,14.890000343322754,14.890000343322754,132000
14.84000015258789,15.130000114440918,14.84000015258789,15.100000381469728,15.100000381469728,119600
14.729999542236328,15.239999771118164,14.670000076293944,14.729999542236328,14.729999542236328,246300
14.59000015258789,14.90999984741211,14.5,14.899999618530272,14.899999618530272,90100
14.9399995803833,15.0,14.859999656677246,14.9399995803833,14.9399995803833,118200
14.880000114440918,15.119999885559082,14.84000015258789,15.020000457763672,15.020000457763672,116700
15.109999656677246,15.359999656677246,15.109999656677246,15.289999961853027,15.289999961853027,171200
15.239999771118164,15.270000457763672,14.800000190734863,14.890000343322754,14.890000343322754,127600
14.890000343322754,15.010000228881836,14.8100004196167,14.880000114440918,14.880000114440918,100200
14.84000015258789,15.039999961853027,14.84000015258789,14.90999984741211,14.90999984741211,86800
14.890000343322754,15.029999732971191,14.890000343322754,14.90999984741211,14.90999984741211,89700
15.010000228881836,15.510000228881836,15.010000228881836,15.390000343322754,15.390000343322754,185800
15.449999809265137,15.489999771118164,15.380000114440918,15.479999542236328,15.479999542236328,134300
15.5,15.520000457763672,15.420000076293944,15.5,15.5,81100
15.399999618530272,15.5,15.329999923706056,15.359999656677246,15.359999656677246,86300
15.149999618530272,15.149999618530272,14.739999771118164,14.880000114440918,14.880000114440918,318800
14.81999969482422,15.079999923706056,14.760000228881836,14.949999809265137,14.949999809265137,165000
15.039999961853027,15.039999961853027,14.81999969482422,14.989999771118164,14.989999771118164,102100
15.0,15.0,14.850000381469728,14.859999656677246,14.859999656677246,79800
14.93000030517578,15.039999961853027,14.880000114440918,14.90999984741211,14.90999984741211,110200
14.859999656677246,15.010000228881836,14.81999969482422,14.899999618530272,14.899999618530272,96200
14.84000015258789,15.050000190734863,14.81999969482422,14.90999984741211,14.90999984741211,138400
14.770000457763672,15.010000228881836,14.75,14.979999542236328,14.979999542236328,124700
15.140000343322754,15.369999885559082,15.079999923706056,15.300000190734863,15.300000190734863,154200
15.350000381469728,15.479999542236328,15.31999969482422,15.369999885559082,15.369999885559082,138500
15.43000030517578,15.600000381469728,15.31999969482422,15.520000457763672,15.520000457763672,219500
15.390000343322754,15.390000343322754,15.15999984741211,15.239999771118164,15.239999771118164,196300
15.25,15.289999961853027,15.15999984741211,15.199999809265137,15.199999809265137,99400
15.18000030517578,15.18000030517578,14.6899995803833,14.699999809265137,14.699999809265137,242100
14.609999656677246,14.770000457763672,14.40999984741211,14.710000038146973,14.710000038146973,241600
14.739999771118164,15.130000114440918,14.6899995803833,14.989999771118164,14.989999771118164,114400
15.0,15.0,14.619999885559082,14.770000457763672,14.770000457763672,180300
14.770000457763672,14.880000114440918,14.609999656677246,14.760000228881836,14.760000228881836,197200
14.609999656677246,14.890000343322754,14.539999961853027,14.6899995803833,14.6899995803833,194300
14.510000228881836,14.789999961853027,14.329999923706056,14.729999542236328,14.729999542236328,205300
14.609999656677246,14.93000030517578,13.5,14.4399995803833,14.4399995803833,233900
14.4399995803833,14.460000038146973,14.029999732971191,14.300000190734863,14.300000190734863,384600
14.640000343322754,15.40999984741211,14.640000343322754,15.380000114440918,15.380000114440918,220500
15.270000457763672,15.539999961853027,15.199999809265137,15.399999618530272,15.399999618530272,166000
15.510000228881836,16.3799991607666,15.449999809265137,16.100000381469727,16.100000381469727,406900
16.1299991607666,16.229999542236328,16.0,16.15999984741211,16.15999984741211,213800
16.06999969482422,16.100000381469727,15.720000267028809,15.920000076293944,15.920000076293944,258300
15.93000030517578,16.09000015258789,15.329999923706056,15.619999885559082,15.619999885559082,234300
15.760000228881836,15.979999542236328,15.479999542236328,15.630000114440918,15.630000114440918,119100
15.470000267028809,15.600000381469728,15.130000114440918,15.479999542236328,15.479999542236328,222900
14.739999771118164,15.210000038146973,14.739999771118164,15.0600004196167,15.0600004196167,238700
14.81999969482422,15.56999969482422,14.789999961853027,15.369999885559082,15.369999885559082,285200
15.329999923706056,15.479999542236328,15.300000190734863,15.359999656677246,15.359999656677246,85200
14.789999961853027,15.229999542236328,14.710000038146973,15.130000114440918,15.130000114440918,276600
15.420000076293944,15.65999984741211,14.979999542236328,15.020000457763672,15.020000457763672,304200
15.15999984741211,15.729999542236328,15.149999618530272,15.729999542236328,15.729999542236328,250500
15.649999618530272,15.890000343322754,15.630000114440918,15.640000343322754,15.640000343322754,221800
15.470000267028809,16.0,15.3100004196167,15.640000343322754,15.640000343322754,272600
15.630000114440918,15.710000038146973,15.359999656677246,15.479999542236328,15.479999542236328,262900
15.630000114440918,15.84000015258789,15.539999961853027,15.729999542236328,15.729999542236328,374800
15.420000076293944,15.420000076293944,15.140000343322754,15.18000030517578,15.18000030517578,477700
15.140000343322754,15.489999771118164,15.140000343322754,15.279999732971191,15.279999732971191,298700
15.229999542236328,15.640000343322754,15.229999542236328,15.600000381469728,15.600000381469728,453200
15.619999885559082,15.800000190734863,15.43000030517578,15.510000228881836,15.510000228881836,329600
15.649999618530272,16.0,15.640000343322754,15.90999984741211,15.90999984741211,251800
15.720000267028809,15.90999984741211,15.619999885559082,15.850000381469728,15.850000381469728,252500
16.0,16.040000915527344,15.8100004196167,15.859999656677246,15.859999656677246,269300
15.869999885559082,16.280000686645508,15.850000381469728,16.229999542236328,16.229999542236328,232900
16.049999237060547,16.399999618530273,16.040000915527344,16.25,16.25,241900
16.079999923706055,16.25,15.9399995803833,16.040000915527344,16.040000915527344,206500
15.949999809265137,16.139999389648438,15.880000114440918,15.989999771118164,15.989999771118164,214800
16.030000686645508,16.399999618530273,15.890000343322754,15.90999984741211,15.90999984741211,341100
15.960000038146973,16.0,15.520000457763672,15.579999923706056,15.579999923706056,181900
15.460000038146973,15.510000228881836,15.210000038146973,15.460000038146973,15.460000038146973,301200
15.399999618530272,15.539999961853027,15.130000114440918,15.18000030517578,15.18000030517578,232000
15.18000030517578,15.899999618530272,15.149999618530272,15.5600004196167,15.5600004196167,292000
15.529999732971191,15.710000038146973,15.489999771118164,15.600000381469728,15.600000381469728,112800
15.350000381469728,15.350000381469728,14.949999809265137,14.979999542236328,14.979999542236328,250900
15.0,15.289999961853027,14.880000114440918,14.93000030517578,14.93000030517578,200200
14.979999542236328,15.039999961853027,14.550000190734863,14.630000114440918,14.630000114440918,200600
14.84000015258789,15.18000030517578,14.8100004196167,14.880000114440918,14.880000114440918,229000
14.93000030517578,15.130000114440918,14.869999885559082,14.960000038146973,14.960000038146973,276400
14.949999809265137,15.199999809265137,14.880000114440918,15.15999984741211,15.15999984741211,116900
15.390000343322754,15.489999771118164,15.229999542236328,15.350000381469728,15.350000381469728,125100
15.449999809265137,15.520000457763672,15.34000015258789,15.460000038146973,15.460000038146973,78600
15.380000114440918,15.529999732971191,15.3100004196167,15.520000457763672,15.520000457763672,120100
15.670000076293944,15.81999969482422,15.619999885559082,15.75,15.75,190600
15.739999771118164,15.989999771118164,15.68000030517578,15.850000381469728,15.850000381469728,216200
15.850000381469728,15.850000381469728,15.510000228881836,15.729999542236328,15.729999542236328,201100
15.59000015258789,15.720000267028809,15.34000015258789,15.390000343322754,15.390000343322754,185300
15.390000343322754,15.640000343322754,15.350000381469728,15.489999771118164,15.489999771118164,127500
15.289999961853027,15.520000457763672,15.289999961853027,15.479999542236328,15.479999542236328,235300
15.479999542236328,15.65999984741211,15.149999618530272,15.25,15.25,245200
15.40999984741211,16.149999618530273,15.329999923706056,16.010000228881836,16.010000228881836,376000
15.9399995803833,16.100000381469727,15.850000381469728,16.06999969482422,16.06999969482422,190500
15.880000114440918,15.9399995803833,15.630000114440918,15.75,15.75,246300
15.859999656677246,15.859999656677246,14.5,14.90999984741211,14.90999984741211,877500
14.729999542236328,15.029999732971191,14.09000015258789,14.289999961853027,14.289999961853027,615700
14.449999809265137,14.449999809265137,13.829999923706056,14.239999771118164,14.239999771118164,607600
14.18000030517578,14.3100004196167,14.109999656677246,14.270000457763672,14.270000457763672,238300
14.470000267028809,14.59000015258789,14.390000343322754,14.539999961853027,14.539999961853027,173600
14.56999969482422,14.979999542236328,14.420000076293944,14.6899995803833,14.6899995803833,383800
14.770000457763672,14.779999732971191,14.239999771118164,14.399999618530272,14.399999618530272,383900
14.399999618530272,14.6899995803833,14.399999618530272,14.489999771118164,14.489999771118164,240700
14.40999984741211,14.56999969482422,14.020000457763672,14.25,14.25,211000
14.34000015258789,14.510000228881836,14.220000267028809,14.40999984741211,14.40999984741211,222800
14.239999771118164,14.359999656677246,14.140000343322754,14.270000457763672,14.270000457763672,140500
14.0,14.0600004196167,13.899999618530272,14.010000228881836,14.010000228881836,219100
13.93000030517578,14.31999969482422,13.789999961853027,14.109999656677246,14.109999656677246,275500
14.109999656677246,14.289999961853027,14.06999969482422,14.09000015258789,14.09000015258789,183600
14.050000190734863,14.229999542236328,13.93000030517578,14.140000343322754,14.140000343322754,120300
14.420000076293944,14.470000267028809,14.109999656677246,14.130000114440918,14.130000114440918,135200
14.119999885559082,14.34000015258789,14.079999923706056,14.260000228881836,14.260000228881836,193300
14.25,14.390000343322754,14.079999923706056,14.09000015258789,14.09000015258789,130600
13.979999542236328,14.100000381469728,13.949999809265137,14.050000190734863,14.050000190734863,99300
14.050000190734863,14.270000457763672,14.020000457763672,14.079999923706056,14.079999923706056,132300
13.869999885559082,13.90999984741211,13.699999809265137,13.710000038146973,13.710000038146973,200400
13.640000343322754,13.770000457763672,13.510000228881836,13.739999771118164,13.739999771118164,236600
13.779999732971191,13.880000114440918,13.710000038146973,13.81999969482422,13.81999969482422,116100
13.770000457763672,14.229999542236328,13.770000457763672,14.229999542236328,14.229999542236328,172800
14.140000343322754,14.380000114440918,14.0,14.020000457763672,14.020000457763672,129500
13.920000076293944,14.079999923706056,13.800000190734863,13.84000015258789,13.84000015258789,328400
14.109999656677246,14.1899995803833,13.789999961853027,13.880000114440918,13.880000114440918,286700
13.880000114440918,14.3100004196167,13.880000114440918,14.270000457763672,14.270000457763672,417200
14.350000381469728,14.699999809265137,14.350000381469728,14.510000228881836,14.510000228881836,250000
14.390000343322754,14.460000038146973,14.119999885559082,14.149999618530272,14.149999618530272,169600
14.140000343322754,14.300000190734863,14.06999969482422,14.149999618530272,14.149999618530272,125600
14.350000381469728,14.369999885559082,14.149999618530272,14.239999771118164,14.239999771118164,135700
14.300000190734863,14.380000114440918,14.100000381469728,14.289999961853027,14.289999961853027,197500
14.369999885559082,14.399999618530272,14.239999771118164,14.279999732971191,14.279999732971191,106600
14.239999771118164,14.359999656677246,14.100000381469728,14.130000114440918,14.130000114440918,142400
14.119999885559082,14.289999961853027,13.970000267028809,14.079999923706056,14.079999923706056,148100
14.020000457763672,14.359999656677246,13.960000038146973,14.260000228881836,14.260000228881836,168200
14.300000190734863,14.34000015258789,14.0600004196167,14.199999809265137,14.199999809265137,142400
14.149999618530272,14.489999771118164,14.100000381469728,14.420000076293944,14.420000076293944,196000
14.40999984741211,14.520000457763672,14.31999969482422,14.420000076293944,14.420000076293944,124500
14.359999656677246,14.539999961853027,14.199999809265137,14.260000228881836,14.260000228881836,91000
14.550000190734863,14.550000190734863,14.050000190734863,14.09000015258789,14.09000015258789,166100
14.34000015258789,14.34000015258789,14.140000343322754,14.170000076293944,14.170000076293944,93000
14.15999984741211,14.5600004196167,14.15999984741211,14.5,14.5,196800
14.479999542236328,14.81999969482422,14.390000343322754,14.800000190734863,14.800000190734863,271300
14.899999618530272,15.220000267028809,14.81999969482422,15.079999923706056,15.079999923706056,424700
15.130000114440918,15.399999618530272,14.989999771118164,15.029999732971191,15.029999732971191,193200
15.029999732971191,15.359999656677246,15.029999732971191,15.210000038146973,15.210000038146973,190500
15.140000343322754,15.720000267028809,15.140000343322754,15.65999984741211,15.65999984741211,402500
15.699999809265137,16.219999313354492,15.649999618530272,15.960000038146973,15.960000038146973,369200
15.890000343322754,15.9399995803833,15.619999885559082,15.729999542236328,15.729999542236328,179700
15.630000114440918,15.6899995803833,15.510000228881836,15.59000015258789,15.59000015258789,199800
15.56999969482422,15.90999984741211,15.529999732971191,15.84000015258789,15.84000015258789,228200
15.81999969482422,15.93000030517578,15.710000038146973,15.859999656677246,15.859999656677246,78200
15.760000228881836,15.869999885559082,15.640000343322754,15.850000381469728,15.850000381469728,150500
15.850000381469728,16.209999084472656,15.84000015258789,16.209999084472656,16.209999084472656,152700
16.110000610351562,16.239999771118164,15.869999885559082,15.93000030517578,15.93000030517578,151500
15.93000030517578,16.0,15.8100004196167,15.890000343322754,15.890000343322754,195700
15.800000190734863,15.859999656677246,15.710000038146973,15.800000190734863,15.800000190734863,123800
15.5,15.550000190734863,15.279999732971191,15.369999885559082,15.369999885559082,211500
15.470000267028809,15.670000076293944,15.350000381469728,15.649999618530272,15.649999618530272,186500
15.779999732971191,15.779999732971191,15.510000228881836,15.59000015258789,15.59000015258789,148200
15.6899995803833,15.6899995803833,15.460000038146973,15.56999969482422,15.56999969482422,84500
15.649999618530272,15.729999542236328,15.520000457763672,15.600000381469728,15.600000381469728,113700
15.479999542236328,15.550000190734863,15.170000076293944,15.25,15.25,225900
15.109999656677246,15.210000038146973,14.880000114440918,15.050000190734863,15.050000190734863,177100
15.029999732971191,15.289999961853027,14.960000038146973,15.1899995803833,15.1899995803833,192800
15.260000228881836,15.5600004196167,15.239999771118164,15.40999984741211,15.40999984741211,132100
15.850000381469728,15.850000381469728,15.5,15.619999885559082,15.619999885559082,350900
15.729999542236328,15.829999923706056,15.520000457763672,15.609999656677246,15.609999656677246,194800
15.630000114440918,15.720000267028809,15.140000343322754,15.359999656677246,15.359999656677246,280400
15.5,15.630000114440918,15.329999923706056,15.460000038146973,15.460000038146973,231700
15.5600004196167,15.630000114440918,15.399999618530272,15.40999984741211,15.40999984741211,155300
15.300000190734863,15.609999656677246,15.25,15.420000076293944,15.420000076293944,151800
15.579999923706056,17.15999984741211,15.579999923706056,16.93000030517578,16.93000030517578,564100
17.0,17.1200008392334,16.68000030517578,16.93000030517578,16.93000030517578,251100
16.790000915527344,16.8799991607666,16.59000015258789,16.860000610351562,16.860000610351562,200600
16.75,16.799999237060547,16.420000076293945,16.520000457763672,16.520000457763672,364000
16.549999237060547,16.829999923706055,16.5,16.729999542236328,16.729999542236328,254400
16.440000534057617,16.559999465942383,16.059999465942383,16.25,16.25,523100
16.1200008392334,16.260000228881836,15.970000267028809,16.09000015258789,16.09000015258789,329700
16.139999389648438,16.350000381469727,16.020000457763672,16.049999237060547,16.049999237060547,234700
16.049999237060547,16.209999084472656,15.979999542236328,16.110000610351562,16.110000610351562,209100
16.09000015258789,16.260000228881836,15.960000038146973,16.079999923706055,16.079999923706055,225000
16.010000228881836,16.030000686645508,15.75,15.93000030517578,15.93000030517578,229100
16.100000381469727,16.260000228881836,15.979999542236328,16.010000228881836,16.010000228881836,298500
15.960000038146973,16.040000915527344,15.859999656677246,15.890000343322754,15.890000343322754,68000
15.8100004196167,15.899999618530272,15.720000267028809,15.850000381469728,15.850000381469728,174700
15.699999809265137,15.8100004196167,15.649999618530272,15.68000030517578,15.68000030517578,183700
15.920000076293944,16.040000915527344,15.899999618530272,15.979999542236328,15.979999542236328,123900
16.100000381469727,16.280000686645508,16.059999465942383,16.229999542236328,16.229999542236328,242000
16.1200008392334,16.170000076293945,15.93000030517578,16.1200008392334,16.1200008392334,212800
16.040000915527344,16.56999969482422,16.040000915527344,16.520000457763672,16.520000457763672,300300
16.649999618530273,16.84000015258789,16.40999984741211,16.479999542236328,16.479999542236328,220500
16.459999084472656,16.540000915527344,16.229999542236328,16.389999389648438,16.389999389648438,154700
16.389999389648438,16.489999771118164,16.1200008392334,16.15999984741211,16.15999984741211,143200
16.1299991607666,16.280000686645508,16.100000381469727,16.260000228881836,16.260000228881836,247600
16.299999237060547,16.549999237060547,16.299999237060547,16.5,16.5,327700
16.459999084472656,16.559999465942383,16.3700008392334,16.489999771118164,16.489999771118164,320700
16.520000457763672,16.6200008392334,16.420000076293945,16.559999465942383,16.559999465942383,263500
16.540000915527344,16.639999389648438,16.479999542236328,16.610000610351562,16.610000610351562,231700
16.59000015258789,16.610000610351562,16.31999969482422,16.3799991607666,16.3799991607666,324000
16.3700008392334,16.510000228881836,16.260000228881836,16.299999237060547,16.299999237060547,215800
16.299999237060547,16.510000228881836,16.219999313354492,16.479999542236328,16.479999542236328,174000
16.450000762939453,16.6299991607666,16.40999984741211,16.610000610351562,16.610000610351562,74300
16.540000915527344,16.93000030517578,16.540000915527344,16.84000015258789,16.84000015258789,231800
16.860000610351562,16.860000610351562,16.559999465942383,16.700000762939453,16.700000762939453,63100
16.809999465942383,16.850000381469727,16.610000610351562,16.709999084472656,16.709999084472656,64300
16.75,16.940000534057617,16.75,16.8799991607666,16.8799991607666,75200
16.920000076293945,17.020000457763672,16.809999465942383,16.979999542236328,16.979999542236328,216100
16.989999771118164,17.59000015258789,16.93000030517578,17.260000228881836,17.260000228881836,364900
17.299999237060547,17.59000015258789,17.299999237060547,17.540000915527344,17.540000915527344,145600
17.440000534057617,17.81999969482422,16.8700008392334,17.06999969482422,17.06999969482422,561400
17.0,17.219999313354492,16.809999465942383,17.139999389648438,17.139999389648438,251600
17.139999389648438,17.31999969482422,17.06999969482422,17.219999313354492,17.219999313354492,327800
17.309999465942383,17.3799991607666,17.15999984741211,17.350000381469727,17.350000381469727,237700
17.200000762939453,17.270000457763672,17.0,17.200000762939453,17.200000762939453,206000
17.209999084472656,17.809999465942383,17.209999084472656,17.729999542236328,17.729999542236328,342600
17.770000457763672,18.280000686645508,17.75,18.25,18.25,361300
18.18000030517578,18.18000030517578,17.969999313354492,18.059999465942383,18.059999465942383,235800
17.989999771118164,18.309999465942383,17.899999618530273,18.21999931335449,18.21999931335449,209100
18.299999237060547,18.68000030517578,18.25,18.530000686645508,18.530000686645508,222700
18.540000915527344,18.799999237060547,18.530000686645508,18.6299991607666,18.6299991607666,209900
18.46999931335449,18.6200008392334,18.010000228881836,18.40999984741211,18.40999984741211,293000
18.59000015258789,18.739999771118164,18.399999618530277,18.420000076293945,18.420000076293945,415400
18.43000030517578,18.979999542236328,18.399999618530277,18.739999771118164,18.739999771118164,287300
18.559999465942383,18.8700008392334,18.51000022888184,18.799999237060547,18.799999237060547,269000
19.239999771118164,20.0,19.239999771118164,19.739999771118164,19.739999771118164,529800
19.51000022888184,19.649999618530277,19.25,19.43000030517578,19.43000030517578,461700
19.34000015258789,19.61000061035156,19.149999618530277,19.170000076293945,19.170000076293945,304700
19.290000915527344,19.38999938964844,19.190000534057617,19.26000022888184,19.26000022888184,211600
19.420000076293945,19.790000915527344,19.290000915527344,19.690000534057617,19.690000534057617,216700
19.649999618530277,20.0,19.59000015258789,19.950000762939453,19.950000762939453,235100
19.950000762939453,20.40999984741211,19.950000762939453,20.25,20.25,270000
20.299999237060547,20.43000030517578,20.100000381469727,20.239999771118164,20.239999771118164,204500
20.229999542236328,20.6200008392334,20.18000030517578,20.32999992370605,20.32999992370605,195200
20.209999084472656,20.38999938964844,19.899999618530277,20.34000015258789,20.34000015258789,196000
20.25,20.36000061035156,20.0,20.149999618530277,20.149999618530277,201900
20.020000457763672,20.26000022888184,19.81999969482422,20.09000015258789,20.09000015258789,327000
20.09000015258789,20.280000686645508,19.959999084472656,20.25,20.25,182700
20.209999084472656,20.280000686645508,19.850000381469727,19.86000061035156,19.86000061035156,173600
19.8799991607666,20.020000457763672,19.59000015258789,19.709999084472656,19.709999084472656,281400
19.81999969482422,20.270000457763672,19.770000457763672,20.06999969482422,20.06999969482422,204600
20.01000022888184,20.1200008392334,19.76000022888184,19.959999084472656,19.959999084472656,229700
19.959999084472656,20.059999465942383,19.81999969482422,19.90999984741211,19.90999984741211,217900
19.709999084472656,19.96999931335449,19.56999969482422,19.65999984741211,19.65999984741211,175200
19.6299991607666,19.76000022888184,19.25,19.63999938964844,19.63999938964844,303000
19.540000915527344,20.25,19.540000915527344,19.76000022888184,19.76000022888184,270500
19.88999938964844,20.13999938964844,19.649999618530277,19.84000015258789,19.84000015258789,202100
19.950000762939453,20.270000457763672,19.93000030517578,19.950000762939453,19.950000762939453,146600
19.989999771118164,20.040000915527344,19.65999984741211,19.76000022888184,19.76000022888184,206400
19.850000381469727,20.149999618530277,19.850000381469727,19.950000762939453,19.950000762939453,150700
19.959999084472656,20.11000061035156,19.780000686645508,19.84000015258789,19.84000015258789,206700
19.81999969482422,19.96999931335449,19.68000030517578,19.8799991607666,19.8799991607666,271100
19.96999931335449,19.96999931335449,19.270000457763672,19.479999542236328,19.479999542236328,167300
19.309999465942383,19.770000457763672,19.229999542236328,19.559999465942383,19.559999465942383,184400
19.549999237060547,19.729999542236328,19.38999938964844,19.59000015258789,19.59000015258789,144900
19.43000030517578,19.46999931335449,19.020000457763672,19.309999465942383,19.309999465942383,193400
19.15999984741211,19.65999984741211,19.15999984741211,19.6299991607666,19.6299991607666,155200
19.489999771118164,19.649999618530277,19.34000015258789,19.6299991607666,19.6299991607666,165600
19.049999237060547,19.32999992370605,18.8799991607666,19.26000022888184,19.26000022888184,220300
19.170000076293945,19.76000022888184,19.100000381469727,19.3700008392334,19.3700008392334,355300
19.56999969482422,19.56999969482422,19.190000534057617,19.290000915527344,19.290000915527344,177400
19.520000457763672,20.100000381469727,19.520000457763672,19.780000686645508,19.780000686645508,486000
19.8799991607666,20.26000022888184,19.850000381469727,20.229999542236328,20.229999542236328,322500
20.040000915527344,20.40999984741211,20.030000686645508,20.190000534057617,20.190000534057617,201100
20.15999984741211,20.36000061035156,19.950000762939453,20.34000015258789,20.34000015258789,170300
20.459999084472656,20.61000061035156,20.350000381469727,20.5,20.5,176500
20.600000381469727,21.030000686645508,20.40999984741211,20.40999984741211,20.40999984741211,378400
20.57999992370605,20.6299991607666,20.239999771118164,20.530000686645508,20.530000686645508,224700
20.51000022888184,20.6200008392334,20.399999618530277,20.59000015258789,20.59000015258789,110200
20.600000381469727,21.059999465942383,20.600000381469727,20.950000762939453,20.950000762939453,161800
20.850000381469727,21.06999969482422,20.790000915527344,20.93000030517578,20.93000030517578,148700
21.1299991607666,22.020000457763672,21.1299991607666,21.68000030517578,21.68000030517578,321400
21.770000457763672,21.88999938964844,21.549999237060547,21.700000762939453,21.700000762939453,291900
21.649999618530277,21.790000915527344,21.459999084472656,21.51000022888184,21.51000022888184,171200
21.57999992370605,21.700000762939453,21.3700008392334,21.479999542236328,21.479999542236328,162400
21.420000076293945,21.43000030517578,20.96999931335449,21.09000015258789,21.09000015258789,270000
21.15999984741211,21.25,21.020000457763672,21.06999969482422,21.06999969482422,106000
21.09000015258789,21.239999771118164,20.84000015258789,20.96999931335449,20.96999931335449,139900
20.850000381469727,21.11000061035156,20.729999542236328,20.959999084472656,20.959999084472656,205400
21.020000457763672,21.229999542236328,20.76000022888184,21.059999465942383,21.059999465942383,137100
21.0,21.729999542236328,21.0,21.68000030517578,21.68000030517578,206400
21.63999938964844,21.90999984741211,21.549999237060547,21.600000381469727,21.600000381469727,233900
21.440000534057617,21.479999542236328,20.90999984741211,21.399999618530277,21.399999618530277,182100
21.43000030517578,21.940000534057617,21.38999938964844,21.799999237060547,21.799999237060547,151100
21.790000915527344,21.920000076293945,21.100000381469727,21.31999969482422,21.31999969482422,288700
21.489999771118164,21.540000915527344,21.270000457763672,21.31999969482422,21.31999969482422,226300
21.239999771118164,21.93000030517578,21.239999771118164,21.68000030517578,21.68000030517578,169800
21.739999771118164,21.8700008392334,21.309999465942383,21.479999542236328,21.479999542236328,183900
21.38999938964844,21.520000457763672,20.989999771118164,21.09000015258789,21.09000015258789,285500
21.0,21.82999992370605,20.940000534057617,21.75,21.75,285900
21.690000534057617,22.18000030517578,21.690000534057617,21.899999618530277,21.899999618530277,228000
21.86000061035156,22.0,21.600000381469727,21.770000457763672,21.770000457763672,295000
21.690000534057617,21.86000061035156,21.21999931335449,21.38999938964844,21.38999938964844,282000
21.399999618530277,21.440000534057617,20.940000534057617,21.059999465942383,21.059999465942383,172000
20.809999465942383,20.86000061035156,20.420000076293945,20.56999969482422,20.56999969482422,352600
20.76000022888184,21.0,20.61000061035156,20.75,20.75,246400
20.75,21.299999237060547,20.700000762939453,21.270000457763672,21.270000457763672,220000
21.31999969482422,21.729999542236328,21.309999465942383,21.700000762939453,21.700000762939453,258700
21.6299991607666,21.90999984741211,21.450000762939453,21.649999618530277,21.649999618530277,265200
21.540000915527344,21.700000762939453,21.200000762939453,21.6299991607666,21.6299991607666,274000
21.649999618530277,21.649999618530277,21.309999465942383,21.38999938964844,21.38999938964844,241500
21.170000076293945,21.43000030517578,21.020000457763672,21.07999992370605,21.07999992370605,147100
21.0,21.34000015258789,20.81999969482422,21.25,21.25,171600
21.299999237060547,21.3700008392334,21.15999984741211,21.239999771118164,21.239999771118164,108400
21.309999465942383,21.520000457763672,21.190000534057617,21.5,21.5,138400
21.3700008392334,21.530000686645508,21.21999931335449,21.38999938964844,21.38999938964844,135600
21.149999618530277,21.200000762939453,20.71999931335449,20.920000076293945,20.920000076293945,137900
20.989999771118164,21.299999237060547,20.989999771118164,21.25,21.25,232500
21.170000076293945,21.61000061035156,21.15999984741211,21.59000015258789,21.59000015258789,275200
21.57999992370605,21.86000061035156,21.530000686645508,21.82999992370605,21.82999992370605,227200
21.86000061035156,22.459999084472656,21.770000457763672,22.280000686645508,22.280000686645508,284400
22.61000061035156,23.040000915527344,22.350000381469727,22.989999771118164,22.989999771118164,285000
23.09000015258789,23.59000015258789,23.01000022888184,23.049999237060547,23.049999237060547,466800
23.100000381469727,23.299999237060547,22.799999237060547,23.149999618530277,23.149999618530277,357900
22.8799991607666,23.229999542236328,22.68000030517578,23.100000381469727,23.100000381469727,348200
23.049999237060547,23.190000534057617,22.770000457763672,22.920000076293945,22.920000076293945,338100
22.88999938964844,23.200000762939453,22.84000015258789,22.920000076293945,22.920000076293945,291000
22.770000457763672,22.979999542236328,22.75,22.82999992370605,22.82999992370605,230200
22.81999969482422,22.88999938964844,22.5,22.770000457763672,22.770000457763672,371000
22.670000076293945,22.84000015258789,22.489999771118164,22.63999938964844,22.63999938964844,236700
22.549999237060547,22.729999542236328,22.3700008392334,22.459999084472656,22.459999084472656,197800
22.59000015258789,22.71999931335449,22.489999771118164,22.549999237060547,22.549999237060547,246400
22.34000015258789,22.56999969482422,22.09000015258789,22.26000022888184,22.26000022888184,216400
22.100000381469727,22.11000061035156,21.90999984741211,22.040000915527344,22.040000915527344,175400
22.149999618530277,22.270000457763672,21.8799991607666,21.90999984741211,21.90999984741211,279600
21.780000686645508,22.18000030517578,21.75,22.18000030517578,22.18000030517578,138000
22.290000915527344,22.51000022888184,22.239999771118164,22.450000762939453,22.450000762939453,197800
22.3799991607666,22.790000915527344,22.26000022888184,22.68000030517578,22.68000030517578,211600
22.450000762939453,22.61000061035156,22.350000381469727,22.56999969482422,22.56999969482422,264600
22.559999465942383,22.670000076293945,22.270000457763672,22.32999992370605,22.32999992370605,169900
22.32999992370605,22.600000381469727,22.31999969482422,22.51000022888184,22.51000022888184,137900
22.56999969482422,22.86000061035156,22.440000534057617,22.86000061035156,22.86000061035156,350400
23.229999542236328,23.93000030517578,23.059999465942383,23.709999084472656,23.709999084472656,529600
23.940000534057617,24.739999771118164,23.690000534057617,24.649999618530277,24.649999618530277,406400
24.6299991607666,25.6299991607666,24.399999618530277,25.56999969482422,25.56999969482422,370000
24.450000762939453,24.61000061035156,23.81999969482422,23.86000061035156,23.86000061035156,529100
23.850000381469727,24.1200008392334,23.709999084472656,24.09000015258789,24.09000015258789,297600
24.280000686645508,24.59000015258789,24.170000076293945,24.200000762939453,24.200000762939453,219500
23.96999931335449,23.979999542236328,23.40999984741211,23.899999618530277,23.899999618530277,269400
23.709999084472656,23.76000022888184,23.040000915527344,23.170000076293945,23.170000076293945,304200
23.13999938964844,23.979999542236328,23.11000061035156,23.8700008392334,23.8700008392334,362400
23.950000762939453,24.1299991607666,23.520000457763672,23.56999969482422,23.56999969482422,210700
23.76000022888184,23.84000015258789,23.25,23.350000381469727,23.350000381469727,272600
23.290000915527344,23.38999938964844,23.020000457763672,23.170000076293945,23.170000076293945,322700
23.030000686645508,23.21999931335449,22.8700008392334,23.21999931335449,23.21999931335449,417200
23.450000762939453,23.979999542236328,23.43000030517578,23.559999465942383,23.559999465942383,301200
23.6200008392334,24.0,23.38999938964844,23.450000762939453,23.450000762939453,277400
23.6299991607666,23.670000076293945,23.350000381469727,23.40999984741211,23.40999984741211,276200
23.239999771118164,23.26000022888184,22.1200008392334,22.6200008392334,22.6200008392334,644200
22.68000030517578,22.780000686645508,22.270000457763672,22.6200008392334,22.6200008392334,330000
22.88999938964844,23.0,22.59000015258789,22.780000686645508,22.780000686645508,361000
22.549999237060547,22.65999984741211,21.729999542236328,21.780000686645508,21.780000686645508,443900
21.75,21.86000061035156,21.489999771118164,21.540000915527344,21.540000915527344,397600
21.40999984741211,21.700000762939453,21.170000076293945,21.479999542236328,21.479999542236328,314100
21.920000076293945,21.950000762939453,20.920000076293945,21.15999984741211,21.15999984741211,276900
21.09000015258789,21.34000015258789,20.559999465942383,20.6299991607666,20.6299991607666,393500
20.75,21.40999984741211,20.709999084472656,21.25,21.25,640700
21.0,21.0,20.190000534057617,20.200000762939453,20.200000762939453,441900
20.309999465942383,20.479999542236328,19.530000686645508,20.18000030517578,20.18000030517578,529100
19.34000015258789,19.549999237060547,18.780000686645508,18.809999465942383,18.809999465942383,647500
19.059999465942383,20.149999618530277,18.989999771118164,20.1200008392334,20.1200008392334,734400
19.790000915527344,19.93000030517578,19.280000686645508,19.440000534057617,19.440000534057617,489300
19.520000457763672,19.81999969482422,19.25,19.670000076293945,19.670000076293945,430100
19.780000686645508,19.96999931335449,19.65999984741211,19.90999984741211,19.90999984741211,350700
19.82999992370605,20.489999771118164,19.82999992370605,20.15999984741211,20.15999984741211,265200
19.899999618530277,20.07999992370605,19.729999542236328,19.899999618530277,19.899999618530277,186100
19.950000762939453,20.229999542236328,19.690000534057617,19.770000457763672,19.770000457763672,236900
19.200000762939453,19.290000915527344,18.65999984741211,18.86000061035156,18.86000061035156,354800
18.559999465942383,19.31999969482422,18.559999465942383,18.88999938964844,18.88999938964844,858300
19.170000076293945,19.31999969482422,18.76000022888184,18.899999618530277,18.899999618530277,349300
19.01000022888184,19.75,18.899999618530277,19.729999542236328,19.729999542236328,210000
19.600000381469727,19.76000022888184,19.13999938964844,19.34000015258789,19.34000015258789,221800
19.3799991607666,19.46999931335449,18.68000030517578,18.799999237060547,18.799999237060547,169000
18.729999542236328,19.46999931335449,18.71999931335449,19.46999931335449,19.46999931335449,230500
19.6200008392334,20.06999969482422,19.6200008392334,19.96999931335449,19.96999931335449,189400
19.899999618530277,20.07999992370605,19.739999771118164,19.950000762939453,19.950000762939453,226000
20.100000381469727,20.530000686645508,20.100000381469727,20.299999237060547,20.299999237060547,192000
20.309999465942383,20.309999465942383,19.489999771118164,19.51000022888184,19.51000022888184,273500
19.1200008392334,19.31999969482422,19.01000022888184,19.06999969482422,19.06999969482422,187400
18.57999992370605,18.68000030517578,18.280000686645508,18.399999618530277,18.399999618530277,348700
18.6299991607666,18.780000686645508,18.57999992370605,18.780000686645508,18.780000686645508,272800
18.700000762939453,18.75,18.34000015258789,18.3799991607666,18.3799991607666,168600
18.25,18.25,17.6299991607666,17.8700008392334,17.8700008392334,233600
17.559999465942383,18.07999992370605,17.559999465942383,18.010000228881836,18.010000228881836,245100
18.049999237060547,18.25,18.020000457763672,18.1299991607666,18.1299991607666,164300
18.229999542236328,18.479999542236328,17.920000076293945,18.239999771118164,18.239999771118164,291600
18.420000076293945,18.81999969482422,18.420000076293945,18.690000534057617,18.690000534057617,188900
18.6200008392334,18.90999984741211,18.56999969482422,18.57999992370605,18.57999992370605,279200
18.09000015258789,18.540000915527344,18.09000015258789,18.46999931335449,18.46999931335449,147000
18.530000686645508,18.959999084472656,18.38999938964844,18.399999618530277,18.399999618530277,157900
18.290000915527344,18.540000915527344,17.709999084472656,17.739999771118164,17.739999771118164,179200
17.110000610351562,17.469999313354492,16.510000228881836,17.3700008392334,17.3700008392334,454900
17.200000762939453,17.610000610351562,17.190000534057617,17.600000381469727,17.600000381469727,284200
17.690000534057617,18.010000228881836,17.510000228881836,17.979999542236328,17.979999542236328,188800
18.440000534057617,19.34000015258789,18.420000076293945,19.100000381469727,19.100000381469727,347300
19.040000915527344,19.280000686645508,18.809999465942383,18.850000381469727,18.850000381469727,372800
19.170000076293945,19.549999237060547,19.11000061035156,19.459999084472656,19.459999084472656,377200
19.09000015258789,19.270000457763672,18.809999465942383,18.809999465942383,18.809999465942383,345900
18.559999465942383,18.56999969482422,17.639999389648438,17.90999984741211,17.90999984741211,409500
17.579999923706055,18.149999618530277,17.219999313354492,17.6200008392334,17.6200008392334,581700
17.540000915527344,17.920000076293945,17.010000228881836,17.81999969482422,17.81999969482422,267900
17.729999542236328,18.26000022888184,17.440000534057617,18.15999984741211,18.15999984741211,374100
18.170000076293945,18.450000762939453,17.969999313354492,18.149999618530277,18.149999618530277,357300
18.530000686645508,18.8700008392334,18.440000534057617,18.82999992370605,18.82999992370605,71200
18.81999969482422,18.84000015258789,18.34000015258789,18.399999618530277,18.399999618530277,182400
18.780000686645508,19.34000015258789,18.6200008392334,19.06999969482422,19.06999969482422,800300
19.040000915527344,19.450000762939453,19.040000915527344,19.420000076293945,19.420000076293945,310700
19.61000061035156,19.979999542236328,19.479999542236328,19.729999542236328,19.729999542236328,191900
19.61000061035156,19.649999618530277,19.100000381469727,19.200000762939453,19.200000762939453,211900
19.21999931335449,19.65999984741211,19.1299991607666,19.479999542236328,19.479999542236328,247900
19.520000457763672,19.57999992370605,19.040000915527344,19.059999465942383,19.059999465942383,179500
19.01000022888184,19.190000534057617,18.63999938964844,18.940000534057617,18.940000534057617,224800
19.100000381469727,19.459999084472656,19.100000381469727,19.26000022888184,19.26000022888184,117200
19.270000457763672,20.3700008392334,19.270000457763672,20.309999465942383,20.309999465942383,334600
20.059999465942383,20.270000457763672,19.809999465942383,19.82999992370605,19.82999992370605,402900
20.040000915527344,20.270000457763672,19.700000762939453,19.82999992370605,19.82999992370605,234400
20.690000534057617,20.88999938964844,20.209999084472656,20.459999084472656,20.459999084472656,356400
20.31999969482422,20.959999084472656,20.31999969482422,20.920000076293945,20.920000076293945,282900
20.59000015258789,20.81999969482422,20.420000076293945,20.530000686645508,20.530000686645508,196000
19.5,19.84000015258789,19.299999237060547,19.670000076293945,19.670000076293945,356600
19.88999938964844,20.31999969482422,19.88999938964844,20.11000061035156,20.11000061035156,230500
20.299999237060547,20.6299991607666,19.950000762939453,20.540000915527344,20.540000915527344,216300
20.239999771118164,20.57999992370605,20.239999771118164,20.299999237060547,20.299999237060547,134000
20.209999084472656,20.68000030517578,20.170000076293945,20.420000076293945,20.420000076293945,174600
20.3700008392334,20.489999771118164,20.049999237060547,20.350000381469727,20.350000381469727,311700
19.709999084472656,20.21999931335449,19.6299991607666,19.670000076293945,19.670000076293945,219800
19.559999465942383,20.11000061035156,19.559999465942383,19.76000022888184,19.76000022888184,514500
19.8700008392334,19.950000762939453,19.6299991607666,19.739999771118164,19.739999771118164,347100
19.540000915527344,19.57999992370605,19.21999931335449,19.280000686645508,19.280000686645508,267400
19.21999931335449,19.5,19.170000076293945,19.229999542236328,19.229999542236328,281400
19.15999984741211,19.34000015258789,19.059999465942383,19.13999938964844,19.13999938964844,176400
19.15999984741211,19.200000762939453,18.51000022888184,18.63999938964844,18.63999938964844,226600
18.739999771118164,18.739999771118164,18.479999542236328,18.489999771118164,18.489999771118164,151500
18.190000534057617,18.36000061035156,18.13999938964844,18.299999237060547,18.299999237060547,211900
18.309999465942383,18.38999938964844,18.010000228881836,18.049999237060547,18.049999237060547,133400
17.8700008392334,17.959999084472656,17.68000030517578,17.799999237060547,17.799999237060547,171600
17.68000030517578,17.959999084472656,17.459999084472656,17.530000686645508,17.530000686645508,147400
18.059999465942383,18.21999931335449,17.950000762939453,17.989999771118164,17.989999771118164,174800
18.040000915527344,18.38999938964844,18.020000457763672,18.229999542236328,18.229999542236328,174300
18.790000915527344,18.790000915527344,18.270000457763672,18.43000030517578,18.43000030517578,296400
18.350000381469727,19.09000015258789,18.309999465942383,19.030000686645508,19.030000686645508,236900
19.11000061035156,19.209999084472656,18.700000762939453,18.809999465942383,18.809999465942383,168900
19.0,19.239999771118164,18.739999771118164,18.850000381469727,18.850000381469727,200700
19.020000457763672,19.280000686645508,18.8799991607666,18.959999084472656,18.959999084472656,179600
19.020000457763672,19.059999465942383,18.46999931335449,18.780000686645508,18.780000686645508,136200
18.57999992370605,18.76000022888184,18.209999084472656,18.229999542236328,18.229999542236328,139900
18.149999618530277,18.46999931335449,18.100000381469727,18.3700008392334,18.3700008392334,159300
17.940000534057617,18.309999465942383,17.81999969482422,18.270000457763672,18.270000457763672,171400
18.3700008392334,18.700000762939453,18.09000015258789,18.26000022888184,18.26000022888184,174900
18.1200008392334,18.1299991607666,17.6200008392334,17.690000534057617,17.690000534057617,142300
17.84000015258789,17.969999313354492,17.729999542236328,17.809999465942383,17.809999465942383,108100
17.81999969482422,18.31999969482422,17.81999969482422,18.280000686645508,18.280000686645508,343300
18.299999237060547,18.649999618530277,18.299999237060547,18.440000534057617,18.440000534057617,199600
18.76000022888184,18.940000534057617,18.71999931335449,18.809999465942383,18.809999465942383,169500
18.809999465942383,18.809999465942383,18.3700008392334,18.540000915527344,18.540000915527344,124700
18.549999237060547,18.84000015258789,18.549999237060547,18.600000381469727,18.600000381469727,98900
18.690000534057617,19.239999771118164,18.56999969482422,18.63999938964844,18.63999938964844,152600
18.59000015258789,18.81999969482422,18.549999237060547,18.75,18.75,53100
18.71999931335449,18.770000457763672,18.51000022888184,18.549999237060547,18.549999237060547,114500
18.56999969482422,18.90999984741211,18.520000457763672,18.729999542236328,18.729999542236328,99100
18.68000030517578,18.950000762939453,18.68000030517578,18.850000381469727,18.850000381469727,92100
19.13999938964844,19.32999992370605,19.059999465942383,19.15999984741211,19.15999984741211,124600
19.100000381469727,19.309999465942383,18.899999618530277,19.15999984741211,19.15999984741211,122700
19.100000381469727,19.190000534057617,18.459999084472656,18.530000686645508,18.530000686645508,282000
18.549999237060547,18.68000030517578,18.26000022888184,18.36000061035156,18.36000061035156,132600
18.3799991607666,18.51000022888184,18.13999938964844,18.170000076293945,18.170000076293945,112900
18.3700008392334,18.61000061035156,18.11000061035156,18.1200008392334,18.1200008392334,513600
18.1200008392334,18.440000534057617,18.09000015258789,18.36000061035156,18.36000061035156,185100
18.40999984741211,18.40999984741211,17.969999313354492,18.049999237060547,18.049999237060547,283000
17.93000030517578,17.93000030517578,17.399999618530273,17.850000381469727,17.850000381469727,295100
18.6200008392334,18.690000534057617,18.25,18.489999771118164,18.489999771118164,258000
18.559999465942383,19.15999984741211,18.559999465942383,19.030000686645508,19.030000686645508,296600
19.09000015258789,19.459999084472656,19.09000015258789,19.40999984741211,19.40999984741211,206600
19.31999969482422,19.440000534057617,19.049999237060547,19.149999618530277,19.149999618530277,147700
19.1200008392334,19.229999542236328,18.88999938964844,18.920000076293945,18.920000076293945,163700
18.899999618530277,19.32999992370605,18.899999618530277,19.239999771118164,19.239999771118164,284500
19.190000534057617,19.299999237060547,19.01000022888184,19.209999084472656,19.209999084472656,146100
19.209999084472656,19.399999618530277,19.170000076293945,19.32999992370605,19.32999992370605,82800
19.299999237060547,19.440000534057617,19.190000534057617,19.21999931335449,19.21999931335449,107200
19.09000015258789,19.61000061035156,19.030000686645508,19.57999992370605,19.57999992370605,174400
19.57999992370605,20.38999938964844,19.57999992370605,20.18000030517578,20.18000030517578,321700
20.290000915527344,21.07999992370605,20.290000915527344,20.88999938964844,20.88999938964844,376100
20.770000457763672,20.93000030517578,20.63999938964844,20.670000076293945,20.670000076293945,290400
20.81999969482422,20.82999992370605,20.63999938964844,20.71999931335449,20.71999931335449,135600
20.56999969482422,20.57999992370605,20.38999938964844,20.520000457763672,20.520000457763672,143000
20.43000030517578,20.6200008392334,20.3700008392334,20.559999465942383,20.559999465942383,187500
20.549999237060547,20.549999237060547,20.25,20.34000015258789,20.34000015258789,143700
20.190000534057617,20.549999237060547,20.1299991607666,20.479999542236328,20.479999542236328,121300
20.36000061035156,20.43000030517578,20.190000534057617,20.38999938964844,20.38999938964844,110100
20.520000457763672,20.8700008392334,20.520000457763672,20.809999465942383,20.809999465942383,127800
20.8799991607666,20.920000076293945,20.530000686645508,20.670000076293945,20.670000076293945,122300
20.68000030517578,20.809999465942383,20.549999237060547,20.63999938964844,20.63999938964844,150900
20.75,21.11000061035156,20.6200008392334,20.950000762939453,20.950000762939453,274800
20.950000762939453,21.1200008392334,20.770000457763672,20.90999984741211,20.90999984741211,191200
20.82999992370605,21.13999938964844,20.82999992370605,21.0,21.0,117300
21.01000022888184,21.40999984741211,20.729999542236328,21.040000915527344,21.040000915527344,188200
21.040000915527344,21.11000061035156,20.959999084472656,21.059999465942383,21.059999465942383,140200
21.01000022888184,21.13999938964844,20.920000076293945,20.979999542236328,20.979999542236328,78900
20.84000015258789,21.09000015258789,20.84000015258789,21.01000022888184,21.01000022888184,79400
21.0,21.209999084472656,20.940000534057617,21.09000015258789,21.09000015258789,123000
21.15999984741211,21.6299991607666,21.15999984741211,21.440000534057617,21.440000534057617,189200
21.440000534057617,21.479999542236328,21.13999938964844,21.170000076293945,21.170000076293945,106000
21.09000015258789,21.1200008392334,20.63999938964844,20.739999771118164,20.739999771118164,140400
20.559999465942383,20.6299991607666,20.440000534057617,20.459999084472656,20.459999084472656,308300
20.299999237060547,20.40999984741211,20.100000381469727,20.170000076293945,20.170000076293945,114100
20.149999618530277,20.459999084472656,19.959999084472656,20.3799991607666,20.3799991607666,85300
20.559999465942383,21.209999084472656,20.51000022888184,21.09000015258789,21.09000015258789,155000
21.09000015258789,21.299999237060547,20.86000061035156,21.21999931335449,21.21999931335449,111000
21.21999931335449,21.790000915527344,21.100000381469727,21.600000381469727,21.600000381469727,222500
21.600000381469727,22.07999992370605,21.600000381469727,21.96999931335449,21.96999931335449,190600
21.950000762939453,22.01000022888184,21.809999465942383,21.96999931335449,21.96999931335449,129800
21.850000381469727,22.100000381469727,21.739999771118164,21.75,21.75,161100
21.790000915527344,21.809999465942383,21.46999931335449,21.6200008392334,21.6200008392334,116800
21.690000534057617,22.18000030517578,21.649999618530277,21.96999931335449,21.96999931335449,132200
21.809999465942383,22.07999992370605,21.38999938964844,21.57999992370605,21.57999992370605,180200
21.57999992370605,21.989999771118164,21.540000915527344,21.950000762939453,21.950000762939453,124500
21.6200008392334,21.790000915527344,21.5,21.649999618530277,21.649999618530277,80600
21.649999618530277,21.790000915527344,21.549999237060547,21.790000915527344,21.790000915527344,49900
21.959999084472656,22.309999465942383,21.850000381469727,22.170000076293945,22.170000076293945,391300
22.190000534057617,22.190000534057617,21.920000076293945,22.059999465942383,22.059999465942383,118800
22.030000686645508,22.299999237060547,21.82999992370605,22.01000022888184,22.01000022888184,121400
21.88999938964844,22.040000915527344,21.6299991607666,21.8799991607666,21.8799991607666,149000
21.920000076293945,22.43000030517578,21.799999237060547,22.290000915527344,22.290000915527344,191400
22.239999771118164,22.479999542236328,22.149999618530277,22.299999237060547,22.299999237060547,160900
22.290000915527344,22.3700008392334,21.8799991607666,21.950000762939453,21.950000762939453,236100
21.690000534057617,21.709999084472656,21.51000022888184,21.649999618530277,21.649999618530277,182000
21.56999969482422,21.850000381469727,21.5,21.850000381469727,21.850000381469727,146900
21.850000381469727,21.86000061035156,21.3799991607666,21.65999984741211,21.65999984741211,143300
21.57999992370605,21.75,21.149999618530277,21.21999931335449,21.21999931335449,201300
21.459999084472656,21.780000686645508,21.309999465942383,21.479999542236328,21.479999542236328,149400
21.479999542236328,22.0,21.450000762939453,21.790000915527344,21.790000915527344,193700
21.709999084472656,21.780000686645508,21.1299991607666,21.15999984741211,21.15999984741211,267100
21.06999969482422,21.459999084472656,21.06999969482422,21.399999618530277,21.399999618530277,196000
21.56999969482422,21.96999931335449,21.51000022888184,21.88999938964844,21.88999938964844,130200
21.81999969482422,21.950000762939453,21.670000076293945,21.799999237060547,21.799999237060547,110500
21.700000762939453,21.84000015258789,21.299999237060547,21.40999984741211,21.40999984741211,157100
21.479999542236328,21.56999969482422,21.26000022888184,21.34000015258789,21.34000015258789,170700
21.020000457763672,21.09000015258789,20.770000457763672,20.899999618530277,20.899999618530277,200000
20.899999618530277,21.07999992370605,20.549999237060547,20.790000915527344,20.790000915527344,332900
20.899999618530277,21.989999771118164,20.88999938964844,21.96999931335449,21.96999931335449,302000
21.90999984741211,22.57999992370605,21.75,22.31999969482422,22.31999969482422,259900
22.399999618530277,22.670000076293945,22.13999938964844,22.549999237060547,22.549999237060547,145000
22.32999992370605,22.489999771118164,22.239999771118164,22.440000534057617,22.440000534057617,149000
22.479999542236328,22.700000762939453,22.3700008392334,22.540000915527344,22.540000915527344,146500
22.34000015258789,22.6299991607666,22.149999618530277,22.170000076293945,22.170000076293945,178000
22.170000076293945,22.32999992370605,21.940000534057617,22.270000457763672,22.270000457763672,196500
22.06999969482422,22.299999237060547,21.899999618530277,21.959999084472656,21.959999084472656,144300
21.82999992370605,21.93000030517578,21.63999938964844,21.850000381469727,21.850000381469727,196000
21.729999542236328,21.809999465942383,21.209999084472656,21.600000381469727,21.600000381469727,220000
21.32999992370605,21.399999618530277,21.06999969482422,21.280000686645508,21.280000686645508,314300
21.3700008392334,21.68000030517578,21.25,21.350000381469727,21.350000381469727,172600
21.25,21.549999237060547,21.190000534057617,21.209999084472656,21.209999084472656,97000
20.96999931335449,21.06999969482422,20.84000015258789,20.8799991607666,20.8799991607666,140500
20.8799991607666,20.93000030517578,20.559999465942383,20.700000762939453,20.700000762939453,270000
20.690000534057617,20.700000762939453,20.15999984741211,20.209999084472656,20.209999084472656,268400
20.11000061035156,20.65999984741211,20.049999237060547,20.549999237060547,20.549999237060547,247800
20.57999992370605,20.57999992370605,20.26000022888184,20.270000457763672,20.270000457763672,133000
20.32999992370605,20.399999618530277,19.950000762939453,20.34000015258789,20.34000015258789,140100
20.43000030517578,20.5,20.18000030517578,20.309999465942383,20.309999465942383,101000
20.1299991607666,20.239999771118164,19.88999938964844,20.229999542236328,20.229999542236328,161000
20.270000457763672,20.5,20.15999984741211,20.229999542236328,20.229999542236328,137600
20.1299991607666,20.479999542236328,20.040000915527344,20.18000030517578,20.18000030517578,118400
20.209999084472656,20.530000686645508,20.15999984741211,20.530000686645508,20.530000686645508,105000
20.13999938964844,20.950000762939453,20.06999969482422,20.420000076293945,20.420000076293945,215100
23.270000457763672,24.450000762939453,22.56999969482422,23.209999084472656,23.209999084472656,1445500
22.200000762939453,22.84000015258789,22.15999984741211,22.420000076293945,22.420000076293945,499500
22.559999465942383,22.57999992370605,21.989999771118164,22.280000686645508,22.280000686645508,241300
22.200000762939453,22.3799991607666,21.979999542236328,22.1200008392334,22.1200008392334,190600
22.21999931335449,23.0,22.21999931335449,22.8799991607666,22.8799991607666,163800
23.13999938964844,23.350000381469727,22.809999465942383,22.809999465942383,22.809999465942383,252300
22.489999771118164,22.71999931335449,22.440000534057617,22.709999084472656,22.709999084472656,119300
22.770000457763672,23.06999969482422,22.56999969482422,22.57999992370605,22.57999992370605,156300
22.739999771118164,22.81999969482422,22.549999237060547,22.59000015258789,22.59000015258789,123100
22.51000022888184,22.84000015258789,22.5,22.739999771118164,22.739999771118164,199500
22.739999771118164,22.84000015258789,22.25,22.56999969482422,22.56999969482422,155400
22.559999465942383,22.75,22.420000076293945,22.540000915527344,22.540000915527344,195900
22.420000076293945,22.700000762939453,22.15999984741211,22.559999465942383,22.559999465942383,192700
22.780000686645508,23.290000915527344,22.6200008392334,23.209999084472656,23.209999084472656,164700
23.239999771118164,23.350000381469727,22.5,22.979999542236328,22.979999542236328,180500
22.899999618530277,23.030000686645508,22.040000915527344,22.059999465942383,22.059999465942383,162700
22.170000076293945,22.57999992370605,22.100000381469727,22.549999237060547,22.549999237060547,113800
22.25,22.420000076293945,22.0,22.06999969482422,22.06999969482422,92900
22.07999992370605,22.59000015258789,22.07999992370605,22.559999465942383,22.559999465942383,95400
22.559999465942383,22.649999618530277,22.3799991607666,22.520000457763672,22.520000457763672,115800
22.280000686645508,23.1299991607666,22.229999542236328,23.100000381469727,23.100000381469727,247500
23.670000076293945,24.0,23.40999984741211,23.989999771118164,23.989999771118164,265000
23.979999542236328,24.0,23.780000686645508,23.989999771118164,23.989999771118164,52100
24.030000686645508,24.600000381469727,23.979999542236328,24.540000915527344,24.540000915527344,136700
24.040000915527344,24.26000022888184,23.71999931335449,23.729999542236328,23.729999542236328,166200
23.59000015258789,23.6299991607666,23.190000534057617,23.440000534057617,23.440000534057617,89700
23.290000915527344,23.65999984741211,23.270000457763672,23.43000030517578,23.43000030517578,80300
23.40999984741211,23.489999771118164,22.700000762939453,22.84000015258789,22.84000015258789,106500
22.850000381469727,23.36000061035156,22.739999771118164,23.040000915527344,23.040000915527344,161700
22.799999237060547,22.799999237060547,22.25,22.530000686645508,22.530000686645508,186000
22.530000686645508,22.709999084472656,22.530000686645508,22.61000061035156,22.61000061035156,107800
22.549999237060547,22.8700008392334,22.43000030517578,22.82999992370605,22.82999992370605,164200
22.8700008392334,23.809999465942383,22.8700008392334,23.36000061035156,23.36000061035156,213800
23.31999969482422,23.770000457763672,23.31999969482422,23.739999771118164,23.739999771118164,209900
23.739999771118164,24.31999969482422,23.71999931335449,24.11000061035156,24.11000061035156,172100
23.75,23.84000015258789,23.36000061035156,23.51000022888184,23.51000022888184,171400
22.920000076293945,23.65999984741211,22.88999938964844,23.559999465942383,23.559999465942383,118500
23.520000457763672,23.6200008392334,23.13999938964844,23.36000061035156,23.36000061035156,116400
23.059999465942383,23.15999984741211,22.739999771118164,23.07999992370605,23.07999992370605,127700
23.40999984741211,23.82999992370605,23.3799991607666,23.729999542236328,23.729999542236328,186200
23.920000076293945,24.200000762939453,23.809999465942383,23.88999938964844,23.88999938964844,142300
23.84000015258789,24.15999984741211,23.81999969482422,23.88999938964844,23.88999938964844,82700
23.90999984741211,24.290000915527344,23.549999237060547,23.56999969482422,23.56999969482422,105600
23.690000534057617,23.8799991607666,23.489999771118164,23.56999969482422,23.56999969482422,115000
23.420000076293945,23.56999969482422,23.18000030517578,23.309999465942383,23.309999465942383,91100
23.68000030517578,24.01000022888184,23.559999465942383,23.739999771118164,23.739999771118164,99300
23.75,23.950000762939453,23.71999931335449,23.76000022888184,23.76000022888184,28200
23.989999771118164,24.1200008392334,23.770000457763672,23.93000030517578,23.93000030517578,90500
23.8700008392334,24.18000030517578,23.350000381469727,24.13999938964844,24.13999938964844,140200
24.049999237060547,24.21999931335449,23.950000762939453,24.09000015258789,24.09000015258789,80500
23.96999931335449,24.170000076293945,23.950000762939453,24.13999938964844,24.13999938964844,67500
24.030000686645508,24.290000915527344,23.959999084472656,24.100000381469727,24.100000381469727,77500
24.15999984741211,24.36000061035156,24.13999938964844,24.270000457763672,24.270000457763672,52400
24.229999542236328,24.309999465942383,24.030000686645508,24.209999084472656,24.209999084472656,66100
24.209999084472656,24.5,24.100000381469727,24.3799991607666,24.3799991607666,79900
24.809999465942383,24.86000061035156,24.56999969482422,24.65999984741211,24.65999984741211,77600
24.68000030517578,24.850000381469727,24.34000015258789,24.459999084472656,24.459999084472656,116900
24.56999969482422,25.530000686645508,24.56999969482422,25.34000015258789,25.34000015258789,166200
25.21999931335449,26.170000076293945,25.209999084472656,26.049999237060547,26.049999237060547,254700
26.07999992370605,26.07999992370605,25.57999992370605,25.959999084472656,25.959999084472656,134000
25.8799991607666,26.030000686645508,25.6200008392334,25.82999992370605,25.82999992370605,282800
25.93000030517578,25.940000534057617,25.65999984741211,25.809999465942383,25.809999465942383,234200
25.84000015258789,26.020000457763672,25.65999984741211,25.690000534057617,25.690000534057617,110200
25.690000534057617,26.09000015258789,25.690000534057617,25.989999771118164,25.989999771118164,88500
25.8799991607666,26.040000915527344,25.739999771118164,25.790000915527344,25.790000915527344,80900
25.96999931335449,26.1299991607666,25.86000061035156,26.11000061035156,26.11000061035156,127200
26.190000534057617,26.799999237060547,26.149999618530277,26.420000076293945,26.420000076293945,184600
26.239999771118164,26.520000457763672,25.920000076293945,26.479999542236328,26.479999542236328,94700
26.799999237060547,27.3700008392334,26.75,26.86000061035156,26.86000061035156,195500
27.0,27.059999465942383,26.61000061035156,26.84000015258789,26.84000015258789,225400
26.799999237060547,27.3700008392334,26.690000534057617,27.1299991607666,27.1299991607666,144100
27.18000030517578,27.26000022888184,27.09000015258789,27.229999542236328,27.229999542236328,101700
27.31999969482422,27.690000534057617,27.170000076293945,27.34000015258789,27.34000015258789,108200
27.34000015258789,27.59000015258789,27.1299991607666,27.36000061035156,27.36000061035156,109100
27.3700008392334,27.420000076293945,26.520000457763672,26.770000457763672,26.770000457763672,243600
26.56999969482422,27.049999237060547,26.3700008392334,26.81999969482422,26.81999969482422,197200
26.65999984741211,27.690000534057617,26.649999618530277,27.34000015258789,27.34000015258789,181600
27.3799991607666,27.709999084472656,27.36000061035156,27.46999931335449,27.46999931335449,78800
27.200000762939453,27.549999237060547,27.06999969482422,27.46999931335449,27.46999931335449,116700
27.57999992370605,27.600000381469727,27.149999618530277,27.209999084472656,27.209999084472656,198100
27.1299991607666,27.440000534057617,26.989999771118164,27.420000076293945,27.420000076293945,100000
27.420000076293945,27.59000015258789,27.06999969482422,27.31999969482422,27.31999969482422,125400
27.36000061035156,27.399999618530277,26.6299991607666,26.76000022888184,26.76000022888184,127100
26.950000762939453,27.290000915527344,26.65999984741211,26.989999771118164,26.989999771118164,114800
26.8700008392334,27.170000076293945,26.75,26.86000061035156,26.86000061035156,109300
26.920000076293945,26.96999931335449,26.520000457763672,26.76000022888184,26.76000022888184,100600
26.81999969482422,26.989999771118164,26.56999969482422,26.989999771118164,26.989999771118164,81700
26.93000030517578,27.190000534057617,26.81999969482422,26.899999618530277,26.899999618530277,52300
26.979999542236328,27.21999931335449,26.690000534057617,27.07999992370605,27.07999992370605,83400
27.239999771118164,27.459999084472656,26.770000457763672,26.88999938964844,26.88999938964844,72800
26.71999931335449,26.82999992370605,26.6299991607666,26.700000762939453,26.700000762939453,33800
26.8700008392334,27.350000381469727,26.489999771118164,26.559999465942383,26.559999465942383,122800
26.43000030517578,26.709999084472656,26.38999938964844,26.61000061035156,26.61000061035156,93400
26.71999931335449,27.1299991607666,26.51000022888184,26.6200008392334,26.6200008392334,85700
26.61000061035156,26.940000534057617,26.46999931335449,26.57999992370605,26.57999992370605,62400
26.6299991607666,26.799999237060547,26.489999771118164,26.799999237060547,26.799999237060547,72100
26.700000762939453,27.01000022888184,26.6200008392334,26.76000022888184,26.76000022888184,100900
26.71999931335449,26.899999618530277,26.520000457763672,26.799999237060547,26.799999237060547,56400
26.690000534057617,26.90999984741211,26.46999931335449,26.59000015258789,26.59000015258789,50500
26.309999465942383,26.36000061035156,25.65999984741211,25.770000457763672,25.770000457763672,113800
25.739999771118164,26.0,25.420000076293945,25.690000534057617,25.690000534057617,105100
25.600000381469727,25.75,25.040000915527344,25.6299991607666,25.6299991607666,114500
25.6299991607666,25.90999984741211,25.350000381469727,25.5,25.5,90100
25.71999931335449,26.290000915527344,25.71999931335449,26.149999618530277,26.149999618530277,103200
26.100000381469727,26.280000686645508,25.18000030517578,25.26000022888184,25.26000022888184,236100
25.520000457763672,26.11000061035156,25.46999931335449,26.100000381469727,26.100000381469727,154100
26.0,26.32999992370605,25.559999465942383,26.32999992370605,26.32999992370605,145400
26.350000381469727,26.38999938964844,26.06999969482422,26.13999938964844,26.13999938964844,78100
26.100000381469727,26.38999938964844,26.06999969482422,26.07999992370605,26.07999992370605,66100
26.1200008392334,26.1200008392334,24.63999938964844,24.850000381469727,24.850000381469727,310900
24.739999771118164,25.01000022888184,24.65999984741211,24.68000030517578,24.68000030517578,219500
24.68000030517578,24.76000022888184,24.3700008392334,24.46999931335449,24.46999931335449,80900
24.38999938964844,24.739999771118164,24.21999931335449,24.32999992370605,24.32999992370605,99700
24.34000015258789,24.34000015258789,23.920000076293945,24.06999969482422,24.06999969482422,121000
23.8700008392334,23.940000534057617,23.40999984741211,23.56999969482422,23.56999969482422,183600
23.6299991607666,23.670000076293945,23.190000534057617,23.530000686645508,23.530000686645508,167200
23.440000534057617,23.549999237060547,23.11000061035156,23.540000915527344,23.540000915527344,124000
23.51000022888184,23.790000915527344,23.440000534057617,23.770000457763672,23.770000457763672,106700
24.01000022888184,24.31999969482422,24.0,24.200000762939453,24.200000762939453,111900
24.309999465942383,24.309999465942383,23.850000381469727,24.06999969482422,24.06999969482422,123800
24.06999969482422,24.149999618530277,23.8799991607666,24.07999992370605,24.07999992370605,56100
23.920000076293945,24.200000762939453,23.84000015258789,24.200000762939453,24.200000762939453,55500
23.93000030517578,23.940000534057617,23.65999984741211,23.81999969482422,23.81999969482422,115500
23.84000015258789,24.32999992370605,23.690000534057617,24.21999931335449,24.21999931335449,156500
23.76000022888184,24.31999969482422,22.899999618530277,23.290000915527344,23.290000915527344,287200
23.280000686645508,23.31999969482422,22.51000022888184,23.11000061035156,23.11000061035156,299500
23.0,23.09000015258789,22.57999992370605,22.989999771118164,22.989999771118164,662000
23.13999938964844,23.68000030517578,22.899999618530277,23.459999084472656,23.459999084472656,190100
23.399999618530277,23.649999618530277,23.040000915527344,23.1200008392334,23.1200008392334,97000
23.200000762939453,23.270000457763672,22.93000030517578,23.06999969482422,23.06999969482422,152900
23.06999969482422,23.239999771118164,22.770000457763672,23.030000686645508,23.030000686645508,144900
23.1200008392334,23.25,22.739999771118164,22.82999992370605,22.82999992370605,128700
23.049999237060547,23.290000915527344,22.90999984741211,22.989999771118164,22.989999771118164,165200
23.01000022888184,23.299999237060547,22.63999938964844,23.209999084472656,23.209999084472656,135900
23.280000686645508,23.540000915527344,23.280000686645508,23.350000381469727,23.350000381469727,94400
23.31999969482422,23.56999969482422,23.229999542236328,23.309999465942383,23.309999465942383,98700
23.26000022888184,23.670000076293945,23.26000022888184,23.520000457763672,23.520000457763672,196400
23.520000457763672,23.75,23.32999992370605,23.63999938964844,23.63999938964844,235600
23.670000076293945,24.399999618530277,23.56999969482422,24.3799991607666,24.3799991607666,298600
24.3799991607666,25.030000686645508,24.3700008392334,24.540000915527344,24.540000915527344,195000
24.540000915527344,24.540000915527344,23.8799991607666,23.959999084472656,23.959999084472656,130700
23.729999542236328,24.07999992370605,23.34000015258789,23.979999542236328,23.979999542236328,241300
23.899999618530277,24.239999771118164,23.899999618530277,24.0,24.0,74700
24.0,24.0,23.649999618530277,23.799999237060547,23.799999237060547,96700
23.84000015258789,23.8700008392334,23.18000030517578,23.34000015258789,23.34000015258789,143800
23.31999969482422,23.31999969482422,22.93000030517578,23.030000686645508,23.030000686645508,139500
22.950000762939453,23.239999771118164,22.850000381469727,23.1299991607666,23.1299991607666,141800
23.57999992370605,23.709999084472656,23.229999542236328,23.36000061035156,23.36000061035156,156700
23.36000061035156,23.399999618530277,23.09000015258789,23.200000762939453,23.200000762939453,85900
23.239999771118164,23.399999618530277,23.06999969482422,23.34000015258789,23.34000015258789,83400
23.229999542236328,23.299999237060547,22.96999931335449,23.06999969482422,23.06999969482422,155700
23.18000030517578,24.1299991607666,23.18000030517578,24.11000061035156,24.11000061035156,278300
24.15999984741211,24.200000762939453,23.63999938964844,23.84000015258789,23.84000015258789,177800
23.920000076293945,24.229999542236328,23.809999465942383,24.07999992370605,24.07999992370605,129000
24.09000015258789,24.709999084472656,24.06999969482422,24.63999938964844,24.63999938964844,207900
24.540000915527344,25.0,24.459999084472656,24.96999931335449,24.96999931335449,171400
24.96999931335449,25.170000076293945,24.600000381469727,24.649999618530277,24.649999618530277,125800
24.600000381469727,24.65999984741211,24.350000381469727,24.479999542236328,24.479999542236328,70500
24.61000061035156,25.31999969482422,24.489999771118164,25.18000030517578,25.18000030517578,206400
24.989999771118164,25.01000022888184,24.520000457763672,24.6299991607666,24.6299991607666,149100
24.13999938964844,24.32999992370605,24.030000686645508,24.13999938964844,24.13999938964844,122800
24.059999465942383,24.3799991607666,23.71999931335449,24.290000915527344,24.290000915527344,144100
24.06999969482422,24.56999969482422,24.06999969482422,24.350000381469727,24.350000381469727,89500
24.299999237060547,24.76000022888184,24.15999984741211,24.76000022888184,24.76000022888184,112200
24.709999084472656,25.09000015258789,24.280000686645508,24.309999465942383,24.309999465942383,152200
24.270000457763672,24.56999969482422,23.81999969482422,24.26000022888184,24.26000022888184,155000
24.309999465942383,26.51000022888184,24.25,26.270000457763672,26.270000457763672,350800
26.350000381469727,27.059999465942383,26.290000915527344,26.82999992370605,26.82999992370605,387600
26.71999931335449,26.950000762939453,26.36000061035156,26.68000030517578,26.68000030517578,205000
26.440000534057617,26.729999542236328,26.36000061035156,26.57999992370605,26.57999992370605,200600
26.75,27.06999969482422,26.65999984741211,26.940000534057617,26.940000534057617,205200
26.8700008392334,27.049999237060547,26.770000457763672,27.01000022888184,27.01000022888184,128000
26.950000762939453,27.15999984741211,26.799999237060547,27.15999984741211,27.15999984741211,144800
27.11000061035156,27.549999237060547,27.040000915527344,27.459999084472656,27.459999084472656,128800
27.38999938964844,27.780000686645508,27.31999969482422,27.700000762939453,27.700000762939453,169600
27.709999084472656,28.350000381469727,27.700000762939453,28.26000022888184,28.26000022888184,237800
27.43000030517578,27.600000381469727,26.86000061035156,27.059999465942383,27.059999465942383,383600
27.059999465942383,27.34000015258789,26.96999931335449,27.07999992370605,27.07999992370605,147700
26.940000534057617,27.36000061035156,26.81999969482422,27.31999969482422,27.31999969482422,135400
27.040000915527344,27.59000015258789,26.88999938964844,27.51000022888184,27.51000022888184,163300
27.3799991607666,27.420000076293945,27.229999542236328,27.420000076293945,27.420000076293945,182700
27.299999237060547,27.350000381469727,26.209999084472656,26.520000457763672,26.520000457763672,231800
26.420000076293945,27.09000015258789,26.290000915527344,26.549999237060547,26.549999237060547,136100
26.6200008392334,26.84000015258789,26.239999771118164,26.26000022888184,26.26000022888184,110200
26.200000762939453,26.200000762939453,25.600000381469727,25.75,25.75,240900
25.700000762939453,26.540000915527344,25.6200008392334,26.280000686645508,26.280000686645508,141000
26.18000030517578,26.43000030517578,26.100000381469727,26.350000381469727,26.350000381469727,150600
26.26000022888184,26.46999931335449,26.0,26.3700008392334,26.3700008392334,110900
26.280000686645508,26.520000457763672,25.989999771118164,26.25,26.25,91200
26.170000076293945,26.190000534057617,25.850000381469727,25.920000076293945,25.920000076293945,160800
25.93000030517578,26.049999237060547,25.61000061035156,25.959999084472656,25.959999084472656,147700
26.030000686645508,26.63999938964844,26.030000686645508,26.5,26.5,247000
26.76000022888184,26.799999237060547,25.84000015258789,25.850000381469727,25.850000381469727,127300
25.82999992370605,26.36000061035156,25.82999992370605,26.290000915527344,26.290000915527344,81400
26.309999465942383,26.530000686645508,25.979999542236328,26.040000915527344,26.040000915527344,184300
26.020000457763672,26.15999984741211,25.729999542236328,25.809999465942383,25.809999465942383,210200
25.809999465942383,26.239999771118164,25.809999465942383,26.030000686645508,26.030000686645508,129000
26.06999969482422,26.1200008392334,25.959999084472656,26.020000457763672,26.020000457763672,186600
25.799999237060547,26.040000915527344,25.32999992370605,25.65999984741211,25.65999984741211,346400
25.59000015258789,25.82999992370605,25.5,25.709999084472656,25.709999084472656,183500
25.790000915527344,26.09000015258789,25.739999771118164,26.0,26.0,189500
25.86000061035156,26.049999237060547,25.75,26.030000686645508,26.030000686645508,359900
26.020000457763672,26.25,25.8799991607666,25.989999771118164,25.989999771118164,158600
26.020000457763672,26.31999969482422,25.96999931335449,26.07999992370605,26.07999992370605,169400
26.209999084472656,26.350000381469727,26.1200008392334,26.270000457763672,26.270000457763672,288500
26.26000022888184,26.790000915527344,26.209999084472656,26.709999084472656,26.709999084472656,151100
26.76000022888184,27.239999771118164,26.6299991607666,27.15999984741211,27.15999984741211,200000
27.15999984741211,27.15999984741211,26.280000686645508,26.399999618530277,26.399999618530277,155700
26.399999618530277,26.51000022888184,26.209999084472656,26.26000022888184,26.26000022888184,160400
26.270000457763672,26.5,25.81999969482422,25.90999984741211,25.90999984741211,145200
25.96999931335449,26.239999771118164,25.82999992370605,26.01000022888184,26.01000022888184,188300
25.690000534057617,26.440000534057617,25.559999465942383,26.3799991607666,26.3799991607666,276000
26.3700008392334,26.399999618530277,25.989999771118164,26.11000061035156,26.11000061035156,88000
26.09000015258789,26.399999618530277,25.96999931335449,26.07999992370605,26.07999992370605,200000
26.190000534057617,26.86000061035156,26.149999618530277,26.799999237060547,26.799999237060547,173700
26.959999084472656,27.06999969482422,26.68000030517578,26.850000381469727,26.850000381469727,169500
26.63999938964844,26.63999938964844,25.729999542236328,25.84000015258789,25.84000015258789,142100
25.76000022888184,26.200000762939453,25.71999931335449,25.82999992370605,25.82999992370605,264200
25.8700008392334,26.1299991607666,25.809999465942383,26.100000381469727,26.100000381469727,118100
25.82999992370605,25.96999931335449,25.6299991607666,25.8799991607666,25.8799991607666,92900
25.8799991607666,25.979999542236328,25.540000915527344,25.729999542236328,25.729999542236328,65700
25.75,25.90999984741211,25.399999618530277,25.770000457763672,25.770000457763672,110200
25.75,25.88999938964844,25.479999542236328,25.780000686645508,25.780000686645508,97600
25.790000915527344,25.950000762939453,25.63999938964844,25.850000381469727,25.850000381469727,173500
25.86000061035156,26.6200008392334,25.86000061035156,26.450000762939453,26.450000762939453,128300
26.440000534057617,27.1299991607666,26.440000534057617,27.09000015258789,27.09000015258789,115500
27.100000381469727,27.25,26.75,26.82999992370605,26.82999992370605,103700
26.88999938964844,26.989999771118164,26.700000762939453,26.729999542236328,26.729999542236328,161800
28.63999938964844,31.96999931335449,28.309999465942383,31.65999984741211,31.65999984741211,1136000
30.989999771118164,31.770000457763672,30.809999465942383,31.57999992370605,31.57999992370605,438600
31.440000534057617,31.6299991607666,31.13999938964844,31.31999969482422,31.31999969482422,246200
31.3799991607666,31.549999237060547,30.540000915527344,31.07999992370605,31.07999992370605,515400
31.309999465942383,31.559999465942383,30.90999984741211,31.1200008392334,31.1200008392334,285700
31.09000015258789,31.56999969482422,30.799999237060547,31.15999984741211,31.15999984741211,333400
31.059999465942383,31.489999771118164,30.979999542236328,31.100000381469727,31.100000381469727,145300
31.040000915527344,31.549999237060547,30.920000076293945,31.540000915527344,31.540000915527344,142800
31.420000076293945,31.899999618530277,31.21999931335449,31.88999938964844,31.88999938964844,143300
31.920000076293945,32.59000015258789,31.8799991607666,32.189998626708984,32.189998626708984,154600
32.029998779296875,32.04999923706055,31.40999984741211,31.86000061035156,31.86000061035156,138500
31.709999084472656,32.34000015258789,31.709999084472656,32.0099983215332,32.0099983215332,122000
31.90999984741211,32.540000915527344,31.229999542236328,31.229999542236328,31.229999542236328,163400
30.88999938964844,31.950000762939453,30.82999992370605,31.8799991607666,31.8799991607666,140400
31.93000030517578,32.130001068115234,31.65999984741211,31.96999931335449,31.96999931335449,48600
31.65999984741211,32.130001068115234,31.09000015258789,31.670000076293945,31.670000076293945,195600
31.520000457763672,31.90999984741211,31.01000022888184,31.020000457763672,31.020000457763672,227900
30.809999465942383,31.350000381469727,30.65999984741211,30.82999992370605,30.82999992370605,168700
30.61000061035156,31.25,30.479999542236328,30.76000022888184,30.76000022888184,130000
31.15999984741211,31.15999984741211,30.56999969482422,30.690000534057617,30.690000534057617,158800
30.65999984741211,30.86000061035156,30.43000030517578,30.670000076293945,30.670000076293945,110000
30.709999084472656,31.09000015258789,30.6299991607666,30.68000030517578,30.68000030517578,131100
30.6299991607666,30.809999465942383,30.36000061035156,30.559999465942383,30.559999465942383,122000
30.71999931335449,31.440000534057617,30.71999931335449,30.93000030517578,30.93000030517578,117200
30.809999465942383,31.36000061035156,30.399999618530277,30.61000061035156,30.61000061035156,130700
30.540000915527344,30.6200008392334,29.690000534057617,30.01000022888184,30.01000022888184,212900
30.07999992370605,30.559999465942383,29.96999931335449,30.149999618530277,30.149999618530277,123700
30.34000015258789,31.21999931335449,30.25,30.850000381469727,30.850000381469727,123800
30.780000686645508,30.799999237060547,29.8700008392334,30.26000022888184,30.26000022888184,125300
30.059999465942383,30.229999542236328,29.5,29.549999237060547,29.549999237060547,254600
29.82999992370605,29.920000076293945,29.1200008392334,29.290000915527344,29.290000915527344,235300
29.229999542236328,30.350000381469727,29.1200008392334,30.229999542236328,30.229999542236328,181400
30.100000381469727,30.3700008392334,29.46999931335449,29.549999237060547,29.549999237060547,178000
29.90999984741211,30.40999984741211,29.32999992370605,30.290000915527344,30.290000915527344,166700
30.18000030517578,30.86000061035156,30.18000030517578,30.61000061035156,30.61000061035156,127500
30.82999992370605,31.040000915527344,30.46999931335449,30.530000686645508,30.530000686645508,168800
30.1299991607666,30.46999931335449,29.59000015258789,29.670000076293945,29.670000076293945,181500
29.46999931335449,30.0,29.149999618530277,29.309999465942383,29.309999465942383,122300
28.979999542236328,29.100000381469727,28.350000381469727,28.8799991607666,28.8799991607666,248000
28.959999084472656,29.86000061035156,28.899999618530277,29.520000457763672,29.520000457763672,191600
29.6200008392334,30.280000686645508,29.61000061035156,30.170000076293945,30.170000076293945,145600
30.170000076293945,30.59000015258789,30.13999938964844,30.530000686645508,30.530000686645508,108800
30.280000686645508,30.3700008392334,29.229999542236328,29.290000915527344,29.290000915527344,194300
29.350000381469727,29.84000015258789,29.350000381469727,29.520000457763672,29.520000457763672,47300
29.51000022888184,29.84000015258789,28.950000762939453,29.459999084472656,29.459999084472656,297500
29.450000762939453,29.57999992370605,29.059999465942383,29.170000076293945,29.170000076293945,86000
29.209999084472656,29.530000686645508,28.940000534057617,29.32999992370605,29.32999992370605,127000
29.299999237060547,29.46999931335449,29.149999618530277,29.25,29.25,102400
29.270000457763672,29.270000457763672,28.709999084472656,28.899999618530277,28.899999618530277,137100
28.84000015258789,29.32999992370605,28.65999984741211,29.290000915527344,29.290000915527344,112700
29.57999992370605,29.88999938964844,29.299999237060547,29.88999938964844,29.88999938964844,78000
29.899999618530277,30.030000686645508,29.559999465942383,29.65999984741211,29.65999984741211,110400
29.690000534057617,29.850000381469727,29.549999237060547,29.75,29.75,102800
29.75,29.770000457763672,29.420000076293945,29.459999084472656,29.459999084472656,83200
29.459999084472656,29.71999931335449,29.31999969482422,29.43000030517578,29.43000030517578,57900
29.489999771118164,29.8700008392334,29.399999618530277,29.8700008392334,29.8700008392334,120400
29.729999542236328,29.920000076293945,29.63999938964844,29.65999984741211,29.65999984741211,72600
29.399999618530277,29.489999771118164,28.440000534057617,29.11000061035156,29.11000061035156,189200
29.13999938964844,29.489999771118164,28.90999984741211,28.96999931335449,28.96999931335449,109200
28.96999931335449,30.520000457763672,28.96999931335449,30.190000534057617,30.190000534057617,206000
30.209999084472656,30.3799991607666,29.790000915527344,30.18000030517578,30.18000030517578,141900
30.040000915527344,30.36000061035156,30.030000686645508,30.25,30.25,101900
30.31999969482422,31.229999542236328,30.200000762939453,31.21999931335449,31.21999931335449,244600
31.190000534057617,32.16999816894531,31.09000015258789,31.3799991607666,31.3799991607666,304700
32.90999984741211,35.25,31.3799991607666,34.61000061035156,34.61000061035156,589500
34.45000076293945,34.720001220703125,34.290000915527344,34.29999923706055,34.29999923706055,291200
34.150001525878906,34.150001525878906,33.59000015258789,33.880001068115234,33.880001068115234,164000
33.900001525878906,34.54999923706055,33.900001525878906,34.45000076293945,34.45000076293945,113200
33.900001525878906,33.939998626708984,32.900001525878906,33.7400016784668,33.7400016784668,205800
33.56999969482422,33.779998779296875,33.459999084472656,33.650001525878906,33.650001525878906,142300
33.709999084472656,33.84000015258789,33.400001525878906,33.81999969482422,33.81999969482422,101100
33.810001373291016,34.150001525878906,33.77000045776367,34.060001373291016,34.060001373291016,90600
33.970001220703125,34.540000915527344,33.779998779296875,34.439998626708984,34.439998626708984,76700
34.369998931884766,35.04999923706055,34.290000915527344,34.9900016784668,34.9900016784668,133900
34.9900016784668,35.540000915527344,34.7599983215332,34.880001068115234,34.880001068115234,111400
34.83000183105469,35.060001373291016,34.560001373291016,35.040000915527344,35.040000915527344,152600
34.880001068115234,35.16999816894531,34.77000045776367,34.97999954223633,34.97999954223633,76800
34.790000915527344,34.790000915527344,34.40999984741211,34.5099983215332,34.5099983215332,80100
34.380001068115234,34.47999954223633,34.04999923706055,34.209999084472656,34.209999084472656,104300
33.97999954223633,34.02000045776367,33.65999984741211,33.7400016784668,33.7400016784668,66500
33.619998931884766,34.27000045776367,33.599998474121094,33.95000076293945,33.95000076293945,63700
34.04999923706055,34.4900016784668,33.90999984741211,33.959999084472656,33.959999084472656,64100
33.91999816894531,34.130001068115234,33.75,33.88999938964844,33.88999938964844,81200
33.54999923706055,33.560001373291016,32.439998626708984,32.88999938964844,32.88999938964844,185000
32.86000061035156,33.20000076293945,32.650001525878906,32.88999938964844,32.88999938964844,111600
32.849998474121094,33.369998931884766,32.849998474121094,33.0,33.0,67200
33.0,33.40999984741211,32.81999969482422,33.2599983215332,33.2599983215332,104700
32.45000076293945,33.4900016784668,31.76000022888184,31.790000915527344,31.790000915527344,536600
31.75,32.029998779296875,31.06999969482422,31.40999984741211,31.40999984741211,311900
31.559999465942383,32.34000015258789,31.450000762939453,32.150001525878906,32.150001525878906,276300
32.40999984741211,32.40999984741211,31.790000915527344,32.18000030517578,32.18000030517578,164000
32.189998626708984,32.540000915527344,32.130001068115234,32.29999923706055,32.29999923706055,132900
32.40999984741211,32.83000183105469,32.38999938964844,32.709999084472656,32.709999084472656,101200
32.61000061035156,33.189998626708984,32.61000061035156,33.18000030517578,33.18000030517578,84500
33.060001373291016,33.2599983215332,32.619998931884766,32.650001525878906,32.650001525878906,90100
32.630001068115234,32.95000076293945,32.38999938964844,32.41999816894531,32.41999816894531,63100
34.33000183105469,34.560001373291016,33.869998931884766,34.209999084472656,34.209999084472656,381900
34.15999984741211,35.650001525878906,34.029998779296875,35.369998931884766,35.369998931884766,574300
35.2400016784668,35.43000030517578,34.599998474121094,35.349998474121094,35.349998474121094,405000
35.310001373291016,35.45000076293945,35.029998779296875,35.380001068115234,35.380001068115234,185700
35.2599983215332,35.68000030517578,34.88999938964844,35.130001068115234,35.130001068115234,530200
35.150001525878906,35.66999816894531,34.880001068115234,35.290000915527344,35.290000915527344,220100
35.29999923706055,36.150001525878906,35.290000915527344,35.66999816894531,35.66999816894531,259300
35.75,36.720001220703125,35.56999969482422,35.77000045776367,35.77000045776367,265800
35.869998931884766,35.91999816894531,35.040000915527344,35.189998626708984,35.189998626708984,149200
34.90999984741211,35.5099983215332,34.83000183105469,35.0099983215332,35.0099983215332,130600
34.7599983215332,35.25,34.540000915527344,35.099998474121094,35.099998474121094,149800
34.83000183105469,35.540000915527344,34.58000183105469,35.400001525878906,35.400001525878906,168000
35.31999969482422,36.060001373291016,35.09000015258789,35.91999816894531,35.91999816894531,145200
35.900001525878906,36.02000045776367,35.54999923706055,35.79999923706055,35.79999923706055,126500
35.65999984741211,35.709999084472656,35.380001068115234,35.65999984741211,35.65999984741211,115700
35.2599983215332,36.0,35.220001220703125,35.790000915527344,35.790000915527344,204500
35.779998779296875,35.959999084472656,35.349998474121094,35.65999984741211,35.65999984741211,279200
35.470001220703125,35.83000183105469,34.90999984741211,35.0099983215332,35.0099983215332,382600
35.0099983215332,35.7599983215332,34.810001373291016,35.459999084472656,35.459999084472656,189500
35.4900016784668,36.31999969482422,35.47999954223633,36.2599983215332,36.2599983215332,125800
36.18999862670898,36.68999862670898,35.93000030517578,36.54999923706055,36.54999923706055,59200
36.5,37.13999938964844,36.40999984741211,36.93999862670898,36.93999862670898,218800
37.08000183105469,37.40999984741211,36.7599983215332,37.15999984741211,37.15999984741211,104100
37.11000061035156,37.25,35.709999084472656,36.18000030517578,36.18000030517578,271100
36.11000061035156,36.61000061035156,35.88999938964844,36.02000045776367,36.02000045776367,193100
36.0099983215332,36.02999877929688,34.86000061035156,35.029998779296875,35.029998779296875,475500
34.59000015258789,35.15999984741211,34.15999984741211,35.060001373291016,35.060001373291016,370500
34.75,34.75,33.470001220703125,33.63999938964844,33.63999938964844,295900
33.5099983215332,34.4900016784668,33.380001068115234,34.400001525878906,34.400001525878906,313000
34.2599983215332,34.36000061035156,33.63999938964844,34.0099983215332,34.0099983215332,239800
34.09000015258789,34.09000015258789,33.380001068115234,33.5099983215332,33.5099983215332,199100
33.45000076293945,33.599998474121094,33.189998626708984,33.599998474121094,33.599998474121094,236500
33.599998474121094,33.869998931884766,33.41999816894531,33.869998931884766,33.869998931884766,83100
33.65999984741211,33.93000030517578,33.34000015258789,33.560001373291016,33.560001373291016,139900
33.63999938964844,33.779998779296875,32.90999984741211,33.2400016784668,33.2400016784668,164500
33.189998626708984,33.29999923706055,32.9900016784668,33.2599983215332,33.2599983215332,121700
33.25,33.900001525878906,33.20000076293945,33.77000045776367,33.77000045776367,276900
33.849998474121094,34.38999938964844,33.65999984741211,33.97999954223633,33.97999954223633,153000
34.0,34.31999969482422,33.619998931884766,33.7400016784668,33.7400016784668,202500
33.7400016784668,34.20000076293945,33.63999938964844,34.040000915527344,34.040000915527344,130800
34.34000015258789,34.70000076293945,34.130001068115234,34.5099983215332,34.5099983215332,135000
34.58000183105469,35.560001373291016,34.33000183105469,35.38999938964844,35.38999938964844,293600
35.349998474121094,36.29999923706055,35.09000015258789,35.970001220703125,35.970001220703125,393200
37.290000915527344,39.470001220703125,37.150001525878906,37.5099983215332,37.5099983215332,696400
38.02000045776367,38.15999984741211,37.630001068115234,37.91999816894531,37.91999816894531,285600
38.15999984741211,38.47999954223633,38.0,38.16999816894531,38.16999816894531,187700
38.130001068115234,38.220001220703125,37.630001068115234,37.650001525878906,37.650001525878906,229400
38.02000045776367,38.29999923706055,37.650001525878906,38.08000183105469,38.08000183105469,224500
38.08000183105469,38.900001525878906,37.90999984741211,38.470001220703125,38.470001220703125,207600
38.560001373291016,38.869998931884766,38.43999862670898,38.56999969482422,38.56999969482422,110200
38.45000076293945,38.869998931884766,38.290000915527344,38.59000015258789,38.59000015258789,149200
37.77000045776367,37.959999084472656,37.25,37.720001220703125,37.720001220703125,785000
37.68999862670898,37.810001373291016,37.369998931884766,37.59000015258789,37.59000015258789,125800
37.68000030517578,37.79999923706055,36.72999954223633,36.88999938964844,36.88999938964844,165700
36.88999938964844,36.95000076293945,36.20000076293945,36.5099983215332,36.5099983215332,349100
36.33000183105469,36.58000183105469,36.0,36.16999816894531,36.16999816894531,178900
35.220001220703125,35.810001373291016,34.02000045776367,34.65999984741211,34.65999984741211,1081700
33.97999954223633,34.779998779296875,33.45000076293945,34.540000915527344,34.540000915527344,485200
34.56999969482422,34.79999923706055,33.84000015258789,33.939998626708984,33.939998626708984,362800
33.959999084472656,34.220001220703125,33.68000030517578,33.75,33.75,300600
33.939998626708984,35.11000061035156,33.86000061035156,34.97999954223633,34.97999954223633,456300
35.08000183105469,35.470001220703125,34.119998931884766,34.20000076293945,34.20000076293945,333000
34.16999816894531,34.16999816894531,33.59000015258789,33.720001220703125,33.720001220703125,238600
33.75,33.970001220703125,33.310001373291016,33.75,33.75,228200
33.849998474121094,34.060001373291016,33.439998626708984,33.720001220703125,33.720001220703125,213500
33.709999084472656,35.33000183105469,33.709999084472656,34.720001220703125,34.720001220703125,358600
34.75,35.099998474121094,34.529998779296875,34.689998626708984,34.689998626708984,243700
35.18000030517578,36.0,35.18000030517578,35.61000061035156,35.61000061035156,295000
35.459999084472656,36.09999847412109,35.25,35.310001373291016,35.310001373291016,282200
35.689998626708984,35.93000030517578,35.4900016784668,35.619998931884766,35.619998931884766,167500
35.59000015258789,35.59000015258789,35.209999084472656,35.279998779296875,35.279998779296875,93000
35.43000030517578,35.72999954223633,35.099998474121094,35.630001068115234,35.630001068115234,91600
35.43000030517578,35.459999084472656,33.68000030517578,34.2400016784668,34.2400016784668,356400
34.040000915527344,34.470001220703125,33.900001525878906,33.9900016784668,33.9900016784668,280000
33.93000030517578,34.11000061035156,33.31999969482422,33.459999084472656,33.459999084472656,252300
33.5,33.5099983215332,32.439998626708984,32.720001220703125,32.720001220703125,409400
32.91999816894531,33.38999938964844,32.86000061035156,32.880001068115234,32.880001068115234,273200
32.77000045776367,32.95000076293945,32.369998931884766,32.65999984741211,32.65999984741211,309600
32.650001525878906,32.70000076293945,31.75,32.09000015258789,32.09000015258789,300500
32.119998931884766,32.22999954223633,31.86000061035156,31.88999938964844,31.88999938964844,262600
31.809999465942383,32.939998626708984,31.700000762939453,32.5099983215332,32.5099983215332,413600
32.33000183105469,32.70000076293945,31.18000030517578,31.57999992370605,31.57999992370605,2241600
31.600000381469727,32.5,31.600000381469727,31.670000076293945,31.670000076293945,583000
31.649999618530277,31.770000457763672,31.36000061035156,31.3700008392334,31.3700008392334,260400
31.46999931335449,32.06999969482422,31.450000762939453,31.86000061035156,31.86000061035156,490500
32.060001373291016,32.790000915527344,32.040000915527344,32.59000015258789,32.59000015258789,717700
32.59000015258789,32.72999954223633,32.130001068115234,32.2599983215332,32.2599983215332,223800
32.25,32.470001220703125,31.540000915527344,31.57999992370605,31.57999992370605,345900
31.63999938964844,31.709999084472656,31.18000030517578,31.270000457763672,31.270000457763672,407200
31.850000381469727,31.850000381469727,30.770000457763672,31.21999931335449,31.21999931335449,352100
31.200000762939453,31.530000686645508,30.920000076293945,31.43000030517578,31.43000030517578,446500
31.56999969482422,31.71999931335449,30.46999931335449,30.670000076293945,30.670000076293945,562100
30.600000381469727,31.600000381469727,30.450000762939453,31.540000915527344,31.540000915527344,668200
30.170000076293945,30.57999992370605,29.399999618530277,29.950000762939453,29.950000762939453,1844400
31.100000381469727,31.270000457763672,30.200000762939453,30.31999969482422,30.31999969482422,659400
30.040000915527344,30.670000076293945,29.690000534057617,30.63999938964844,30.63999938964844,657900
30.81999969482422,30.93000030517578,29.809999465942383,30.049999237060547,30.049999237060547,987300
30.09000015258789,30.309999465942383,29.950000762939453,30.040000915527344,30.040000915527344,386500
29.959999084472656,29.959999084472656,29.6200008392334,29.670000076293945,29.670000076293945,430900
29.690000534057617,30.200000762939453,29.6299991607666,30.06999969482422,30.06999969482422,591500
30.399999618530277,30.450000762939453,30.049999237060547,30.149999618530277,30.149999618530277,228100
30.11000061035156,30.46999931335449,29.75,29.76000022888184,29.76000022888184,211600
29.93000030517578,31.530000686645508,29.93000030517578,31.170000076293945,31.170000076293945,430000
31.32999992370605,31.75,30.96999931335449,31.06999969482422,31.06999969482422,148300
31.020000457763672,31.71999931335449,30.950000762939453,31.350000381469727,31.350000381469727,226700
31.36000061035156,32.279998779296875,31.09000015258789,32.27000045776367,32.27000045776367,297900
32.86000061035156,32.95000076293945,32.16999816894531,32.27000045776367,32.27000045776367,470100
32.400001525878906,32.77000045776367,32.029998779296875,32.2400016784668,32.2400016784668,248100
32.2400016784668,33.689998626708984,32.2400016784668,33.529998779296875,33.529998779296875,784400
33.45000076293945,33.45000076293945,32.790000915527344,32.790000915527344,32.790000915527344,276600
32.95000076293945,33.220001220703125,32.560001373291016,32.689998626708984,32.689998626708984,287400
32.59000015258789,32.970001220703125,32.2400016784668,32.279998779296875,32.279998779296875,200600
32.29999923706055,33.209999084472656,32.29999923706055,32.7599983215332,32.7599983215332,199800
32.77000045776367,33.040000915527344,32.31999969482422,32.86000061035156,32.86000061035156,183400
32.849998474121094,33.13999938964844,32.58000183105469,32.70000076293945,32.70000076293945,192300
32.31999969482422,32.400001525878906,31.459999084472656,31.6299991607666,31.6299991607666,387300
31.96999931335449,32.38999938964844,31.670000076293945,32.130001068115234,32.130001068115234,245800
32.16999816894531,32.790000915527344,31.690000534057617,32.779998779296875,32.779998779296875,233500
32.970001220703125,33.25,32.88999938964844,33.099998474121094,33.099998474121094,247100
33.0,33.0,32.31999969482422,32.439998626708984,32.439998626708984,236400
32.439998626708984,33.11000061035156,32.439998626708984,32.88999938964844,32.88999938964844,196000
32.810001373291016,32.810001373291016,31.420000076293945,31.549999237060547,31.549999237060547,364400
31.32999992370605,32.09000015258789,31.0,32.060001373291016,32.060001373291016,371400
32.130001068115234,32.22999954223633,31.520000457763672,31.549999237060547,31.549999237060547,206700
31.450000762939453,31.450000762939453,30.71999931335449,30.84000015258789,30.84000015258789,219700
30.920000076293945,31.450000762939453,30.899999618530277,31.399999618530277,31.399999618530277,307600
31.399999618530277,31.68000030517578,30.940000534057617,31.15999984741211,31.15999984741211,384200
31.15999984741211,31.690000534057617,30.899999618530277,31.270000457763672,31.270000457763672,168900
31.21999931335449,31.6200008392334,30.729999542236328,31.459999084472656,31.459999084472656,192900
31.5,31.71999931335449,30.600000381469727,30.649999618530277,30.649999618530277,223800
30.690000534057617,31.26000022888184,30.43000030517578,30.729999542236328,30.729999542236328,161000
30.82999992370605,31.57999992370605,30.809999465942383,31.209999084472656,31.209999084472656,211800
31.21999931335449,31.59000015258789,30.809999465942383,30.8799991607666,30.8799991607666,266400
30.940000534057617,31.06999969482422,30.770000457763672,30.790000915527344,30.790000915527344,165200
30.90999984741211,31.34000015258789,30.5,30.75,30.75,165000
31.0,31.290000915527344,30.790000915527344,30.920000076293945,30.920000076293945,208600
31.0,31.280000686645508,30.850000381469727,30.989999771118164,30.989999771118164,507600
31.06999969482422,31.600000381469727,30.959999084472656,31.51000022888184,31.51000022888184,410500
31.549999237060547,32.08000183105469,31.450000762939453,31.959999084472656,31.959999084472656,190800
32.13999938964844,32.45000076293945,31.540000915527344,31.63999938964844,31.63999938964844,212900
31.600000381469727,31.82999992370605,30.979999542236328,31.059999465942383,31.059999465942383,225300
31.190000534057617,31.81999969482422,31.13999938964844,31.739999771118164,31.739999771118164,263200
31.8700008392334,33.150001525878906,31.809999465942383,33.04999923706055,33.04999923706055,522600
33.0,33.0,31.68000030517578,31.979999542236328,31.979999542236328,247300
31.950000762939453,32.33000183105469,31.75,32.06999969482422,32.06999969482422,186400
32.31999969482422,32.56999969482422,31.979999542236328,32.189998626708984,32.189998626708984,125100
32.130001068115234,33.06999969482422,31.979999542236328,32.779998779296875,32.779998779296875,224400
32.939998626708984,33.11000061035156,32.45000076293945,32.86000061035156,32.86000061035156,125400
32.83000183105469,33.25,32.68000030517578,32.97999954223633,32.97999954223633,111800
32.93000030517578,33.18000030517578,32.709999084472656,33.09000015258789,33.09000015258789,199700
33.2599983215332,33.38999938964844,33.040000915527344,33.16999816894531,33.16999816894531,264600
33.209999084472656,33.68000030517578,33.099998474121094,33.5,33.5,182400
33.720001220703125,34.220001220703125,33.349998474121094,34.150001525878906,34.150001525878906,258200
34.13999938964844,34.810001373291016,33.93000030517578,34.58000183105469,34.58000183105469,568900
34.599998474121094,34.689998626708984,33.97999954223633,34.369998931884766,34.369998931884766,385400
34.5,35.349998474121094,34.15999984741211,34.83000183105469,34.83000183105469,473900
37.25,37.290000915527344,35.470001220703125,36.06999969482422,36.06999969482422,937000
35.90999984741211,36.650001525878906,35.52000045776367,35.65999984741211,35.65999984741211,529700
35.86000061035156,35.86000061035156,35.0099983215332,35.56999969482422,35.56999969482422,325300
35.52000045776367,35.70000076293945,34.540000915527344,34.7400016784668,34.7400016784668,354100
34.75,34.77000045776367,34.16999816894531,34.40999984741211,34.40999984741211,382200
34.47999954223633,34.86000061035156,34.11000061035156,34.52000045776367,34.52000045776367,210300
34.59000015258789,34.7599983215332,34.029998779296875,34.29999923706055,34.29999923706055,209700
34.189998626708984,34.529998779296875,33.869998931884766,34.33000183105469,34.33000183105469,158300
34.41999816894531,34.790000915527344,34.279998779296875,34.689998626708984,34.689998626708984,127000
34.779998779296875,35.16999816894531,34.45000076293945,34.779998779296875,34.779998779296875,233000
34.939998626708984,34.9900016784668,33.72999954223633,33.84000015258789,33.84000015258789,195900
33.75,33.90999984741211,32.59000015258789,33.79999923706055,33.79999923706055,257800
33.869998931884766,34.060001373291016,33.45000076293945,33.529998779296875,33.529998779296875,203300
33.61000061035156,33.959999084472656,33.4900016784668,33.79999923706055,33.79999923706055,95400
33.61000061035156,33.779998779296875,33.380001068115234,33.5099983215332,33.5099983215332,319600
33.54999923706055,34.20000076293945,33.54999923706055,34.189998626708984,34.189998626708984,178100
34.27000045776367,34.27000045776367,33.720001220703125,33.75,33.75,206300
33.900001525878906,34.34000015258789,33.810001373291016,34.22999954223633,34.22999954223633,89600
34.400001525878906,34.5099983215332,34.22999954223633,34.290000915527344,34.290000915527344,174800
34.40999984741211,34.459999084472656,33.70000076293945,34.029998779296875,34.029998779296875,143400
34.09000015258789,34.20000076293945,33.61000061035156,33.959999084472656,33.959999084472656,164400
34.02000045776367,34.04999923706055,33.5099983215332,33.939998626708984,33.939998626708984,253300
33.970001220703125,34.11000061035156,33.43000030517578,33.5,33.5,180600
33.38999938964844,33.65999984741211,33.20000076293945,33.43000030517578,33.43000030517578,141900
33.43000030517578,33.52000045776367,33.060001373291016,33.310001373291016,33.310001373291016,327600
33.209999084472656,33.61000061035156,33.09000015258789,33.540000915527344,33.540000915527344,158100
33.5099983215332,34.040000915527344,33.45000076293945,33.90999984741211,33.90999984741211,164400
33.90999984741211,34.0099983215332,33.68000030517578,33.81999969482422,33.81999969482422,133000
33.97999954223633,34.04999923706055,33.59000015258789,33.810001373291016,33.810001373291016,185500
33.880001068115234,34.16999816894531,33.72999954223633,34.0099983215332,34.0099983215332,142200
33.90999984741211,34.0,33.560001373291016,33.630001068115234,33.630001068115234,103100
33.720001220703125,34.4900016784668,33.68000030517578,34.380001068115234,34.380001068115234,240500
34.45000076293945,34.4900016784668,34.0,34.369998931884766,34.369998931884766,96300
34.20000076293945,34.61000061035156,34.18000030517578,34.34000015258789,34.34000015258789,107000
34.459999084472656,34.689998626708984,34.439998626708984,34.650001525878906,34.650001525878906,151400
34.709999084472656,34.709999084472656,33.790000915527344,33.900001525878906,33.900001525878906,335300
33.95000076293945,34.18000030517578,33.77000045776367,34.06999969482422,34.06999969482422,309600
34.25,34.25,33.90999984741211,34.029998779296875,34.029998779296875,122900
34.29999923706055,34.40999984741211,33.790000915527344,33.86000061035156,33.86000061035156,107300
33.810001373291016,33.97999954223633,33.650001525878906,33.81999969482422,33.81999969482422,125100
33.81999969482422,34.70000076293945,33.72999954223633,34.61000061035156,34.61000061035156,165200
34.529998779296875,35.4900016784668,34.439998626708984,35.47999954223633,35.47999954223633,255100
35.52000045776367,36.33000183105469,35.2599983215332,35.47999954223633,35.47999954223633,339100
35.599998474121094,36.27000045776367,35.40999984741211,36.02999877929688,36.02999877929688,327900
36.060001373291016,36.2400016784668,35.650001525878906,36.0,36.0,190100
36.0099983215332,36.0099983215332,35.70000076293945,35.93000030517578,35.93000030517578,98400
36.0,36.0,35.11000061035156,35.22999954223633,35.22999954223633,213200
35.36000061035156,35.4900016784668,34.4900016784668,34.91999816894531,34.91999816894531,201600
34.97999954223633,35.68000030517578,34.869998931884766,35.68000030517578,35.68000030517578,142900
35.31999969482422,35.63999938964844,35.09000015258789,35.43000030517578,35.43000030517578,146800
35.529998779296875,35.66999816894531,35.08000183105469,35.439998626708984,35.439998626708984,124600
35.61000061035156,35.90999984741211,35.349998474121094,35.869998931884766,35.869998931884766,131200
35.900001525878906,36.02999877929688,35.529998779296875,35.58000183105469,35.58000183105469,92700
35.689998626708984,36.02999877929688,35.54999923706055,35.66999816894531,35.66999816894531,109600
35.63999938964844,35.849998474121094,35.29999923706055,35.38999938964844,35.38999938964844,89300
35.43000030517578,35.84000015258789,35.099998474121094,35.70000076293945,35.70000076293945,108700
35.61000061035156,35.61000061035156,35.119998931884766,35.22999954223633,35.22999954223633,187400
35.400001525878906,35.619998931884766,35.34000015258789,35.380001068115234,35.380001068115234,174500
35.380001068115234,35.43000030517578,34.779998779296875,34.95000076293945,34.95000076293945,163100
35.0099983215332,35.459999084472656,34.93000030517578,35.43000030517578,35.43000030517578,135200
35.400001525878906,35.619998931884766,35.29999923706055,35.560001373291016,35.560001373291016,89200
35.52000045776367,35.7400016784668,35.41999816894531,35.599998474121094,35.599998474121094,125900
35.650001525878906,36.0,35.33000183105469,35.43000030517578,35.43000030517578,245800
35.54999923706055,36.61000061035156,35.439998626708984,35.630001068115234,35.630001068115234,521100
36.2400016784668,36.27000045776367,35.310001373291016,35.880001068115234,35.880001068115234,242000
35.75,35.77000045776367,35.16999816894531,35.380001068115234,35.380001068115234,138300
35.47999954223633,36.119998931884766,35.18000030517578,35.88999938964844,35.88999938964844,116200
35.68000030517578,35.689998626708984,35.0099983215332,35.189998626708984,35.189998626708984,164100
34.9900016784668,35.5099983215332,34.63999938964844,35.38999938964844,35.38999938964844,187200
35.380001068115234,35.380001068115234,34.189998626708984,34.279998779296875,34.279998779296875,218400
34.18000030517578,34.18000030517578,33.72999954223633,33.91999816894531,33.91999816894531,258900
33.91999816894531,34.81999969482422,33.91999816894531,34.349998474121094,34.349998474121094,215300
34.36000061035156,34.470001220703125,33.95000076293945,34.130001068115234,34.130001068115234,172700
34.22999954223633,34.5,34.099998474121094,34.18000030517578,34.18000030517578,130900
34.310001373291016,34.470001220703125,34.119998931884766,34.38999938964844,34.38999938964844,75000
34.45000076293945,34.56999969482422,33.459999084472656,33.7599983215332,33.7599983215332,171700
34.0099983215332,34.06999969482422,33.83000183105469,33.95000076293945,33.95000076293945,130700
34.040000915527344,34.060001373291016,33.61000061035156,33.72999954223633,33.72999954223633,154100
33.86000061035156,34.36000061035156,33.68000030517578,34.33000183105469,34.33000183105469,157700
34.279998779296875,34.9900016784668,34.279998779296875,34.689998626708984,34.689998626708984,200100
34.779998779296875,34.86000061035156,34.459999084472656,34.560001373291016,34.560001373291016,97300
34.650001525878906,35.20000076293945,34.650001525878906,35.15999984741211,35.15999984741211,139700
35.439998626708984,35.939998626708984,35.31999969482422,35.79999923706055,35.79999923706055,148600
35.95000076293945,36.54999923706055,35.86000061035156,36.209999084472656,36.209999084472656,191100
35.95000076293945,36.16999816894531,35.65999984741211,35.77000045776367,35.77000045776367,223300
35.779998779296875,35.970001220703125,35.369998931884766,35.470001220703125,35.470001220703125,255700
35.47999954223633,36.0099983215332,35.099998474121094,35.869998931884766,35.869998931884766,589600
36.13999938964844,36.869998931884766,36.11000061035156,36.61000061035156,36.61000061035156,257400
36.7599983215332,36.83000183105469,36.29999923706055,36.380001068115234,36.380001068115234,270800
36.34999847412109,36.58000183105469,36.310001373291016,36.45000076293945,36.45000076293945,227300
36.40999984741211,36.52999877929688,35.84000015258789,35.90999984741211,35.90999984741211,286100
35.75,35.83000183105469,35.2599983215332,35.65999984741211,35.65999984741211,143000
35.75,36.11000061035156,35.7400016784668,35.83000183105469,35.83000183105469,128100
35.75,35.75,35.29999923706055,35.5099983215332,35.5099983215332,146800
35.43000030517578,35.630001068115234,35.209999084472656,35.41999816894531,35.41999816894531,136000
35.2599983215332,35.34000015258789,34.86000061035156,35.27000045776367,35.27000045776367,86000
35.29999923706055,35.70000076293945,35.209999084472656,35.400001525878906,35.400001525878906,86800
35.43000030517578,35.56999969482422,35.20000076293945,35.349998474121094,35.349998474121094,87100
35.56999969482422,35.9900016784668,35.400001525878906,35.59000015258789,35.59000015258789,102000
35.7400016784668,35.75,34.400001525878906,34.849998474121094,34.849998474121094,160900
34.75,34.95000076293945,33.75,34.29999923706055,34.29999923706055,163400
34.20000076293945,34.68000030517578,34.18000030517578,34.34000015258789,34.34000015258789,130600
34.25,34.5,33.81999969482422,34.45000076293945,34.45000076293945,130300
34.22999954223633,34.290000915527344,33.529998779296875,33.650001525878906,33.650001525878906,137700
33.689998626708984,34.02000045776367,33.5099983215332,33.88999938964844,33.88999938964844,82800
33.810001373291016,33.970001220703125,33.65999984741211,33.709999084472656,33.709999084472656,130600
33.70000076293945,33.91999816894531,33.290000915527344,33.77000045776367,33.77000045776367,147500
33.7400016784668,34.0,33.599998474121094,33.779998779296875,33.779998779296875,190900
34.0,34.779998779296875,33.75,34.540000915527344,34.540000915527344,177500
34.41999816894531,34.77000045776367,33.84000015258789,33.970001220703125,33.970001220703125,251200
34.13999938964844,34.63999938964844,34.13999938964844,34.52000045776367,34.52000045776367,122700
34.29999923706055,34.790000915527344,33.97999954223633,34.040000915527344,34.040000915527344,173900
33.959999084472656,34.290000915527344,33.779998779296875,34.290000915527344,34.290000915527344,306700
34.2599983215332,34.689998626708984,34.08000183105469,34.33000183105469,34.33000183105469,185400
34.189998626708984,34.45000076293945,33.65999984741211,33.900001525878906,33.900001525878906,201300
33.849998474121094,34.13999938964844,33.529998779296875,33.77000045776367,33.77000045776367,108900
33.939998626708984,34.22999954223633,33.66999816894531,33.869998931884766,33.869998931884766,151600
33.68000030517578,33.970001220703125,33.560001373291016,33.83000183105469,33.83000183105469,133100
33.45000076293945,33.849998474121094,33.29999923706055,33.66999816894531,33.66999816894531,178600
33.95000076293945,33.95000076293945,33.41999816894531,33.63999938964844,33.63999938964844,102400
33.599998474121094,33.720001220703125,32.2400016784668,32.790000915527344,32.790000915527344,474400
32.93000030517578,33.83000183105469,32.77000045776367,33.4900016784668,33.4900016784668,211400
33.31999969482422,33.36000061035156,32.54999923706055,32.709999084472656,32.709999084472656,290700
32.849998474121094,33.220001220703125,32.7599983215332,33.09000015258789,33.09000015258789,138500
33.20000076293945,33.650001525878906,33.040000915527344,33.36000061035156,33.36000061035156,194600
33.31999969482422,33.88999938964844,33.16999816894531,33.83000183105469,33.83000183105469,190100
33.97999954223633,34.65999984741211,33.84000015258789,34.54999923706055,34.54999923706055,162600
34.630001068115234,34.720001220703125,33.65999984741211,34.040000915527344,34.040000915527344,162200
34.0099983215332,34.439998626708984,33.91999816894531,34.029998779296875,34.029998779296875,89800
34.119998931884766,34.75,34.029998779296875,34.349998474121094,34.349998474121094,141700
34.34000015258789,34.349998474121094,33.689998626708984,33.86000061035156,33.86000061035156,198300
33.650001525878906,34.4900016784668,33.650001525878906,34.349998474121094,34.349998474121094,126800
34.68000030517578,35.11000061035156,34.400001525878906,34.72999954223633,34.72999954223633,137600
34.599998474121094,35.18000030517578,34.470001220703125,34.95000076293945,34.95000076293945,129600
35.06999969482422,35.31999969482422,34.650001525878906,35.189998626708984,35.189998626708984,132800
35.16999816894531,35.790000915527344,35.15999984741211,35.5099983215332,35.5099983215332,149100
35.560001373291016,35.56999969482422,34.70000076293945,34.849998474121094,34.849998474121094,205300
34.880001068115234,35.02000045776367,34.40999984741211,34.86000061035156,34.86000061035156,280700
34.9900016784668,35.970001220703125,34.779998779296875,35.59000015258789,35.59000015258789,269100
35.7599983215332,36.470001220703125,35.720001220703125,36.209999084472656,36.209999084472656,310200
36.15999984741211,36.81999969482422,35.84000015258789,36.27999877929688,36.27999877929688,388000
36.61000061035156,37.04999923706055,36.369998931884766,36.7400016784668,36.7400016784668,282500
36.86000061035156,36.95000076293945,36.38999938964844,36.68000030517578,36.68000030517578,189600
36.63999938964844,36.650001525878906,36.0099983215332,36.18999862670898,36.18999862670898,383500
36.4900016784668,36.75,36.27999877929688,36.540000915527344,36.540000915527344,196800
36.52999877929688,36.790000915527344,36.220001220703125,36.38999938964844,36.38999938964844,205200
36.52000045776367,36.70000076293945,35.97999954223633,36.52999877929688,36.52999877929688,201700
36.4900016784668,36.90999984741211,36.27999877929688,36.709999084472656,36.709999084472656,119300
36.59000015258789,37.0,36.58000183105469,36.650001525878906,36.650001525878906,82600
36.630001068115234,37.11000061035156,36.5099983215332,36.72999954223633,36.72999954223633,158100
36.65999984741211,36.86000061035156,36.209999084472656,36.34000015258789,36.34000015258789,145600
36.2400016784668,36.959999084472656,36.04999923706055,36.869998931884766,36.869998931884766,189800
36.88999938964844,37.2400016784668,35.84000015258789,36.040000915527344,36.040000915527344,187200
36.060001373291016,36.77000045776367,36.060001373291016,36.709999084472656,36.709999084472656,161700
36.59000015258789,36.66999816894531,35.310001373291016,35.93000030517578,35.93000030517578,158900
35.66999816894531,36.130001068115234,35.279998779296875,35.83000183105469,35.83000183105469,107700
35.720001220703125,36.11000061035156,35.27000045776367,35.630001068115234,35.630001068115234,225500
35.650001525878906,36.20000076293945,35.349998474121094,35.79999923706055,35.79999923706055,129400
35.650001525878906,35.7599983215332,34.880001068115234,34.91999816894531,34.91999816894531,123000
34.97999954223633,35.439998626708984,34.31999969482422,34.84000015258789,34.84000015258789,122300
34.70000076293945,35.65999984741211,34.459999084472656,35.34000015258789,35.34000015258789,182200
35.5,36.619998931884766,35.439998626708984,36.34000015258789,36.34000015258789,481100
36.5,37.18999862670898,36.27000045776367,37.18000030517578,37.18000030517578,373900
37.27999877929688,38.20000076293945,37.13999938964844,38.09000015258789,38.09000015258789,264000
38.09000015258789,38.47999954223633,37.880001068115234,38.27000045776367,38.27000045776367,206400
38.290000915527344,38.709999084472656,37.720001220703125,38.54999923706055,38.54999923706055,131700
38.61000061035156,39.11000061035156,38.380001068115234,38.38999938964844,38.38999938964844,105200
38.40999984741211,38.88999938964844,38.40999984741211,38.709999084472656,38.709999084472656,48700
38.650001525878906,38.91999816894531,38.02000045776367,38.75,38.75,193300
38.709999084472656,39.09999847412109,38.310001373291016,38.41999816894531,38.41999816894531,156200
38.59999847412109,38.81999969482422,38.060001373291016,38.15999984741211,38.15999984741211,127900
38.08000183105469,38.81999969482422,37.619998931884766,37.900001525878906,37.900001525878906,199400
37.130001068115234,37.52999877929688,36.93000030517578,37.470001220703125,37.470001220703125,231200
37.38999938964844,37.63999938964844,36.34000015258789,36.900001525878906,36.900001525878906,422900
36.970001220703125,37.380001068115234,36.81999969482422,37.09000015258789,37.09000015258789,209600
37.34999847412109,38.02999877929688,37.34999847412109,37.88999938964844,37.88999938964844,212900
38.0099983215332,38.380001068115234,37.380001068115234,37.619998931884766,37.619998931884766,169700
37.63999938964844,37.95000076293945,36.58000183105469,36.810001373291016,36.810001373291016,224400
37.0,37.90999984741211,36.86000061035156,37.31999969482422,37.31999969482422,187900
37.290000915527344,37.380001068115234,36.31999969482422,36.9900016784668,36.9900016784668,138100
37.630001068115234,38.36000061035156,37.040000915527344,37.9900016784668,37.9900016784668,362600
37.88999938964844,39.09999847412109,37.630001068115234,38.93999862670898,38.93999862670898,258400
38.90999984741211,39.06999969482422,38.18000030517578,38.5099983215332,38.5099983215332,205500
38.86000061035156,39.0099983215332,37.93999862670898,38.38999938964844,38.38999938964844,223100
38.470001220703125,39.13999938964844,38.25,38.709999084472656,38.709999084472656,180500
38.720001220703125,39.13999938964844,38.59000015258789,38.900001525878906,38.900001525878906,333100
38.810001373291016,39.40999984741211,38.540000915527344,38.68999862670898,38.68999862670898,207100
38.34999847412109,38.34999847412109,37.400001525878906,37.83000183105469,37.83000183105469,349600
37.810001373291016,40.68000030517578,37.79999923706055,38.68000030517578,38.68000030517578,563100
38.459999084472656,39.900001525878906,38.43000030517578,39.540000915527344,39.540000915527344,375200
39.09000015258789,40.41999816894531,38.7400016784668,39.59999847412109,39.59999847412109,390000
39.81999969482422,40.650001525878906,39.560001373291016,39.810001373291016,39.810001373291016,351600
40.040000915527344,40.400001525878906,39.5099983215332,39.880001068115234,39.880001068115234,247400
39.65999984741211,40.400001525878906,39.43999862670898,40.18999862670898,40.18999862670898,350800
40.400001525878906,41.16999816894531,40.04999923706055,40.93000030517578,40.93000030517578,240800
41.09999847412109,41.619998931884766,40.95000076293945,41.27999877929688,41.27999877929688,459600
41.29999923706055,41.52999877929688,40.790000915527344,41.380001068115234,41.380001068115234,192300
41.65999984741211,42.790000915527344,41.65999984741211,42.2400016784668,42.2400016784668,295800
42.18999862670898,43.27000045776367,41.0,41.47999954223633,41.47999954223633,429500
41.84000015258789,42.4900016784668,41.75,41.84999847412109,41.84999847412109,207400
42.04999923706055,42.41999816894531,41.83000183105469,41.900001525878906,41.900001525878906,252800
41.59999847412109,42.2400016784668,41.34999847412109,41.93000030517578,41.93000030517578,328700
41.68000030517578,42.09000015258789,41.400001525878906,41.7599983215332,41.7599983215332,219200
41.31999969482422,41.75,41.27999877929688,41.41999816894531,41.41999816894531,201600
41.41999816894531,41.810001373291016,41.290000915527344,41.61000061035156,41.61000061035156,132800
41.68999862670898,44.56999969482422,41.68999862670898,44.09000015258789,44.09000015258789,525800
44.43999862670898,45.720001220703125,43.11000061035156,43.220001220703125,43.220001220703125,876000
43.75,44.34000015258789,43.09999847412109,43.09999847412109,43.09999847412109,332100
42.970001220703125,43.619998931884766,42.84999847412109,43.27000045776367,43.27000045776367,180400
43.31999969482422,43.43000030517578,41.790000915527344,41.810001373291016,41.810001373291016,545400
41.810001373291016,43.02000045776367,41.56999969482422,42.869998931884766,42.869998931884766,322500
43.209999084472656,43.27000045776367,42.11000061035156,42.18000030517578,42.18000030517578,187200
42.02000045776367,42.59999847412109,41.34999847412109,42.59000015258789,42.59000015258789,322600
42.59000015258789,42.91999816894531,42.380001068115234,42.56999969482422,42.56999969482422,267900
42.34000015258789,42.84000015258789,41.7400016784668,41.959999084472656,41.959999084472656,320300
41.90999984741211,42.709999084472656,41.90999984741211,42.47999954223633,42.47999954223633,238200
42.22999954223633,42.66999816894531,41.86000061035156,41.86000061035156,41.86000061035156,266800
41.869998931884766,42.400001525878906,41.619998931884766,41.88999938964844,41.88999938964844,176300
42.380001068115234,42.970001220703125,42.34999847412109,42.619998931884766,42.619998931884766,321500
42.40999984741211,42.56999969482422,41.790000915527344,42.29999923706055,42.29999923706055,232700
42.34999847412109,43.459999084472656,42.22999954223633,43.2400016784668,43.2400016784668,269600
43.040000915527344,43.5,42.66999816894531,43.310001373291016,43.310001373291016,172900
43.310001373291016,44.33000183105469,43.09000015258789,44.0099983215332,44.0099983215332,224100
43.68000030517578,43.91999816894531,43.33000183105469,43.45000076293945,43.45000076293945,595100
44.040000915527344,44.04999923706055,43.43000030517578,43.4900016784668,43.4900016784668,243200
43.47999954223633,43.70000076293945,43.20000076293945,43.40999984741211,43.40999984741211,254000
43.4900016784668,44.0,43.380001068115234,43.77999877929688,43.77999877929688,194900
43.77000045776367,43.790000915527344,42.34999847412109,42.66999816894531,42.66999816894531,224400
42.290000915527344,43.59999847412109,42.25,43.34999847412109,43.34999847412109,275700
43.209999084472656,43.470001220703125,42.84999847412109,43.11000061035156,43.11000061035156,602000
43.09000015258789,43.40999984741211,42.59999847412109,42.66999816894531,42.66999816894531,582400
42.18000030517578,42.630001068115234,41.77000045776367,42.45000076293945,42.45000076293945,241600
42.27999877929688,42.63999938964844,41.790000915527344,42.47999954223633,42.47999954223633,473600
42.20000076293945,43.09000015258789,42.15999984741211,43.0099983215332,43.0099983215332,450500
42.7400016784668,43.5,42.7400016784668,43.25,43.25,164400
43.060001373291016,44.33000183105469,43.060001373291016,43.970001220703125,43.970001220703125,385000
44.209999084472656,45.060001373291016,44.09999847412109,44.11000061035156,44.11000061035156,610300
44.0099983215332,44.77999877929688,43.869998931884766,44.130001068115234,44.130001068115234,651900
44.150001525878906,44.7400016784668,44.150001525878906,44.540000915527344,44.540000915527344,320600
44.27000045776367,45.5099983215332,44.27000045776367,45.47999954223633,45.47999954223633,378700
45.7400016784668,46.0,45.310001373291016,45.47999954223633,45.47999954223633,555700
45.380001068115234,46.09999847412109,45.16999816894531,46.02999877929688,46.02999877929688,343200
46.13999938964844,46.29999923706055,45.95000076293945,46.06999969482422,46.06999969482422,458800
45.84999847412109,45.91999816894531,44.88999938964844,45.130001068115234,45.130001068115234,318100
45.209999084472656,45.7400016784668,44.810001373291016,45.08000183105469,45.08000183105469,246100
45.0099983215332,45.43000030517578,45.0099983215332,45.400001525878906,45.400001525878906,151100
45.4900016784668,45.84999847412109,45.209999084472656,45.720001220703125,45.720001220703125,201800
45.52000045776367,46.060001373291016,45.38999938964844,45.970001220703125,45.970001220703125,238100
45.97999954223633,46.18999862670898,45.27999877929688,45.66999816894531,45.66999816894531,226100
45.869998931884766,45.869998931884766,44.4900016784668,44.79999923706055,44.79999923706055,512100
44.459999084472656,44.75,43.84999847412109,44.59000015258789,44.59000015258789,522300
43.720001220703125,43.81999969482422,42.66999816894531,43.0,43.0,733500
42.47999954223633,42.560001373291016,41.61000061035156,42.06999969482422,42.06999969482422,492800
41.93999862670898,42.619998931884766,41.720001220703125,42.43999862670898,42.43999862670898,253100
42.59999847412109,43.209999084472656,42.040000915527344,42.5099983215332,42.5099983215332,254900
42.66999816894531,42.7599983215332,42.27999877929688,42.4900016784668,42.4900016784668,189700
42.810001373291016,42.83000183105469,42.31999969482422,42.540000915527344,42.540000915527344,154400
42.36000061035156,42.95000076293945,42.150001525878906,42.790000915527344,42.790000915527344,207200
43.34000015258789,43.56999969482422,42.9900016784668,43.43000030517578,43.43000030517578,246700
43.36000061035156,43.720001220703125,43.060001373291016,43.150001525878906,43.150001525878906,195500
43.11000061035156,43.38999938964844,42.90999984741211,43.06999969482422,43.06999969482422,187200
43.13999938964844,43.4900016784668,42.7599983215332,42.86000061035156,42.86000061035156,194100
43.040000915527344,43.59000015258789,42.95000076293945,43.27999877929688,43.27999877929688,212400
43.18999862670898,44.290000915527344,43.02999877929688,44.27000045776367,44.27000045776367,221700
44.06999969482422,44.2599983215332,43.77000045776367,44.18000030517578,44.18000030517578,113100
43.95000076293945,45.25,43.84000015258789,45.09000015258789,45.09000015258789,398300
44.93999862670898,45.02000045776367,43.36000061035156,43.400001525878906,43.400001525878906,375200
43.310001373291016,43.68999862670898,42.959999084472656,43.5,43.5,260200
43.45000076293945,43.54999923706055,43.18999862670898,43.33000183105469,43.33000183105469,120000
42.86000061035156,43.02000045776367,42.459999084472656,42.54999923706055,42.54999923706055,158300
42.52000045776367,42.61000061035156,42.29999923706055,42.34000015258789,42.34000015258789,156300
42.13999938964844,42.5099983215332,42.02000045776367,42.31999969482422,42.31999969482422,110100
42.04999923706055,42.5,41.540000915527344,42.380001068115234,42.380001068115234,209700
42.33000183105469,42.34999847412109,41.63999938964844,42.16999816894531,42.16999816894531,158600
43.060001373291016,43.45000076293945,41.7599983215332,42.43000030517578,42.43000030517578,181400
42.27000045776367,43.08000183105469,41.93999862670898,42.9900016784668,42.9900016784668,178400
42.77000045776367,43.18999862670898,42.36000061035156,42.540000915527344,42.540000915527344,191700
42.310001373291016,42.43999862670898,41.7599983215332,42.38999938964844,42.38999938964844,156900
42.27000045776367,42.27000045776367,40.77999877929688,41.25,41.25,236800
41.209999084472656,41.970001220703125,41.0099983215332,41.869998931884766,41.869998931884766,209200
42.119998931884766,43.040000915527344,41.959999084472656,42.93000030517578,42.93000030517578,187000
42.93000030517578,42.959999084472656,42.150001525878906,42.68000030517578,42.68000030517578,136000
42.290000915527344,42.84999847412109,42.290000915527344,42.790000915527344,42.790000915527344,123600
42.38999938964844,42.52000045776367,41.88999938964844,42.2400016784668,42.2400016784668,131300
42.15999984741211,42.18999862670898,41.709999084472656,41.91999816894531,41.91999816894531,142300
41.88999938964844,42.040000915527344,41.369998931884766,41.9900016784668,41.9900016784668,135600
42.13999938964844,42.20000076293945,41.290000915527344,41.52999877929688,41.52999877929688,226000
41.16999816894531,41.459999084472656,40.47999954223633,40.5099983215332,40.5099983215332,374100
40.65999984741211,41.810001373291016,40.65999984741211,41.400001525878906,41.400001525878906,140000
41.52999877929688,41.650001525878906,40.869998931884766,40.97999954223633,40.97999954223633,119900
40.93999862670898,41.150001525878906,40.619998931884766,40.72999954223633,40.72999954223633,81100
40.93000030517578,41.560001373291016,40.93000030517578,41.40999984741211,41.40999984741211,221800
41.400001525878906,41.630001068115234,41.16999816894531,41.56999969482422,41.56999969482422,212300
41.02999877929688,41.09000015258789,39.720001220703125,39.790000915527344,39.790000915527344,201200
39.75,39.880001068115234,38.93000030517578,39.08000183105469,39.08000183105469,263200
39.34000015258789,39.66999816894531,38.9900016784668,39.290000915527344,39.290000915527344,123200
39.290000915527344,39.97999954223633,38.41999816894531,39.84000015258789,39.84000015258789,261800
39.040000915527344,39.959999084472656,39.040000915527344,39.540000915527344,39.540000915527344,173500
39.34000015258789,39.400001525878906,38.150001525878906,39.27999877929688,39.27999877929688,194900
38.970001220703125,39.18999862670898,37.88999938964844,38.20000076293945,38.20000076293945,196200
38.61000061035156,39.27000045776367,38.09000015258789,38.15999984741211,38.15999984741211,160800
38.7400016784668,39.02999877929688,38.58000183105469,38.93000030517578,38.93000030517578,206500
39.02999877929688,39.84999847412109,38.97999954223633,39.790000915527344,39.790000915527344,182000
39.81999969482422,40.5099983215332,39.61000061035156,40.400001525878906,40.400001525878906,241800
40.36000061035156,40.36000061035156,39.459999084472656,39.65999984741211,39.65999984741211,210000
39.90999984741211,40.43999862670898,39.880001068115234,40.290000915527344,40.290000915527344,132900
40.33000183105469,40.33000183105469,40.040000915527344,40.25,40.25,170100
40.31999969482422,40.83000183105469,40.220001220703125,40.31999969482422,40.31999969482422,247900
40.220001220703125,40.34000015258789,39.75,39.91999816894531,39.91999816894531,113400
39.58000183105469,39.65999984741211,39.02999877929688,39.08000183105469,39.08000183105469,278900
39.18999862670898,39.459999084472656,38.79999923706055,39.02999877929688,39.02999877929688,168100
39.0099983215332,39.36000061035156,38.68999862670898,38.90999984741211,38.90999984741211,171400
38.54999923706055,38.84999847412109,38.33000183105469,38.4900016784668,38.4900016784668,159300
38.650001525878906,38.88999938964844,38.02000045776367,38.79999923706055,38.79999923706055,164600
37.810001373291016,37.91999816894531,36.58000183105469,37.27999877929688,37.27999877929688,430600
36.93000030517578,37.36000061035156,36.650001525878906,37.18000030517578,37.18000030517578,348100
37.369998931884766,37.61000061035156,37.09000015258789,37.34000015258789,37.34000015258789,199300
37.130001068115234,37.619998931884766,37.060001373291016,37.27000045776367,37.27000045776367,204000
37.58000183105469,37.59999847412109,37.040000915527344,37.58000183105469,37.58000183105469,525300
37.79999923706055,38.61000061035156,37.7400016784668,38.11000061035156,38.11000061035156,345700
38.15999984741211,38.209999084472656,37.540000915527344,38.119998931884766,38.119998931884766,347800
37.970001220703125,38.08000183105469,37.27000045776367,38.02999877929688,38.02999877929688,300800
38.119998931884766,38.29999923706055,37.72999954223633,37.93999862670898,37.93999862670898,328900
37.59999847412109,37.68999862670898,36.400001525878906,37.43000030517578,37.43000030517578,290000
37.43000030517578,37.72999954223633,36.36000061035156,37.63999938964844,37.63999938964844,202200
37.560001373291016,37.84999847412109,37.25,37.63999938964844,37.63999938964844,166100
37.59000015258789,38.869998931884766,37.54999923706055,38.58000183105469,38.58000183105469,239500
38.38999938964844,38.4900016784668,37.65999984741211,38.400001525878906,38.400001525878906,175000
38.36000061035156,38.86000061035156,37.959999084472656,38.119998931884766,38.119998931884766,240600
38.02999877929688,38.15999984741211,37.13999938964844,37.52000045776367,37.52000045776367,213600
37.25,37.25,36.25,36.380001068115234,36.380001068115234,228700
35.849998474121094,36.970001220703125,35.5,35.59000015258789,35.59000015258789,385500
32.66999816894531,34.529998779296875,31.989999771118164,34.529998779296875,34.529998779296875,471400
35.630001068115234,35.65999984741211,34.59000015258789,34.68000030517578,34.68000030517578,227600
35.189998626708984,36.470001220703125,35.02000045776367,36.38999938964844,36.38999938964844,277600
36.810001373291016,37.58000183105469,36.25,37.560001373291016,37.560001373291016,271100
37.2599983215332,37.68999862670898,36.970001220703125,37.560001373291016,37.560001373291016,222300
37.400001525878906,37.65999984741211,36.66999816894531,36.93999862670898,36.93999862670898,201500
36.29999923706055,36.869998931884766,36.060001373291016,36.20000076293945,36.20000076293945,191800
36.61000061035156,37.20000076293945,36.18999862670898,36.650001525878906,36.650001525878906,313900
36.77999877929688,36.900001525878906,36.34000015258789,36.41999816894531,36.41999816894531,451500
35.88999938964844,36.459999084472656,35.779998779296875,35.88999938964844,35.88999938964844,275800
36.41999816894531,37.08000183105469,36.400001525878906,36.95000076293945,36.95000076293945,317300
37.09999847412109,37.43999862670898,36.18999862670898,36.22999954223633,36.22999954223633,245700
36.11000061035156,36.68999862670898,36.11000061035156,36.27999877929688,36.27999877929688,146900
36.0,36.40999984741211,35.880001068115234,36.13999938964844,36.13999938964844,228200
36.13999938964844,36.20000076293945,35.61000061035156,36.060001373291016,36.060001373291016,155300
36.150001525878906,36.150001525878906,35.66999816894531,35.79999923706055,35.79999923706055,219300
35.869998931884766,36.20000076293945,35.86000061035156,36.0099983215332,36.0099983215332,287500
35.869998931884766,36.36000061035156,35.630001068115234,35.810001373291016,35.810001373291016,299600
35.529998779296875,36.43000030517578,35.529998779296875,36.18999862670898,36.18999862670898,285000
36.310001373291016,37.2599983215332,36.27000045776367,36.900001525878906,36.900001525878906,268600
36.400001525878906,36.5099983215332,35.56999969482422,36.310001373291016,36.310001373291016,174400
36.2400016784668,36.43999862670898,35.65999984741211,35.75,35.75,167700
35.33000183105469,35.900001525878906,34.83000183105469,35.560001373291016,35.560001373291016,185900
35.95000076293945,36.47999954223633,35.5,35.88999938964844,35.88999938964844,300000
35.720001220703125,35.77000045776367,35.040000915527344,35.08000183105469,35.08000183105469,141300
35.04999923706055,35.540000915527344,34.84000015258789,35.220001220703125,35.220001220703125,244200
35.63999938964844,36.27000045776367,35.540000915527344,36.209999084472656,36.209999084472656,204400
36.34000015258789,36.4900016784668,35.380001068115234,35.970001220703125,35.970001220703125,288800
35.65999984741211,36.88999938964844,35.58000183105469,36.7599983215332,36.7599983215332,239500
37.040000915527344,37.40999984741211,36.93000030517578,37.220001220703125,37.220001220703125,151000
37.06999969482422,37.130001068115234,36.33000183105469,36.630001068115234,36.630001068115234,169000
36.81999969482422,37.02000045776367,36.41999816894531,36.91999816894531,36.91999816894531,183300
36.790000915527344,37.220001220703125,36.43000030517578,36.959999084472656,36.959999084472656,144300
36.91999816894531,37.27999877929688,36.790000915527344,37.119998931884766,37.119998931884766,115300
37.02999877929688,37.34000015258789,36.790000915527344,37.16999816894531,37.16999816894531,74300
36.83000183105469,37.58000183105469,36.75,36.95000076293945,36.95000076293945,119500
36.79999923706055,37.220001220703125,36.79999923706055,37.0,37.0,173300
37.09999847412109,37.400001525878906,37.02000045776367,37.22999954223633,37.22999954223633,86500
37.25,37.25,36.70000076293945,36.86000061035156,36.86000061035156,173200
36.52000045776367,36.79999923706055,36.47999954223633,36.61000061035156,36.61000061035156,199300
36.59999847412109,37.2400016784668,36.52000045776367,36.75,36.75,189200
36.810001373291016,37.22999954223633,36.790000915527344,36.86000061035156,36.86000061035156,153100
37.060001373291016,38.459999084472656,37.060001373291016,38.060001373291016,38.060001373291016,236000
38.22999954223633,38.560001373291016,37.29999923706055,37.470001220703125,37.470001220703125,209600
37.52999877929688,37.619998931884766,36.7400016784668,36.84000015258789,36.84000015258789,153800
36.63999938964844,37.369998931884766,36.5099983215332,36.56999969482422,36.56999969482422,138100
36.56999969482422,37.400001525878906,36.56999969482422,36.900001525878906,36.900001525878906,96400
36.66999816894531,37.13999938964844,36.41999816894531,37.02999877929688,37.02999877929688,122700
37.02999877929688,37.400001525878906,36.7400016784668,37.13999938964844,37.13999938964844,198500
37.0,38.0099983215332,36.84000015258789,37.77999877929688,37.77999877929688,250600
37.56999969482422,39.060001373291016,37.36000061035156,38.93000030517578,38.93000030517578,263500
39.18000030517578,41.29999923706055,39.09999847412109,40.2599983215332,40.2599983215332,543600
40.22999954223633,41.02000045776367,40.150001525878906,40.43999862670898,40.43999862670898,305500
40.130001068115234,40.369998931884766,39.4900016784668,39.790000915527344,39.790000915527344,208100
39.58000183105469,40.13999938964844,39.459999084472656,39.630001068115234,39.630001068115234,178800
39.52999877929688,39.52999877929688,38.72999954223633,38.83000183105469,38.83000183105469,290100
41.25,41.29999923706055,40.2400016784668,40.61000061035156,40.61000061035156,676500
40.93999862670898,40.93999862670898,40.02999877929688,40.54999923706055,40.54999923706055,632600
40.27999877929688,40.7599983215332,40.27000045776367,40.72999954223633,40.72999954223633,431700
39.97999954223633,42.45000076293945,39.97999954223633,42.380001068115234,42.380001068115234,357700
42.33000183105469,42.43000030517578,41.630001068115234,41.63999938964844,41.63999938964844,255600
41.5,41.95000076293945,41.04999923706055,41.84000015258789,41.84000015258789,203400
41.970001220703125,42.5,41.959999084472656,42.380001068115234,42.380001068115234,133600
42.40999984741211,42.70000076293945,42.27999877929688,42.61000061035156,42.61000061035156,203000
42.29999923706055,42.93000030517578,42.29999923706055,42.75,42.75,161100
42.58000183105469,43.04999923706055,42.459999084472656,42.93999862670898,42.93999862670898,191100
43.02000045776367,43.790000915527344,42.79999923706055,43.52000045776367,43.52000045776367,203900
43.2400016784668,43.47999954223633,42.619998931884766,43.060001373291016,43.060001373291016,176900
42.86000061035156,43.720001220703125,42.86000061035156,43.5,43.5,167000
43.25,44.470001220703125,43.22999954223633,44.09999847412109,44.09999847412109,287900
43.93999862670898,44.15999984741211,43.18000030517578,43.220001220703125,43.220001220703125,235200
43.31999969482422,43.43000030517578,41.97999954223633,42.34000015258789,42.34000015258789,286700
42.13999938964844,43.02000045776367,42.13999938964844,42.880001068115234,42.880001068115234,170800
42.52999877929688,42.52999877929688,41.900001525878906,42.310001373291016,42.310001373291016,157100
41.709999084472656,42.22999954223633,41.119998931884766,42.16999816894531,42.16999816894531,157900
41.869998931884766,42.34999847412109,40.90999984741211,41.20000076293945,41.20000076293945,201500
41.22999954223633,42.5,41.02000045776367,42.25,42.25,198200
41.880001068115234,42.13999938964844,40.52000045776367,40.88999938964844,40.88999938964844,236200
40.86000061035156,41.2400016784668,40.709999084472656,41.08000183105469,41.08000183105469,179300
41.41999816894531,41.81999969482422,41.08000183105469,41.7599983215332,41.7599983215332,191800
41.7599983215332,41.7599983215332,40.709999084472656,41.29999923706055,41.29999923706055,309900
41.13999938964844,41.40999984741211,40.70000076293945,40.77000045776367,40.77000045776367,139200
40.54999923706055,40.86000061035156,39.59999847412109,39.70000076293945,39.70000076293945,454500
40.0,40.470001220703125,39.56999969482422,39.90999984741211,39.90999984741211,281600
40.02999877929688,40.150001525878906,39.52999877929688,39.790000915527344,39.790000915527344,148000
39.9900016784668,40.630001068115234,39.720001220703125,40.470001220703125,40.470001220703125,148000
40.52000045776367,40.79999923706055,40.43999862670898,40.5,40.5,34500
40.2599983215332,40.369998931884766,40.06999969482422,40.369998931884766,40.369998931884766,49300
40.5099983215332,41.13999938964844,40.40999984741211,41.02000045776367,41.02000045776367,261800
40.90999984741211,41.0,40.54999923706055,40.61000061035156,40.61000061035156,250900
40.400001525878906,40.52999877929688,39.90999984741211,40.02999877929688,40.02999877929688,164500
39.119998931884766,39.22999954223633,38.43999862670898,38.86000061035156,38.86000061035156,222900
38.970001220703125,39.290000915527344,38.77999877929688,39.06999969482422,39.06999969482422,187500
38.20000076293945,38.68999862670898,37.63999938964844,38.459999084472656,38.459999084472656,218400
37.88999938964844,38.15999984741211,37.36000061035156,37.619998931884766,37.619998931884766,158700
37.77000045776367,38.470001220703125,37.59999847412109,37.66999816894531,37.66999816894531,236500
37.880001068115234,38.16999816894531,37.18000030517578,37.47999954223633,37.47999954223633,136400
37.790000915527344,38.58000183105469,37.790000915527344,38.52000045776367,38.52000045776367,142100
38.52000045776367,38.68000030517578,37.56999969482422,37.790000915527344,37.790000915527344,221200
37.959999084472656,38.18000030517578,37.43999862670898,38.060001373291016,38.060001373291016,374100
36.790000915527344,37.4900016784668,36.790000915527344,37.2599983215332,37.2599983215332,255300
37.040000915527344,37.72999954223633,36.7599983215332,37.27000045776367,37.27000045776367,307800
36.68999862670898,37.619998931884766,36.040000915527344,37.310001373291016,37.310001373291016,284800
37.4900016784668,37.90999984741211,36.880001068115234,37.68000030517578,37.68000030517578,285700
38.52000045776367,38.83000183105469,38.380001068115234,38.75,38.75,306500
38.59000015258789,39.06999969482422,38.15999984741211,38.630001068115234,38.630001068115234,293200
38.83000183105469,39.81999969482422,38.65999984741211,39.45000076293945,39.45000076293945,377300
40.0,42.5,40.0,40.93000030517578,40.93000030517578,626000
41.59000015258789,42.63999938964844,41.150001525878906,42.560001373291016,42.560001373291016,430900
42.65999984741211,42.97999954223633,42.13999938964844,42.900001525878906,42.900001525878906,328100
42.380001068115234,43.400001525878906,42.34000015258789,43.310001373291016,43.310001373291016,281700
42.43999862670898,43.40999984741211,42.34000015258789,43.33000183105469,43.33000183105469,444400
43.7400016784668,44.380001068115234,43.0,44.15999984741211,44.15999984741211,569300
44.02000045776367,44.68000030517578,43.70000076293945,43.93999862670898,43.93999862670898,301500
43.52000045776367,43.77999877929688,41.5099983215332,41.540000915527344,41.540000915527344,382400
40.77000045776367,41.150001525878906,39.81999969482422,40.38999938964844,40.38999938964844,382100
39.86000061035156,41.70000076293945,39.77999877929688,41.209999084472656,41.209999084472656,494100
41.36000061035156,41.95000076293945,40.810001373291016,40.90999984741211,40.90999984741211,162600
40.150001525878906,40.27000045776367,39.369998931884766,40.13999938964844,40.13999938964844,432500
40.41999816894531,40.560001373291016,39.900001525878906,40.0099983215332,40.0099983215332,242100
40.29999923706055,40.869998931884766,39.91999816894531,40.66999816894531,40.66999816894531,320100
41.16999816894531,41.959999084472656,41.130001068115234,41.63999938964844,41.63999938964844,369600
41.77999877929688,42.09999847412109,41.63999938964844,41.72999954223633,41.72999954223633,343500
41.459999084472656,41.84000015258789,40.880001068115234,41.720001220703125,41.720001220703125,250900
42.220001220703125,42.5099983215332,41.79999923706055,41.84999847412109,41.84999847412109,276400
41.540000915527344,42.119998931884766,41.540000915527344,41.880001068115234,41.880001068115234,164700
41.22999954223633,41.720001220703125,40.459999084472656,41.59999847412109,41.59999847412109,177700
41.720001220703125,41.84000015258789,41.09000015258789,41.709999084472656,41.709999084472656,115200
41.88999938964844,42.27000045776367,41.72999954223633,41.900001525878906,41.900001525878906,280300
41.79999923706055,42.36000061035156,41.54999923706055,41.79999923706055,41.79999923706055,187500
42.11000061035156,42.95000076293945,42.04999923706055,42.900001525878906,42.900001525878906,192800
42.650001525878906,43.209999084472656,41.77000045776367,43.08000183105469,43.08000183105469,301200
42.970001220703125,43.5,42.88999938964844,43.27000045776367,43.27000045776367,529600
43.29999923706055,43.40999984741211,42.34000015258789,42.5,42.5,241000
42.20000076293945,43.0,42.20000076293945,42.459999084472656,42.459999084472656,224500
42.20000076293945,42.93999862670898,42.06999969482422,42.27999877929688,42.27999877929688,171500
42.41999816894531,43.959999084472656,42.34999847412109,43.77999877929688,43.77999877929688,310000
43.810001373291016,43.810001373291016,42.47999954223633,42.869998931884766,42.869998931884766,171500
43.43999862670898,43.97999954223633,43.25,43.4900016784668,43.4900016784668,178000
43.16999816894531,43.43000030517578,42.93000030517578,43.2400016784668,43.2400016784668,101000
42.959999084472656,43.5,42.880001068115234,43.34999847412109,43.34999847412109,223200
43.220001220703125,44.619998931884766,43.220001220703125,44.40999984741211,44.40999984741211,172000
44.59999847412109,45.5,44.470001220703125,45.2400016784668,45.2400016784668,228600
45.06999969482422,45.25,44.43999862670898,44.47999954223633,44.47999954223633,201100
44.36000061035156,45.88999938964844,44.36000061035156,45.7599983215332,45.7599983215332,196100
45.52000045776367,46.27000045776367,45.43000030517578,45.900001525878906,45.900001525878906,316800
45.9900016784668,46.290000915527344,45.5,46.0,46.0,186300
45.52000045776367,46.18999862670898,45.209999084472656,46.04999923706055,46.04999923706055,196600
45.880001068115234,46.29999923706055,45.81999969482422,46.220001220703125,46.220001220703125,173500
46.09000015258789,47.369998931884766,46.02000045776367,47.04999923706055,47.04999923706055,159900
47.220001220703125,47.869998931884766,47.119998931884766,47.63999938964844,47.63999938964844,276400
47.86000061035156,48.33000183105469,47.72999954223633,47.77999877929688,47.77999877929688,214400
47.310001373291016,48.02000045776367,47.11000061035156,47.9900016784668,47.9900016784668,212000
47.900001525878906,48.27999877929688,47.43999862670898,48.119998931884766,48.119998931884766,220600
47.59999847412109,48.060001373291016,47.41999816894531,47.7400016784668,47.7400016784668,162000
47.63999938964844,48.43999862670898,47.63999938964844,48.290000915527344,48.290000915527344,188100
47.93000030517578,47.97999954223633,47.18000030517578,47.4900016784668,47.4900016784668,130200
48.02999877929688,48.220001220703125,47.630001068115234,47.75,47.75,165800
47.970001220703125,48.25,47.77000045776367,47.9900016784668,47.9900016784668,138000
47.97999954223633,48.95000076293945,47.900001525878906,48.90999984741211,48.90999984741211,172500
48.81999969482422,48.93000030517578,48.2599983215332,48.47999954223633,48.47999954223633,211700
48.36000061035156,49.400001525878906,48.36000061035156,49.11000061035156,49.11000061035156,173100
49.18000030517578,49.5,49.11000061035156,49.27999877929688,49.27999877929688,197900
48.790000915527344,49.27000045776367,48.63999938964844,49.09999847412109,49.09999847412109,168000
49.27999877929688,49.400001525878906,48.459999084472656,48.650001525878906,48.650001525878906,161600
48.58000183105469,49.209999084472656,48.58000183105469,49.060001373291016,49.060001373291016,173900
48.880001068115234,49.06999969482422,48.130001068115234,48.400001525878906,48.400001525878906,160700
48.34000015258789,48.75,47.43000030517578,47.77000045776367,47.77000045776367,257400
47.43000030517578,47.43000030517578,46.619998931884766,46.900001525878906,46.900001525878906,325900
47.06999969482422,48.20000076293945,47.06999969482422,47.630001068115234,47.630001068115234,175800
47.630001068115234,47.630001068115234,46.56999969482422,47.0,47.0,308500
46.95000076293945,47.11000061035156,46.400001525878906,46.79999923706055,46.79999923706055,182300
46.869998931884766,46.95000076293945,45.619998931884766,45.68999862670898,45.68999862670898,230100
45.880001068115234,46.18999862670898,45.47999954223633,45.72999954223633,45.72999954223633,175300
45.540000915527344,45.790000915527344,44.720001220703125,45.0099983215332,45.0099983215332,226100
44.86000061035156,45.38999938964844,44.43999862670898,44.61000061035156,44.61000061035156,187300
44.83000183105469,45.06999969482422,44.27000045776367,44.40999984741211,44.40999984741211,108300
44.20000076293945,44.47999954223633,43.900001525878906,44.380001068115234,44.380001068115234,163200
44.130001068115234,44.400001525878906,43.619998931884766,43.81999969482422,43.81999969482422,136200
43.970001220703125,45.119998931884766,43.970001220703125,45.040000915527344,45.040000915527344,156300
44.95000076293945,45.77000045776367,44.900001525878906,45.400001525878906,45.400001525878906,161700
45.70000076293945,45.86000061035156,45.20000076293945,45.81999969482422,45.81999969482422,228200
45.75,45.75,44.75,44.95000076293945,44.95000076293945,118000
44.95000076293945,45.84999847412109,44.95000076293945,45.68000030517578,45.68000030517578,126100
45.59000015258789,45.61000061035156,45.150001525878906,45.33000183105469,45.33000183105469,83400
45.18999862670898,45.75,44.93999862670898,45.290000915527344,45.290000915527344,71400
45.0,45.0,44.08000183105469,44.54999923706055,44.54999923706055,132700
44.77999877929688,45.22999954223633,44.77999877929688,44.93000030517578,44.93000030517578,148100
44.720001220703125,45.130001068115234,44.630001068115234,44.7599983215332,44.7599983215332,56400
44.88999938964844,45.869998931884766,44.88999938964844,45.63999938964844,45.63999938964844,208200
45.63999938964844,45.970001220703125,45.59000015258789,45.7599983215332,45.7599983215332,237900
45.95000076293945,46.13999938964844,45.470001220703125,45.70000076293945,45.70000076293945,186600
46.09999847412109,46.59999847412109,45.56999969482422,46.33000183105469,46.33000183105469,196800
46.47999954223633,47.02000045776367,46.47999954223633,46.77999877929688,46.77999877929688,181000
46.709999084472656,47.08000183105469,45.9900016784668,46.68000030517578,46.68000030517578,135000
46.38999938964844,47.040000915527344,46.36000061035156,46.970001220703125,46.970001220703125,144800
47.20000076293945,47.61000061035156,46.68999862670898,47.45000076293945,47.45000076293945,154100
47.34000015258789,47.79999923706055,47.220001220703125,47.61000061035156,47.61000061035156,98700
47.66999816894531,47.66999816894531,47.08000183105469,47.52999877929688,47.52999877929688,91500
47.720001220703125,48.0,47.540000915527344,47.83000183105469,47.83000183105469,78900
47.52999877929688,47.77999877929688,47.400001525878906,47.56999969482422,47.56999969482422,105700
47.29999923706055,47.400001525878906,46.54999923706055,46.75,46.75,128000
46.13999938964844,46.77000045776367,46.119998931884766,46.2599983215332,46.2599983215332,103000
45.9900016784668,46.33000183105469,45.43000030517578,45.52000045776367,45.52000045776367,128700
45.5099983215332,45.869998931884766,45.33000183105469,45.400001525878906,45.400001525878906,148400
45.02999877929688,45.31999969482422,44.22999954223633,45.27000045776367,45.27000045776367,157600
45.16999816894531,45.470001220703125,44.86000061035156,45.310001373291016,45.310001373291016,141900
45.93000030517578,46.209999084472656,45.77999877929688,45.970001220703125,45.970001220703125,156600
46.060001373291016,46.16999816894531,45.54999923706055,45.79999923706055,45.79999923706055,96400
46.06999969482422,46.119998931884766,45.72999954223633,45.77999877929688,45.77999877929688,60800
46.22999954223633,46.77000045776367,46.06999969482422,46.29999923706055,46.29999923706055,123300
44.0,45.02999877929688,43.209999084472656,43.31999969482422,43.31999969482422,219400
42.709999084472656,42.88999938964844,40.880001068115234,41.22999954223633,41.22999954223633,284500
41.56999969482422,42.040000915527344,41.43000030517578,41.709999084472656,41.709999084472656,147000
42.040000915527344,42.75,41.970001220703125,42.65999984741211,42.65999984741211,180000
42.7599983215332,42.880001068115234,42.5,42.709999084472656,42.709999084472656,200000
42.59999847412109,43.47999954223633,42.59999847412109,43.31999969482422,43.31999969482422,155400
43.060001373291016,43.369998931884766,42.93000030517578,42.93999862670898,42.93999862670898,173900
42.79999923706055,42.79999923706055,42.09000015258789,42.66999816894531,42.66999816894531,109600
42.869998931884766,43.119998931884766,42.540000915527344,42.56999969482422,42.56999969482422,100700
42.4900016784668,43.0099983215332,42.4900016784668,42.86000061035156,42.86000061035156,113500
42.959999084472656,43.310001373291016,42.84000015258789,43.0,43.0,101100
43.0,43.959999084472656,43.0,43.900001525878906,43.900001525878906,170400
43.93999862670898,44.34000015258789,43.5099983215332,44.2599983215332,44.2599983215332,137800
44.560001373291016,44.97999954223633,44.560001373291016,44.68000030517578,44.68000030517578,141700
44.34999847412109,44.61000061035156,43.7599983215332,43.91999816894531,43.91999816894531,147900
43.81999969482422,44.20000076293945,43.63999938964844,44.09000015258789,44.09000015258789,94400
43.63999938964844,44.38999938964844,43.63999938964844,44.18000030517578,44.18000030517578,155400
44.09000015258789,44.970001220703125,44.09000015258789,44.900001525878906,44.900001525878906,147000
44.75,45.220001220703125,44.75,44.970001220703125,44.970001220703125,137200
45.0099983215332,45.02000045776367,44.18999862670898,44.619998931884766,44.619998931884766,152100
44.36000061035156,44.84999847412109,44.290000915527344,44.77000045776367,44.77000045776367,92300
44.59999847412109,44.9900016784668,44.41999816894531,44.630001068115234,44.630001068115234,170000
45.68999862670898,48.0,45.290000915527344,47.81999969482422,47.81999969482422,371300
47.54999923706055,48.9900016784668,47.43000030517578,48.900001525878906,48.900001525878906,227200
48.68000030517578,49.02999877929688,48.25,48.540000915527344,48.540000915527344,205000
48.34000015258789,48.81999969482422,48.2599983215332,48.4900016784668,48.4900016784668,121800
48.400001525878906,49.25,48.400001525878906,48.66999816894531,48.66999816894531,176500
48.52000045776367,48.81999969482422,48.459999084472656,48.630001068115234,48.630001068115234,144300
48.45000076293945,49.09000015258789,48.43999862670898,48.91999816894531,48.91999816894531,143000
48.59000015258789,49.4900016784668,48.43999862670898,49.09000015258789,49.09000015258789,313000
49.0099983215332,49.16999816894531,48.54999923706055,48.66999816894531,48.66999816894531,139500
48.54999923706055,49.040000915527344,48.54999923706055,48.709999084472656,48.709999084472656,105200
48.7599983215332,49.38999938964844,48.7599983215332,49.119998931884766,49.119998931884766,88800
49.0,49.58000183105469,49.0,49.11000061035156,49.11000061035156,101800
49.060001373291016,49.09999847412109,48.2599983215332,48.630001068115234,48.630001068115234,230400
48.59000015258789,49.0,48.52000045776367,48.77999877929688,48.77999877929688,196600
48.70000076293945,49.09999847412109,48.4900016784668,48.970001220703125,48.970001220703125,82600
48.75,48.880001068115234,48.5,48.720001220703125,48.720001220703125,89800
48.7400016784668,49.09000015258789,48.720001220703125,49.04999923706055,49.04999923706055,89500
48.880001068115234,49.06999969482422,48.52999877929688,48.93999862670898,48.93999862670898,114400
48.52000045776367,49.0099983215332,48.310001373291016,48.88999938964844,48.88999938964844,87700
49.04999923706055,49.790000915527344,49.040000915527344,49.43999862670898,49.43999862670898,109400
49.20000076293945,49.4900016784668,48.68999862670898,48.84000015258789,48.84000015258789,77800
48.540000915527344,49.150001525878906,48.470001220703125,49.08000183105469,49.08000183105469,66800
48.9900016784668,50.02999877929688,48.650001525878906,49.040000915527344,49.040000915527344,126600
48.77000045776367,48.86000061035156,48.25,48.59999847412109,48.59999847412109,153500
48.27999877929688,48.70000076293945,48.15999984741211,48.34000015258789,48.34000015258789,81200
48.220001220703125,48.86000061035156,48.02000045776367,48.68999862670898,48.68999862670898,165900
48.5099983215332,50.0,48.5099983215332,49.84000015258789,49.84000015258789,216100
49.72999954223633,50.58000183105469,49.630001068115234,50.02000045776367,50.02000045776367,170600
50.40999984741211,50.459999084472656,49.619998931884766,50.34000015258789,50.34000015258789,138500
50.06999969482422,50.400001525878906,49.7599983215332,49.93999862670898,49.93999862670898,85900
49.540000915527344,49.540000915527344,47.95000076293945,48.0,48.0,268700
47.59999847412109,47.63999938964844,46.810001373291016,47.16999816894531,47.16999816894531,157500
46.540000915527344,48.11000061035156,46.52000045776367,47.869998931884766,47.869998931884766,145900
47.369998931884766,47.369998931884766,46.02000045776367,46.11000061035156,46.11000061035156,168400
45.959999084472656,46.45000076293945,45.90999984741211,46.040000915527344,46.040000915527344,117900
46.18999862670898,47.11000061035156,46.130001068115234,46.83000183105469,46.83000183105469,133000
46.58000183105469,46.709999084472656,45.95000076293945,46.34999847412109,46.34999847412109,127700
46.41999816894531,47.18999862670898,46.380001068115234,46.90999984741211,46.90999984741211,128500
46.93000030517578,47.83000183105469,46.93000030517578,47.209999084472656,47.209999084472656,160200
47.29999923706055,47.90999984741211,47.08000183105469,47.83000183105469,47.83000183105469,100400
48.13999938964844,48.720001220703125,48.13999938964844,48.54999923706055,48.54999923706055,127300
48.09999847412109,48.790000915527344,48.0,48.15999984741211,48.15999984741211,133400
47.7400016784668,48.0,47.43000030517578,47.810001373291016,47.810001373291016,108400
47.709999084472656,48.40999984741211,47.63999938964844,48.08000183105469,48.08000183105469,145200
47.91999816894531,48.45000076293945,47.84000015258789,48.310001373291016,48.310001373291016,189200
48.15999984741211,48.540000915527344,47.59999847412109,47.68000030517578,47.68000030517578,199800
47.900001525878906,48.25,47.20000076293945,47.630001068115234,47.630001068115234,176200
47.27999877929688,47.66999816894531,46.900001525878906,47.29999923706055,47.29999923706055,161800
47.04999923706055,47.93000030517578,47.04999923706055,47.790000915527344,47.790000915527344,126900
47.77999877929688,48.7400016784668,47.77999877929688,48.369998931884766,48.369998931884766,124900
47.9900016784668,48.630001068115234,47.9900016784668,48.56999969482422,48.56999969482422,93100
48.2599983215332,48.45000076293945,47.43999862670898,48.02000045776367,48.02000045776367,139400
48.040000915527344,48.380001068115234,47.91999816894531,47.97999954223633,47.97999954223633,66400
47.66999816894531,48.119998931884766,46.869998931884766,47.0,47.0,108100
46.720001220703125,47.0,46.54999923706055,46.810001373291016,46.810001373291016,119900
46.33000183105469,46.970001220703125,45.72999954223633,46.619998931884766,46.619998931884766,161500
46.790000915527344,47.41999816894531,46.7599983215332,47.04999923706055,47.04999923706055,128700
46.90999984741211,47.11000061035156,46.560001373291016,46.630001068115234,46.630001068115234,97800
47.11000061035156,47.790000915527344,47.09000015258789,47.290000915527344,47.290000915527344,148500
47.27999877929688,47.720001220703125,47.09999847412109,47.5,47.5,107000
47.220001220703125,47.540000915527344,47.0,47.25,47.25,87000
46.95000076293945,46.95000076293945,46.540000915527344,46.810001373291016,46.810001373291016,184100
46.83000183105469,47.63999938964844,46.83000183105469,47.540000915527344,47.540000915527344,103100
47.560001373291016,47.869998931884766,47.33000183105469,47.5,47.5,129400
47.33000183105469,47.900001525878906,46.9900016784668,47.18000030517578,47.18000030517578,117700
47.33000183105469,47.33000183105469,46.43999862670898,46.56999969482422,46.56999969482422,134200
46.5,47.2400016784668,46.5,47.06999969482422,47.06999969482422,130400
46.869998931884766,47.650001525878906,46.77999877929688,47.470001220703125,47.470001220703125,145400
47.540000915527344,47.9900016784668,47.209999084472656,47.54999923706055,47.54999923706055,116800
47.40999984741211,48.04999923706055,47.40999984741211,47.61000061035156,47.61000061035156,174200
47.47999954223633,47.81999969482422,47.209999084472656,47.34999847412109,47.34999847412109,176300
47.18000030517578,47.5,46.970001220703125,47.119998931884766,47.119998931884766,175800
47.43000030517578,48.380001068115234,47.43000030517578,47.84000015258789,47.84000015258789,197900
47.68000030517578,48.34999847412109,47.59999847412109,47.95000076293945,47.95000076293945,260600
46.45000076293945,50.20000076293945,46.04999923706055,50.13999938964844,50.13999938964844,357700
48.83000183105469,49.27999877929688,48.150001525878906,48.619998931884766,48.619998931884766,286000
48.34000015258789,48.7599983215332,47.93000030517578,48.5,48.5,171400
48.5,48.58000183105469,47.36000061035156,47.7599983215332,47.7599983215332,265800
47.81999969482422,47.93000030517578,47.29999923706055,47.65999984741211,47.65999984741211,517800
47.630001068115234,48.0,46.97999954223633,47.33000183105469,47.33000183105469,162700
47.31999969482422,47.5,46.869998931884766,47.38999938964844,47.38999938964844,141200
47.34000015258789,47.36000061035156,46.630001068115234,47.040000915527344,47.040000915527344,130100
47.130001068115234,48.470001220703125,47.119998931884766,48.13999938964844,48.13999938964844,184600
48.13999938964844,48.5,47.5,48.20000076293945,48.20000076293945,114000
47.970001220703125,48.25,47.83000183105469,47.880001068115234,47.880001068115234,95100
47.95000076293945,48.119998931884766,47.7400016784668,47.869998931884766,47.869998931884766,103100
47.720001220703125,47.95000076293945,47.52999877929688,47.7599983215332,47.7599983215332,151900
47.52999877929688,48.77000045776367,47.52999877929688,48.709999084472656,48.709999084472656,153800
48.59000015258789,48.68000030517578,47.18999862670898,47.369998931884766,47.369998931884766,171900
47.61000061035156,47.61000061035156,46.75,46.95000076293945,46.95000076293945,225000
47.06999969482422,47.27999877929688,46.68000030517578,47.11000061035156,47.11000061035156,165400
47.41999816894531,47.43999862670898,46.91999816894531,46.970001220703125,46.970001220703125,168200
46.900001525878906,47.20000076293945,45.880001068115234,46.5,46.5,274700
46.41999816894531,47.459999084472656,46.27999877929688,47.38999938964844,47.38999938964844,159000
47.27999877929688,47.63999938964844,47.13999938964844,47.36000061035156,47.36000061035156,130000
47.27000045776367,47.47999954223633,46.95000076293945,47.040000915527344,47.040000915527344,155300
46.9900016784668,48.77999877929688,46.70000076293945,48.34999847412109,48.34999847412109,227200
48.43999862670898,50.220001220703125,48.400001525878906,49.58000183105469,49.58000183105469,239900
49.59999847412109,49.709999084472656,48.36000061035156,48.45000076293945,48.45000076293945,260600
48.2400016784668,49.2400016784668,48.150001525878906,48.869998931884766,48.869998931884766,202300
48.18999862670898,48.20000076293945,46.369998931884766,47.20000076293945,47.20000076293945,385200
47.290000915527344,48.060001373291016,47.13999938964844,47.619998931884766,47.619998931884766,174500
47.77000045776367,48.540000915527344,47.68000030517578,48.08000183105469,48.08000183105469,199300
47.880001068115234,48.02999877929688,47.04999923706055,47.27000045776367,47.27000045776367,125100
47.0,47.0,46.43999862670898,46.790000915527344,46.790000915527344,165000
46.7599983215332,47.27000045776367,46.7599983215332,47.06999969482422,47.06999969482422,92800
47.11000061035156,47.36000061035156,46.84999847412109,46.869998931884766,46.869998931884766,44200
46.84000015258789,47.70000076293945,46.81999969482422,47.400001525878906,47.400001525878906,147100
47.38999938964844,47.93999862670898,47.33000183105469,47.720001220703125,47.720001220703125,125800
47.93999862670898,48.18000030517578,47.72999954223633,48.02999877929688,48.02999877929688,184300
47.88999938964844,48.9900016784668,47.84999847412109,48.70000076293945,48.70000076293945,272900
49.060001373291016,49.68000030517578,48.77000045776367,49.59000015258789,49.59000015258789,189400
49.369998931884766,49.9900016784668,49.36000061035156,49.72999954223633,49.72999954223633,167000
49.68999862670898,49.9900016784668,49.400001525878906,49.65999984741211,49.65999984741211,130700
49.20000076293945,49.5,48.869998931884766,49.130001068115234,49.130001068115234,113800
48.9900016784668,49.13999938964844,48.540000915527344,48.619998931884766,48.619998931884766,117300
48.560001373291016,49.7400016784668,48.560001373291016,49.5,49.5,109500
49.70000076293945,49.70000076293945,48.97999954223633,49.310001373291016,49.310001373291016,90000
49.11000061035156,49.58000183105469,49.08000183105469,49.36000061035156,49.36000061035156,79200
49.08000183105469,49.630001068115234,48.90999984741211,49.470001220703125,49.470001220703125,182100
49.52000045776367,49.54999923706055,48.060001373291016,48.18999862670898,48.18999862670898,194600
48.09000015258789,48.09000015258789,47.52000045776367,47.7599983215332,47.7599983215332,192500
47.84999847412109,48.33000183105469,47.77000045776367,48.09999847412109,48.09999847412109,155700
47.959999084472656,48.31999969482422,47.27999877929688,47.709999084472656,47.709999084472656,154500
47.7599983215332,48.130001068115234,47.619998931884766,47.79999923706055,47.79999923706055,152300
48.15999984741211,48.58000183105469,48.08000183105469,48.47999954223633,48.47999954223633,158500
48.400001525878906,49.02999877929688,48.33000183105469,48.86000061035156,48.86000061035156,187900
48.70000076293945,49.380001068115234,48.66999816894531,48.880001068115234,48.880001068115234,148500
48.560001373291016,48.59000015258789,47.84999847412109,48.119998931884766,48.119998931884766,220600
48.18999862670898,48.540000915527344,47.27000045776367,48.09000015258789,48.09000015258789,207600
48.36000061035156,49.119998931884766,48.13999938964844,48.95000076293945,48.95000076293945,379000
48.88999938964844,49.560001373291016,48.43000030517578,48.56999969482422,48.56999969482422,184100
48.77000045776367,49.209999084472656,48.33000183105469,48.810001373291016,48.810001373291016,173700
48.43999862670898,48.4900016784668,47.83000183105469,48.06999969482422,48.06999969482422,221600
47.95000076293945,48.38999938964844,47.900001525878906,48.04999923706055,48.04999923706055,170800
48.0,48.0099983215332,47.54999923706055,47.869998931884766,47.869998931884766,269800
48.08000183105469,48.560001373291016,48.06999969482422,48.290000915527344,48.290000915527344,201300
48.40999984741211,48.84999847412109,48.40999984741211,48.59999847412109,48.59999847412109,149000
48.470001220703125,49.02999877929688,48.470001220703125,48.97999954223633,48.97999954223633,168100
48.88999938964844,49.11000061035156,48.77000045776367,48.93000030517578,48.93000030517578,194400
48.86000061035156,49.36000061035156,48.720001220703125,49.09999847412109,49.09999847412109,249500
49.04999923706055,49.150001525878906,48.619998931884766,48.72999954223633,48.72999954223633,241400
48.5,48.880001068115234,48.5,48.68000030517578,48.68000030517578,294800
48.310001373291016,48.77000045776367,48.310001373291016,48.650001525878906,48.650001525878906,154000
48.31999969482422,48.66999816894531,48.220001220703125,48.52000045776367,48.52000045776367,197000
48.720001220703125,48.83000183105469,48.02000045776367,48.09000015258789,48.09000015258789,318400
47.9900016784668,48.02000045776367,46.88999938964844,47.08000183105469,47.08000183105469,383900
46.84000015258789,46.97999954223633,46.47999954223633,46.7599983215332,46.7599983215332,290700
46.66999816894531,46.959999084472656,45.97999954223633,45.97999954223633,45.97999954223633,251700
46.18000030517578,46.72999954223633,45.810001373291016,46.68999862670898,46.68999862670898,275200
46.47999954223633,46.869998931884766,46.369998931884766,46.380001068115234,46.380001068115234,130500
46.400001525878906,46.79999923706055,46.130001068115234,46.630001068115234,46.630001068115234,203100
46.27999877929688,46.470001220703125,45.900001525878906,46.40999984741211,46.40999984741211,207200
46.15999984741211,46.790000915527344,46.15999984741211,46.63999938964844,46.63999938964844,252100
46.61000061035156,46.709999084472656,46.18999862670898,46.27999877929688,46.27999877929688,136700
46.20000076293945,46.790000915527344,46.20000076293945,46.59000015258789,46.59000015258789,130000
46.77000045776367,47.310001373291016,46.77000045776367,47.209999084472656,47.209999084472656,150600
47.11000061035156,47.5,47.06999969482422,47.25,47.25,197800
47.08000183105469,47.22999954223633,46.709999084472656,47.060001373291016,47.060001373291016,199700
47.25,48.04999923706055,47.119998931884766,47.880001068115234,47.880001068115234,209100
48.09000015258789,48.11000061035156,47.56999969482422,47.68000030517578,47.68000030517578,141900
47.77000045776367,47.88999938964844,47.40999984741211,47.45000076293945,47.45000076293945,304300
47.31999969482422,47.90999984741211,47.220001220703125,47.619998931884766,47.619998931884766,320000
47.81999969482422,48.2400016784668,46.95000076293945,46.959999084472656,46.959999084472656,182900
46.7400016784668,46.810001373291016,46.36000061035156,46.79999923706055,46.79999923706055,312700
46.81999969482422,47.27999877929688,46.400001525878906,46.95000076293945,46.95000076293945,234500
47.02000045776367,47.18000030517578,46.5,46.79999923706055,46.79999923706055,185800
46.47999954223633,46.90999984741211,46.27000045776367,46.790000915527344,46.790000915527344,110200
46.70000076293945,47.43999862670898,46.70000076293945,47.34999847412109,47.34999847412109,131600
47.220001220703125,47.5099983215332,47.09000015258789,47.470001220703125,47.470001220703125,111700
47.38999938964844,48.68999862670898,47.38999938964844,48.41999816894531,48.41999816894531,294200
48.27000045776367,48.43999862670898,47.900001525878906,47.93000030517578,47.93000030517578,288100
47.709999084472656,47.95000076293945,46.81999969482422,47.400001525878906,47.400001525878906,166400
47.119998931884766,47.52999877929688,46.95000076293945,47.43000030517578,47.43000030517578,124800
47.45000076293945,47.720001220703125,47.209999084472656,47.27000045776367,47.27000045776367,136700
47.27999877929688,47.40999984741211,47.09000015258789,47.119998931884766,47.119998931884766,169600
47.09000015258789,47.34000015258789,47.09000015258789,47.119998931884766,47.119998931884766,178800
46.97999954223633,47.369998931884766,46.95000076293945,47.2400016784668,47.2400016784668,127500
47.150001525878906,47.20000076293945,46.540000915527344,46.97999954223633,46.97999954223633,145200
46.959999084472656,47.22999954223633,46.869998931884766,46.9900016784668,46.9900016784668,127600
47.0,47.29999923706055,46.5,46.540000915527344,46.540000915527344,110000
46.560001373291016,47.31999969482422,46.560001373291016,47.060001373291016,47.060001373291016,231900
46.91999816894531,47.06999969482422,46.58000183105469,46.90999984741211,46.90999984741211,135700
46.9900016784668,47.16999816894531,46.400001525878906,46.59999847412109,46.59999847412109,150400
46.77000045776367,47.34999847412109,46.72999954223633,47.310001373291016,47.310001373291016,166200
47.130001068115234,47.18999862670898,46.40999984741211,46.709999084472656,46.709999084472656,250100
46.97999954223633,47.34000015258789,46.84999847412109,47.09999847412109,47.09999847412109,225500
46.97999954223633,47.16999816894531,46.79999923706055,47.09999847412109,47.09999847412109,184400
47.0099983215332,47.79999923706055,46.97999954223633,47.7400016784668,47.7400016784668,185100
47.72999954223633,48.40999984741211,47.16999816894531,47.4900016784668,47.4900016784668,164600
47.4900016784668,48.34999847412109,47.2599983215332,48.27000045776367,48.27000045776367,213800
48.27999877929688,48.709999084472656,48.20000076293945,48.59999847412109,48.59999847412109,178900
48.61000061035156,48.88999938964844,48.36000061035156,48.79999923706055,48.79999923706055,242700
47.66999816894531,49.0,47.59000015258789,47.77999877929688,47.77999877929688,308100
47.77999877929688,48.2400016784668,47.25,47.880001068115234,47.880001068115234,258000
47.959999084472656,48.33000183105469,47.560001373291016,48.25,48.25,206300
48.09000015258789,48.45000076293945,48.09000015258789,48.20000076293945,48.20000076293945,187800
48.09000015258789,48.22999954223633,47.41999816894531,47.790000915527344,47.790000915527344,221200
47.77999877929688,48.4900016784668,47.709999084472656,48.41999816894531,48.41999816894531,182900
48.18999862670898,48.7400016784668,48.09000015258789,48.560001373291016,48.560001373291016,244400
48.43999862670898,48.70000076293945,48.29999923706055,48.540000915527344,48.540000915527344,216800
48.58000183105469,49.16999816894531,48.58000183105469,48.970001220703125,48.970001220703125,209100
48.97999954223633,49.380001068115234,48.97999954223633,49.2599983215332,49.2599983215332,201000
48.709999084472656,48.95000076293945,47.970001220703125,48.0,48.0,246300
47.79999923706055,48.47999954223633,47.75,48.08000183105469,48.08000183105469,182500
48.220001220703125,48.880001068115234,48.15999984741211,48.70000076293945,48.70000076293945,188400
48.630001068115234,48.84000015258789,48.5099983215332,48.7599983215332,48.7599983215332,55900
48.81999969482422,49.0,48.5,48.68000030517578,48.68000030517578,135500
48.54999923706055,49.16999816894531,48.43000030517578,49.150001525878906,49.150001525878906,103700
49.11000061035156,49.47999954223633,48.880001068115234,49.2599983215332,49.2599983215332,100100
49.209999084472656,49.380001068115234,49.040000915527344,49.18999862670898,49.18999862670898,95400
48.75,49.65999984741211,48.7400016784668,49.59000015258789,49.59000015258789,153400
49.459999084472656,49.66999816894531,48.9900016784668,49.59999847412109,49.59999847412109,155600
49.540000915527344,50.59999847412109,49.540000915527344,50.56999969482422,50.56999969482422,214200
50.400001525878906,51.290000915527344,50.25,51.18999862670898,51.18999862670898,308000
50.7400016784668,50.95000076293945,50.310001373291016,50.45000076293945,50.45000076293945,142800
50.25,50.52999877929688,49.95000076293945,50.09000015258789,50.09000015258789,184800
49.93000030517578,50.25,49.66999816894531,49.79999923706055,49.79999923706055,223300
49.810001373291016,50.25,49.709999084472656,50.2400016784668,50.2400016784668,151500
50.40999984741211,50.7400016784668,49.45000076293945,49.88999938964844,49.88999938964844,181200
49.38999938964844,49.91999816894531,48.93999862670898,49.619998931884766,49.619998931884766,165200
49.91999816894531,50.18999862670898,49.560001373291016,49.93000030517578,49.93000030517578,123100
50.02000045776367,50.33000183105469,49.43999862670898,49.63999938964844,49.63999938964844,150700
49.29999923706055,49.83000183105469,48.95000076293945,49.77999877929688,49.77999877929688,180300
49.77000045776367,50.060001373291016,49.380001068115234,49.9900016784668,49.9900016784668,432300
50.04999923706055,50.630001068115234,50.04999923706055,50.54999923706055,50.54999923706055,131900
50.34999847412109,50.45000076293945,50.0,50.18000030517578,50.18000030517578,124300
50.18000030517578,50.63999938964844,50.04999923706055,50.41999816894531,50.41999816894531,111300
50.459999084472656,51.22999954223633,50.34999847412109,51.08000183105469,51.08000183105469,148900
50.95000076293945,51.470001220703125,50.709999084472656,51.220001220703125,51.220001220703125,143600
51.2599983215332,51.79999923706055,51.18999862670898,51.310001373291016,51.310001373291016,111300
51.27000045776367,51.619998931884766,51.04999923706055,51.43999862670898,51.43999862670898,193400
51.58000183105469,51.880001068115234,51.36000061035156,51.65999984741211,51.65999984741211,158900
51.540000915527344,51.540000915527344,50.400001525878906,51.0,51.0,197100
51.060001373291016,51.34000015258789,50.630001068115234,51.06999969482422,51.06999969482422,272800
51.04999923706055,51.27999877929688,50.93999862670898,51.06999969482422,51.06999969482422,44500
50.65999984741211,50.720001220703125,49.970001220703125,50.59999847412109,50.59999847412109,208900
50.36000061035156,50.720001220703125,50.04999923706055,50.40999984741211,50.40999984741211,121200
50.59999847412109,51.06999969482422,50.16999816894531,50.93999862670898,50.93999862670898,117700
50.720001220703125,51.43000030517578,50.720001220703125,51.18999862670898,51.18999862670898,156800
51.209999084472656,51.209999084472656,50.7400016784668,51.06999969482422,51.06999969482422,98100
51.13999938964844,52.52999877929688,51.13999938964844,52.310001373291016,52.310001373291016,163600
52.130001068115234,52.630001068115234,52.130001068115234,52.58000183105469,52.58000183105469,153400
52.540000915527344,53.08000183105469,52.459999084472656,52.959999084472656,52.959999084472656,186400
52.77999877929688,52.869998931884766,52.0099983215332,52.220001220703125,52.220001220703125,152600
52.25,52.79999923706055,52.119998931884766,52.65999984741211,52.65999984741211,106200
52.40999984741211,52.77000045776367,52.18000030517578,52.22999954223633,52.22999954223633,187000
52.25,52.619998931884766,52.040000915527344,52.400001525878906,52.400001525878906,119100
52.459999084472656,52.720001220703125,52.20000076293945,52.650001525878906,52.650001525878906,112900
52.56999969482422,53.060001373291016,52.54999923706055,53.02000045776367,53.02000045776367,127200
53.0,53.29999923706055,52.880001068115234,53.09000015258789,53.09000015258789,103500
53.04999923706055,53.619998931884766,52.86000061035156,53.52999877929688,53.52999877929688,111300
53.45000076293945,53.650001525878906,52.43999862670898,52.970001220703125,52.970001220703125,207100
52.95000076293945,53.22999954223633,52.720001220703125,52.93999862670898,52.93999862670898,140700
52.810001373291016,53.0,52.310001373291016,52.810001373291016,52.810001373291016,156800
52.86000061035156,53.619998931884766,52.220001220703125,52.93999862670898,52.93999862670898,186800
51.900001525878906,52.0,49.97999954223633,51.09999847412109,51.09999847412109,345400
51.150001525878906,52.20000076293945,51.150001525878906,51.470001220703125,51.470001220703125,159700
51.56999969482422,51.93999862670898,51.0099983215332,51.45000076293945,51.45000076293945,138600
51.310001373291016,51.47999954223633,51.040000915527344,51.18000030517578,51.18000030517578,67000
50.959999084472656,51.13999938964844,50.5099983215332,50.61000061035156,50.61000061035156,216300
50.34999847412109,50.400001525878906,49.880001068115234,50.11000061035156,50.11000061035156,320700
49.77999877929688,50.040000915527344,49.11000061035156,49.20000076293945,49.20000076293945,191600
49.040000915527344,49.709999084472656,49.02000045776367,49.54999923706055,49.54999923706055,138000
49.7400016784668,50.29999923706055,49.400001525878906,49.720001220703125,49.720001220703125,177500
49.619998931884766,49.83000183105469,49.45000076293945,49.61000061035156,49.61000061035156,139500
49.66999816894531,50.5099983215332,49.66999816894531,50.22999954223633,50.22999954223633,167500
50.22999954223633,50.630001068115234,50.040000915527344,50.04999923706055,50.04999923706055,154200
50.220001220703125,50.2400016784668,49.34999847412109,49.81999969482422,49.81999969482422,174700
49.68999862670898,50.02000045776367,49.59000015258789,49.97999954223633,49.97999954223633,95600
49.95000076293945,50.09999847412109,49.70000076293945,49.810001373291016,49.810001373291016,95300
49.70000076293945,50.33000183105469,49.54999923706055,49.869998931884766,49.869998931884766,94100
49.93999862670898,50.18999862670898,49.84999847412109,49.88999938964844,49.88999938964844,81600
49.959999084472656,50.18000030517578,49.93999862670898,49.93999862670898,49.93999862670898,120800
49.97999954223633,50.2400016784668,49.650001525878906,49.7400016784668,49.7400016784668,163100
49.40999984741211,50.04999923706055,49.40999984741211,49.88999938964844,49.88999938964844,110800
49.79999923706055,50.33000183105469,49.619998931884766,49.97999954223633,49.97999954223633,196300
50.220001220703125,50.93999862670898,50.02999877929688,50.84999847412109,50.84999847412109,168200
50.84999847412109,51.59000015258789,50.84999847412109,51.43000030517578,51.43000030517578,188800
50.90999984741211,51.34999847412109,50.880001068115234,51.18000030517578,51.18000030517578,186900
50.90999984741211,51.900001525878906,50.79999923706055,51.47999954223633,51.47999954223633,134100
51.650001525878906,52.45000076293945,51.619998931884766,52.119998931884766,52.119998931884766,175700
52.11000061035156,52.2599983215332,51.86000061035156,51.93000030517578,51.93000030517578,119600
51.95000076293945,52.34000015258789,51.869998931884766,52.220001220703125,52.220001220703125,204900
52.060001373291016,52.36000061035156,51.880001068115234,51.93999862670898,51.93999862670898,160500
51.88999938964844,52.02000045776367,51.709999084472656,51.84000015258789,51.84000015258789,178300
51.63999938964844,52.15999984741211,51.619998931884766,52.060001373291016,52.060001373291016,151300
52.13999938964844,52.13999938964844,51.290000915527344,51.47999954223633,51.47999954223633,348900
51.43999862670898,51.70000076293945,50.970001220703125,51.25,51.25,235900
51.02000045776367,52.040000915527344,50.869998931884766,51.959999084472656,51.959999084472656,262000
51.88999938964844,52.369998931884766,51.59999847412109,51.869998931884766,51.869998931884766,129900
51.65999984741211,51.79999923706055,51.38999938964844,51.470001220703125,51.470001220703125,129800
51.66999816894531,51.7599983215332,51.06999969482422,51.43999862670898,51.43999862670898,190200
51.25,51.34000015258789,50.93999862670898,51.08000183105469,51.08000183105469,168700
51.040000915527344,51.65999984741211,50.72999954223633,51.58000183105469,51.58000183105469,281500
51.65999984741211,51.83000183105469,51.2599983215332,51.400001525878906,51.400001525878906,170900
51.150001525878906,51.79999923706055,51.13999938964844,51.650001525878906,51.650001525878906,215000
51.630001068115234,52.06999969482422,51.52999877929688,51.869998931884766,51.869998931884766,158400
51.4900016784668,51.83000183105469,51.22999954223633,51.43000030517578,51.43000030517578,118300
51.36000061035156,51.59000015258789,51.02999877929688,51.119998931884766,51.119998931884766,200700
51.09999847412109,51.900001525878906,51.06999969482422,51.790000915527344,51.790000915527344,141500
51.77999877929688,52.34000015258789,51.70000076293945,52.119998931884766,52.119998931884766,120600
52.02999877929688,52.560001373291016,51.91999816894531,52.38999938964844,52.38999938964844,152500
52.15999984741211,52.630001068115234,52.06999969482422,52.47999954223633,52.47999954223633,92100
52.59000015258789,52.709999084472656,52.290000915527344,52.59999847412109,52.59999847412109,136200
52.61000061035156,52.90999984741211,52.52999877929688,52.81999969482422,52.81999969482422,109400
52.72999954223633,52.9900016784668,52.52999877929688,52.790000915527344,52.790000915527344,105100
52.869998931884766,53.38999938964844,52.77999877929688,53.29999923706055,53.29999923706055,338200
52.9900016784668,53.09999847412109,52.59000015258789,52.84000015258789,52.84000015258789,139100
52.650001525878906,53.400001525878906,52.650001525878906,53.369998931884766,53.369998931884766,149700
53.310001373291016,53.77999877929688,53.310001373291016,53.58000183105469,53.58000183105469,150300
53.470001220703125,53.75,53.310001373291016,53.59999847412109,53.59999847412109,124400
53.27999877929688,53.4900016784668,52.93000030517578,53.0,53.0,174600
52.84000015258789,53.59000015258789,52.84000015258789,53.560001373291016,53.560001373291016,118000
53.709999084472656,53.709999084472656,53.13999938964844,53.2599983215332,53.2599983215332,115300
53.310001373291016,53.470001220703125,52.810001373291016,53.09000015258789,53.09000015258789,89400
53.119998931884766,53.45000076293945,53.06999969482422,53.27999877929688,53.27999877929688,64000
53.119998931884766,53.65999984741211,53.119998931884766,53.61000061035156,53.61000061035156,114000
53.34000015258789,53.84999847412109,53.310001373291016,53.77999877929688,53.77999877929688,115300
53.4900016784668,53.790000915527344,53.119998931884766,53.13999938964844,53.13999938964844,161000
53.16999816894531,53.369998931884766,52.5099983215332,52.59999847412109,52.59999847412109,222300
52.52000045776367,53.119998931884766,52.52000045776367,52.75,52.75,165300
52.81999969482422,53.310001373291016,52.66999816894531,53.25,53.25,158700
52.93000030517578,53.63999938964844,52.93000030517578,53.59999847412109,53.59999847412109,158000
53.38999938964844,53.619998931884766,52.720001220703125,53.310001373291016,53.310001373291016,307300
52.59000015258789,52.84000015258789,51.15999984741211,52.130001068115234,52.130001068115234,312300
51.84999847412109,52.81999969482422,51.77999877929688,52.790000915527344,52.790000915527344,192900
52.56999969482422,53.65999984741211,52.56999969482422,53.34999847412109,53.34999847412109,176200
52.58000183105469,53.54999923706055,52.56999969482422,52.970001220703125,52.970001220703125,176300
52.86000061035156,53.65999984741211,52.81999969482422,53.31999969482422,53.31999969482422,165500
52.93999862670898,53.43000030517578,52.93999862670898,53.13999938964844,53.13999938964844,119800
53.040000915527344,54.06999969482422,53.040000915527344,53.43999862670898,53.43999862670898,145500
53.33000183105469,53.810001373291016,53.290000915527344,53.459999084472656,53.459999084472656,164400
53.22999954223633,53.33000183105469,52.90999984741211,53.11000061035156,53.11000061035156,187600
53.08000183105469,53.970001220703125,53.08000183105469,53.86000061035156,53.86000061035156,114000
53.75,54.130001068115234,53.72999954223633,53.880001068115234,53.880001068115234,153000
53.560001373291016,54.16999816894531,53.560001373291016,54.11000061035156,54.11000061035156,59100
53.93000030517578,54.41999816894531,53.880001068115234,53.97999954223633,53.97999954223633,127000
53.869998931884766,54.04999923706055,53.58000183105469,53.63999938964844,53.63999938964844,105800
53.5,53.66999816894531,52.59999847412109,52.88999938964844,52.88999938964844,175600
52.93999862670898,53.22999954223633,52.630001068115234,52.790000915527344,52.790000915527344,190900
53.0,53.38999938964844,52.66999816894531,53.06999969482422,53.06999969482422,146800
52.9900016784668,53.33000183105469,52.61000061035156,52.7599983215332,52.7599983215332,168100
52.86000061035156,53.310001373291016,52.709999084472656,52.79999923706055,52.79999923706055,92700
52.58000183105469,53.290000915527344,52.560001373291016,52.79999923706055,52.79999923706055,133800
52.540000915527344,53.36000061035156,52.540000915527344,53.08000183105469,53.08000183105469,112800
53.06999969482422,53.459999084472656,53.06999969482422,53.29999923706055,53.29999923706055,158300
53.130001068115234,53.400001525878906,52.81999969482422,52.900001525878906,52.900001525878906,133800
52.709999084472656,53.130001068115234,52.54999923706055,52.790000915527344,52.790000915527344,224900
53.02999877929688,53.4900016784668,52.810001373291016,53.209999084472656,53.209999084472656,194500
53.09000015258789,53.83000183105469,53.09000015258789,53.470001220703125,53.470001220703125,107700
53.43999862670898,54.63999938964844,53.400001525878906,53.970001220703125,53.970001220703125,255600
53.84999847412109,54.380001068115234,53.540000915527344,53.630001068115234,53.630001068115234,240300
53.459999084472656,53.77999877929688,53.22999954223633,53.369998931884766,53.369998931884766,208800
53.41999816894531,54.45000076293945,53.41999816894531,54.310001373291016,54.310001373291016,220900
54.4900016784668,54.9900016784668,54.369998931884766,54.650001525878906,54.650001525878906,242700
54.380001068115234,54.41999816894531,54.119998931884766,54.150001525878906,54.150001525878906,138000
54.040000915527344,54.33000183105469,54.0,54.09999847412109,54.09999847412109,38500
54.130001068115234,54.43000030517578,54.0,54.220001220703125,54.220001220703125,119200
54.15999984741211,54.7400016784668,54.130001068115234,54.4900016784668,54.4900016784668,136300
54.5,54.61000061035156,54.09999847412109,54.33000183105469,54.33000183105469,134400
54.02999877929688,54.61000061035156,53.68999862670898,54.56999969482422,54.56999969482422,173300
54.34000015258789,54.61000061035156,54.150001525878906,54.16999816894531,54.16999816894531,154400
54.13999938964844,54.209999084472656,53.59999847412109,54.02000045776367,54.02000045776367,156300
54.2400016784668,54.79999923706055,54.2400016784668,54.66999816894531,54.66999816894531,150000
54.29999923706055,54.5,54.04999923706055,54.18000030517578,54.18000030517578,188300
54.18000030517578,54.18999862670898,53.65999984741211,53.75,53.75,150000
53.52999877929688,53.59999847412109,52.88999938964844,53.02999877929688,53.02999877929688,173500
53.060001373291016,53.220001220703125,52.68999862670898,53.09999847412109,53.09999847412109,191000
53.09999847412109,53.70000076293945,52.84000015258789,53.65999984741211,53.65999984741211,145200
54.04999923706055,54.70000076293945,53.790000915527344,54.369998931884766,54.369998931884766,239800
54.45000076293945,54.5,53.88999938964844,54.0099983215332,54.0099983215332,263100
53.91999816894531,54.25,53.70000076293945,54.130001068115234,54.130001068115234,160500
54.06999969482422,54.5,53.869998931884766,54.060001373291016,54.060001373291016,212400
53.93999862670898,54.11000061035156,53.470001220703125,54.06999969482422,54.06999969482422,166300
53.91999816894531,55.29999923706055,53.84000015258789,55.18999862670898,55.18999862670898,253500
55.5,56.04999923706055,55.33000183105469,55.84999847412109,55.84999847412109,194800
55.9900016784668,56.18999862670898,54.880001068115234,55.040000915527344,55.040000915527344,153700
55.310001373291016,56.59000015258789,55.22999954223633,56.369998931884766,56.369998931884766,254300
55.93999862670898,56.619998931884766,55.90999984741211,56.380001068115234,56.380001068115234,188100
56.18999862670898,56.43000030517578,55.93999862670898,56.06999969482422,56.06999969482422,206000
56.56999969482422,58.93000030517578,56.369998931884766,57.13999938964844,57.13999938964844,430600
57.630001068115234,58.63999938964844,57.040000915527344,58.27000045776367,58.27000045776367,303000
57.84000015258789,57.959999084472656,56.97999954223633,57.369998931884766,57.369998931884766,303100
56.65999984741211,57.119998931884766,55.95000076293945,56.27000045776367,56.27000045776367,376700
55.09999847412109,56.29999923706055,55.0099983215332,56.25,56.25,369100
55.970001220703125,56.22999954223633,55.56999969482422,55.650001525878906,55.650001525878906,404100
55.68999862670898,55.97999954223633,54.70000076293945,54.70000076293945,54.70000076293945,334900
54.91999816894531,55.27000045776367,53.7599983215332,55.09000015258789,55.09000015258789,485800
55.06999969482422,56.40999984741211,55.06999969482422,55.970001220703125,55.970001220703125,335900
55.77000045776367,57.84000015258789,55.77000045776367,57.7599983215332,57.7599983215332,536400
57.27000045776367,58.040000915527344,57.02000045776367,57.959999084472656,57.959999084472656,239600
58.04999923706055,59.02000045776367,57.91999816894531,59.0,59.0,268200
58.68000030517578,59.20000076293945,58.43999862670898,58.86000061035156,58.86000061035156,242300
58.34000015258789,59.18999862670898,58.34000015258789,58.650001525878906,58.650001525878906,207300
58.68999862670898,59.18000030517578,58.209999084472656,58.27999877929688,58.27999877929688,217400
58.310001373291016,58.630001068115234,57.560001373291016,57.790000915527344,57.790000915527344,246500
58.0099983215332,58.630001068115234,57.9900016784668,58.31999969482422,58.31999969482422,168200
58.220001220703125,58.880001068115234,58.220001220703125,58.65999984741211,58.65999984741211,209300
58.45000076293945,59.20000076293945,58.45000076293945,58.61000061035156,58.61000061035156,246000
58.790000915527344,59.43000030517578,58.34000015258789,58.34000015258789,58.34000015258789,733500
58.220001220703125,58.36000061035156,56.91999816894531,57.38999938964844,57.38999938964844,273800
56.9900016784668,58.06999969482422,56.880001068115234,58.02999877929688,58.02999877929688,178900
57.43000030517578,58.47999954223633,57.43000030517578,58.38999938964844,58.38999938964844,168200
58.650001525878906,59.02999877929688,58.2599983215332,58.63999938964844,58.63999938964844,213700
58.220001220703125,59.02000045776367,58.220001220703125,58.93000030517578,58.93000030517578,267600
59.09999847412109,59.68999862670898,58.720001220703125,59.040000915527344,59.040000915527344,165400
59.130001068115234,59.66999816894531,58.95000076293945,59.630001068115234,59.630001068115234,300200
59.540000915527344,59.88999938964844,59.18000030517578,59.31999969482422,59.31999969482422,229700
59.5,59.5099983215332,58.5099983215332,58.66999816894531,58.66999816894531,196500
58.790000915527344,59.09999847412109,58.27999877929688,58.7400016784668,58.7400016784668,145200
58.63999938964844,59.0,58.45000076293945,58.75,58.75,121500
58.65999984741211,59.02000045776367,58.16999816894531,58.2599983215332,58.2599983215332,269100
58.04999923706055,58.2599983215332,57.59999847412109,58.150001525878906,58.150001525878906,188100
58.130001068115234,58.43000030517578,57.9900016784668,58.20000076293945,58.20000076293945,280500
58.47999954223633,58.81999969482422,58.06999969482422,58.34000015258789,58.34000015258789,171900
57.91999816894531,58.209999084472656,57.02999877929688,57.150001525878906,57.150001525878906,284600
57.150001525878906,57.61000061035156,56.97999954223633,56.97999954223633,56.97999954223633,292400
57.02000045776367,57.90999984741211,56.810001373291016,57.84000015258789,57.84000015258789,186400
58.04999923706055,58.16999816894531,56.54999923706055,56.81999969482422,56.81999969482422,209700
56.84000015258789,56.97999954223633,56.2599983215332,56.70000076293945,56.70000076293945,158200
56.72999954223633,57.77999877929688,56.36000061035156,57.63999938964844,57.63999938964844,263400
57.310001373291016,57.66999816894531,56.709999084472656,57.09999847412109,57.09999847412109,233400
57.40999984741211,58.25,57.08000183105469,58.16999816894531,58.16999816894531,314700
57.34000015258789,58.459999084472656,56.77999877929688,58.290000915527344,58.290000915527344,271000
58.27999877929688,58.59999847412109,57.43999862670898,57.900001525878906,57.900001525878906,256600
57.54999923706055,57.959999084472656,57.130001068115234,57.38999938964844,57.38999938964844,272400
57.40999984741211,58.560001373291016,57.40999984741211,57.970001220703125,57.970001220703125,195100
58.540000915527344,58.790000915527344,58.13999938964844,58.34000015258789,58.34000015258789,140100
58.220001220703125,58.52000045776367,58.09999847412109,58.119998931884766,58.119998931884766,146100
58.22999954223633,58.630001068115234,58.09999847412109,58.2599983215332,58.2599983215332,110800
58.36000061035156,58.380001068115234,57.540000915527344,57.70000076293945,57.70000076293945,164100
57.790000915527344,58.15999984741211,57.709999084472656,57.97999954223633,57.97999954223633,142400
58.16999816894531,58.95000076293945,58.16999816894531,58.63999938964844,58.63999938964844,224200
58.630001068115234,58.83000183105469,58.27999877929688,58.52000045776367,58.52000045776367,122600
58.43999862670898,58.61000061035156,57.84999847412109,57.91999816894531,57.91999816894531,199200
57.81999969482422,58.0099983215332,57.619998931884766,57.79999923706055,57.79999923706055,133500
57.61000061035156,58.06999969482422,57.400001525878906,57.56999969482422,57.56999969482422,124100
57.650001525878906,57.959999084472656,57.29999923706055,57.47999954223633,57.47999954223633,139400
57.45000076293945,57.709999084472656,57.15999984741211,57.540000915527344,57.540000915527344,130300
57.790000915527344,58.15999984741211,57.630001068115234,58.02999877929688,58.02999877929688,117700
58.06999969482422,58.2400016784668,57.93999862670898,58.060001373291016,58.060001373291016,93000
57.84000015258789,58.38999938964844,57.84000015258789,57.900001525878906,57.900001525878906,165100
57.880001068115234,58.119998931884766,57.68000030517578,57.880001068115234,57.880001068115234,220700
58.040000915527344,60.540000915527344,58.040000915527344,59.15999984741211,59.15999984741211,371000
59.15999984741211,59.95000076293945,58.709999084472656,59.650001525878906,59.650001525878906,333100
59.47999954223633,60.0099983215332,59.29999923706055,59.869998931884766,59.869998931884766,260800
59.65999984741211,60.08000183105469,59.650001525878906,60.0099983215332,60.0099983215332,129800
59.88999938964844,60.52000045776367,59.81999969482422,60.209999084472656,60.209999084472656,252900
60.29999923706055,60.4900016784668,59.93000030517578,60.43000030517578,60.43000030517578,240600
60.59999847412109,60.900001525878906,60.43999862670898,60.81999969482422,60.81999969482422,168600
60.709999084472656,60.900001525878906,60.22999954223633,60.34999847412109,60.34999847412109,265900
60.22999954223633,60.72999954223633,60.06999969482422,60.150001525878906,60.150001525878906,149600
59.75,59.93000030517578,59.52000045776367,59.84999847412109,59.84999847412109,181500
59.88999938964844,60.290000915527344,59.84999847412109,60.15999984741211,60.15999984741211,170600
60.119998931884766,60.13999938964844,59.66999816894531,59.84000015258789,59.84000015258789,232100
59.470001220703125,60.09000015258789,59.470001220703125,59.97999954223633,59.97999954223633,224600
59.970001220703125,60.4900016784668,59.970001220703125,60.22999954223633,60.22999954223633,65900
60.29999923706055,60.959999084472656,60.209999084472656,60.27000045776367,60.27000045776367,135600
60.0,60.72999954223633,60.0,60.540000915527344,60.540000915527344,174800
60.43999862670898,60.95000076293945,60.310001373291016,60.47999954223633,60.47999954223633,221500
60.27999877929688,61.5,60.15999984741211,60.70000076293945,60.70000076293945,173200
59.79999923706055,60.400001525878906,59.59999847412109,60.31999969482422,60.31999969482422,189600
60.52000045776367,61.459999084472656,60.52000045776367,61.369998931884766,61.369998931884766,173800
61.2599983215332,61.77999877929688,60.880001068115234,61.400001525878906,61.400001525878906,246100
61.45000076293945,61.9900016784668,61.45000076293945,61.7599983215332,61.7599983215332,124800
61.59999847412109,62.68000030517578,61.59999847412109,62.54999923706055,62.54999923706055,132300
62.52000045776367,62.77999877929688,62.20000076293945,62.5099983215332,62.5099983215332,134000
62.70000076293945,63.18999862670898,62.34999847412109,62.720001220703125,62.720001220703125,160200
62.7599983215332,62.959999084472656,61.75,62.06999969482422,62.06999969482422,119700
61.900001525878906,62.34999847412109,61.900001525878906,62.29999923706055,62.29999923706055,77600
62.060001373291016,62.58000183105469,61.97999954223633,62.08000183105469,62.08000183105469,206600
62.0,62.22999954223633,61.75,62.209999084472656,62.209999084472656,176000
62.27000045776367,62.70000076293945,61.72999954223633,62.040000915527344,62.040000915527344,238500
62.16999816894531,62.560001373291016,62.0099983215332,62.15999984741211,62.15999984741211,162400
62.0,62.70000076293945,61.81999969482422,62.560001373291016,62.560001373291016,251900
62.18999862670898,62.77000045776367,61.810001373291016,62.560001373291016,62.560001373291016,192900
61.959999084472656,62.79999923706055,61.709999084472656,62.459999084472656,62.459999084472656,190800
62.54999923706055,63.310001373291016,62.54999923706055,62.90999984741211,62.90999984741211,139600
62.810001373291016,63.33000183105469,62.77000045776367,63.0099983215332,63.0099983215332,269100
63.130001068115234,63.34000015258789,62.68999862670898,63.0,63.0,167000
62.54999923706055,62.79999923706055,61.56999969482422,61.68999862670898,61.68999862670898,243500
61.90999984741211,62.720001220703125,61.70000076293945,62.18999862670898,62.18999862670898,145000
62.34999847412109,62.5,61.72999954223633,61.72999954223633,61.72999954223633,235700
61.81999969482422,62.880001068115234,61.709999084472656,62.7400016784668,62.7400016784668,200500
62.83000183105469,63.5099983215332,62.75,63.31999969482422,63.31999969482422,211000
62.75,63.630001068115234,62.75,63.630001068115234,63.630001068115234,74500
63.630001068115234,63.95000076293945,63.2400016784668,63.58000183105469,63.58000183105469,168200
63.65999984741211,63.93000030517578,63.36000061035156,63.560001373291016,63.560001373291016,238600
63.43000030517578,64.20999908447266,63.43000030517578,64.1500015258789,64.1500015258789,175300
64.16000366210938,64.86000061035156,64.1500015258789,64.7300033569336,64.7300033569336,137000
64.5999984741211,64.98999786376953,64.20999908447266,64.86000061035156,64.86000061035156,124900
64.51000213623047,64.94000244140625,64.36000061035156,64.47000122070312,64.47000122070312,151600
64.88999938964844,66.30999755859375,64.86000061035156,65.97000122070312,65.97000122070312,163900
65.8499984741211,66.20999908447266,65.69000244140625,65.94000244140625,65.94000244140625,132700
65.87000274658203,66.30999755859375,65.77999877929688,65.8499984741211,65.8499984741211,95800
64.87999725341797,65.62000274658203,64.19000244140625,65.58000183105469,65.58000183105469,203200
65.5199966430664,65.95999908447266,65.5,65.8499984741211,65.8499984741211,99100
65.5199966430664,65.79000091552734,65.12999725341797,65.29000091552734,65.29000091552734,144300
65.56999969482422,66.0999984741211,65.47000122070312,65.7300033569336,65.7300033569336,141000
65.5999984741211,65.70999908447266,64.88999938964844,65.11000061035156,65.11000061035156,219700
65.16999816894531,65.5,64.87999725341797,64.9800033569336,64.9800033569336,129700
64.0,64.88999938964844,63.0099983215332,64.45999908447266,64.45999908447266,292600
64.20999908447266,64.9000015258789,64.02999877929688,64.33999633789062,64.33999633789062,141800
64.55999755859375,64.87000274658203,63.59999847412109,63.86000061035156,63.86000061035156,267900
64.19999694824219,64.29000091552734,62.869998931884766,63.619998931884766,63.619998931884766,239200
64.06999969482422,64.54000091552734,63.59999847412109,64.3499984741211,64.3499984741211,245700
64.33999633789062,64.5,62.34999847412109,62.4900016784668,62.4900016784668,400400
62.41999816894531,64.27999877929688,62.2400016784668,63.68999862670898,63.68999862670898,262600
63.630001068115234,64.02999877929688,63.2400016784668,63.720001220703125,63.720001220703125,129000
63.40999984741211,63.97999954223633,63.220001220703125,63.81999969482422,63.81999969482422,57200
63.79999923706055,64.72000122070312,63.06999969482422,63.2599983215332,63.2599983215332,192700
63.13999938964844,64.87000274658203,63.13999938964844,64.58999633789062,64.58999633789062,206100
64.55000305175781,65.29000091552734,64.55000305175781,64.7699966430664,64.7699966430664,156600
64.22000122070312,65.04000091552734,63.9900016784668,64.51000213623047,64.51000213623047,161200
64.27999877929688,65.1500015258789,64.25,64.51000213623047,64.51000213623047,106600
64.61000061035156,65.25,64.61000061035156,65.06999969482422,65.06999969482422,256400
64.45999908447266,64.7699966430664,63.93000030517578,64.4000015258789,64.4000015258789,187200
64.6500015258789,65.02999877929688,64.6500015258789,64.83999633789062,64.83999633789062,98200
64.94999694824219,65.33999633789062,64.80000305175781,65.29000091552734,65.29000091552734,159500
65.08999633789062,65.38999938964844,64.52999877929688,65.01000213623047,65.01000213623047,176300
65.01000213623047,65.56999969482422,64.95999908447266,65.11000061035156,65.11000061035156,87400
65.11000061035156,65.45999908447266,65.08000183105469,65.33000183105469,65.33000183105469,87200
65.05000305175781,65.5199966430664,64.72000122070312,65.3499984741211,65.3499984741211,109300
65.61000061035156,65.61000061035156,65.04000091552734,65.2300033569336,65.2300033569336,152000
65.18000030517578,65.7300033569336,65.08000183105469,65.52999877929688,65.52999877929688,67000
65.72000122070312,65.94000244140625,65.33999633789062,65.51000213623047,65.51000213623047,81400
65.5,66.31999969482422,65.5,65.94999694824219,65.94999694824219,138200
65.76000213623047,66.20999908447266,65.5,65.79000091552734,65.79000091552734,103400
65.47000122070312,65.79000091552734,65.13999938964844,65.56999969482422,65.56999969482422,223400
64.83999633789062,64.91000366210938,63.369998931884766,64.69999694824219,64.69999694824219,171500
64.5,64.7300033569336,63.380001068115234,64.38999938964844,64.38999938964844,147900
64.19000244140625,64.93000030517578,64.08000183105469,64.76000213623047,64.76000213623047,121900
64.5,64.79000091552734,64.12000274658203,64.41000366210938,64.41000366210938,173300
64.25,64.94000244140625,64.25,64.77999877929688,64.77999877929688,76200
64.58000183105469,65.63999938964844,64.58000183105469,65.58000183105469,65.58000183105469,159300
65.3499984741211,66.0199966430664,64.98999786376953,65.27999877929688,65.27999877929688,161100
65.45999908447266,65.58000183105469,65.12999725341797,65.3499984741211,65.3499984741211,148100
65.33999633789062,65.83000183105469,65.22000122070312,65.5199966430664,65.5199966430664,138600
65.29000091552734,66.16000366210938,65.16000366210938,65.22000122070312,65.22000122070312,118400
65.16000366210938,66.13999938964844,65.16000366210938,66.12000274658203,66.12000274658203,114700
65.95999908447266,66.19000244140625,65.33000183105469,66.05999755859375,66.05999755859375,178000
66.18000030517578,66.52999877929688,65.83000183105469,66.2699966430664,66.2699966430664,132600
66.43000030517578,66.44000244140625,65.87999725341797,66.19999694824219,66.19999694824219,208300
65.83999633789062,66.41999816894531,65.83999633789062,66.12000274658203,66.12000274658203,116500
66.33999633789062,66.43000030517578,65.94000244140625,66.04000091552734,66.04000091552734,96100
65.87999725341797,66.33999633789062,65.69999694824219,65.79000091552734,65.79000091552734,135800
65.61000061035156,66.31999969482422,65.04000091552734,65.12000274658203,65.12000274658203,175900
64.9000015258789,65.18000030517578,64.26000213623047,64.4800033569336,64.4800033569336,184800
64.68000030517578,65.5199966430664,64.68000030517578,65.37999725341797,65.37999725341797,181100
65.1500015258789,65.1500015258789,63.630001068115234,63.959999084472656,63.959999084472656,153200
64.08000183105469,64.41000366210938,63.79999923706055,64.19000244140625,64.19000244140625,150000
64.01000213623047,64.01000213623047,62.959999084472656,63.40999984741211,63.40999984741211,123300
63.11000061035156,63.59999847412109,62.650001525878906,62.959999084472656,62.959999084472656,139300
62.59999847412109,62.630001068115234,61.9900016784668,62.34999847412109,62.34999847412109,71300
62.040000915527344,62.68999862670898,61.09999847412109,61.22999954223633,61.22999954223633,208400
60.630001068115234,60.70000076293945,59.15999984741211,59.27000045776367,59.27000045776367,291300
59.0099983215332,60.119998931884766,58.75,59.41999816894531,59.41999816894531,200500
59.959999084472656,60.84000015258789,59.59999847412109,60.27999877929688,60.27999877929688,221100
60.20000076293945,60.900001525878906,59.79999923706055,60.66999816894531,60.66999816894531,171700
61.040000915527344,62.43000030517578,61.02999877929688,62.29999923706055,62.29999923706055,151000
62.08000183105469,62.08000183105469,61.130001068115234,61.33000183105469,61.33000183105469,128100
61.16999816894531,61.31999969482422,59.91999816894531,60.220001220703125,60.220001220703125,133800
60.38999938964844,61.06999969482422,59.84999847412109,60.09999847412109,60.09999847412109,200300
60.150001525878906,61.93999862670898,60.11000061035156,61.650001525878906,61.650001525878906,187000
60.900001525878906,61.869998931884766,60.18000030517578,61.63999938964844,61.63999938964844,189300
61.52000045776367,62.220001220703125,59.790000915527344,59.86000061035156,59.86000061035156,453400
60.02999877929688,60.220001220703125,59.40999984741211,59.560001373291016,59.560001373291016,298500
58.61000061035156,59.150001525878906,58.09000015258789,58.58000183105469,58.58000183105469,253200
58.790000915527344,59.040000915527344,57.459999084472656,57.970001220703125,57.970001220703125,323100
57.959999084472656,59.79999923706055,57.70000076293945,59.70000076293945,59.70000076293945,386100
60.16999816894531,62.16999816894531,60.16999816894531,61.70000076293945,61.70000076293945,487600
61.380001068115234,62.84999847412109,61.09999847412109,62.650001525878906,62.650001525878906,250200
62.61000061035156,62.900001525878906,61.130001068115234,61.29999923706055,61.29999923706055,280500
60.959999084472656,61.400001525878906,60.56999969482422,60.84999847412109,60.84999847412109,164700
60.84000015258789,61.11000061035156,59.81999969482422,60.27999877929688,60.27999877929688,247000
62.86000061035156,63.61000061035156,62.13999938964844,62.15999984741211,62.15999984741211,270100
62.290000915527344,63.040000915527344,62.0,62.45000076293945,62.45000076293945,235000
61.810001373291016,62.29999923706055,61.540000915527344,61.90999984741211,61.90999984741211,174300
61.5,61.7400016784668,60.52999877929688,60.77000045776367,60.77000045776367,176200
60.869998931884766,61.79999923706055,60.84000015258789,61.59000015258789,61.59000015258789,170800
61.86000061035156,62.380001068115234,61.130001068115234,61.470001220703125,61.470001220703125,148200
61.25,62.060001373291016,61.09999847412109,61.900001525878906,61.900001525878906,377800
61.59999847412109,63.06999969482422,61.59999847412109,62.959999084472656,62.959999084472656,247100
62.58000183105469,62.810001373291016,61.0099983215332,61.2400016784668,61.2400016784668,271300
60.4900016784668,61.29999923706055,60.150001525878906,61.20000076293945,61.20000076293945,208800
61.68999862670898,62.709999084472656,61.2599983215332,62.18000030517578,62.18000030517578,191200
61.880001068115234,62.810001373291016,61.880001068115234,62.58000183105469,62.58000183105469,104600
63.0,63.869998931884766,62.91999816894531,63.459999084472656,63.459999084472656,165300
62.97999954223633,63.619998931884766,62.68999862670898,63.15999984741211,63.15999984741211,121700
63.380001068115234,64.12999725341797,63.2400016784668,63.900001525878906,63.900001525878906,180600
63.65999984741211,64.20999908447266,63.45000076293945,63.470001220703125,63.470001220703125,209800
63.470001220703125,64.18000030517578,63.220001220703125,63.81999969482422,63.81999969482422,255600
64.54000091552734,64.73999786376953,63.7599983215332,64.29000091552734,64.29000091552734,280000
64.19000244140625,64.9000015258789,63.540000915527344,63.68000030517578,63.68000030517578,217600
62.56999969482422,63.650001525878906,61.9900016784668,63.59000015258789,63.59000015258789,251900
63.72999954223633,64.3499984741211,62.540000915527344,62.540000915527344,62.540000915527344,301400
62.47999954223633,63.02999877929688,61.790000915527344,62.77999877929688,62.77999877929688,203900
63.43000030517578,64.0,62.81999969482422,63.0,63.0,138700
63.52000045776367,64.83000183105469,63.52000045776367,64.1500015258789,64.1500015258789,214600
64.20999908447266,64.5199966430664,63.66999816894531,63.869998931884766,63.869998931884766,174100
63.34000015258789,63.59000015258789,62.810001373291016,63.02000045776367,63.02000045776367,126800
62.5,62.970001220703125,61.66999816894531,61.84000015258789,61.84000015258789,183700
62.09000015258789,62.61000061035156,61.869998931884766,62.11000061035156,62.11000061035156,133900
62.20000076293945,62.25,60.869998931884766,61.150001525878906,61.150001525878906,267800
60.630001068115234,61.38999938964844,59.13999938964844,59.47999954223633,59.47999954223633,249400
59.38999938964844,59.52999877929688,57.619998931884766,57.77999877929688,57.77999877929688,262100
57.5099983215332,58.790000915527344,57.34999847412109,58.38999938964844,58.38999938964844,135800
58.5,60.18000030517578,57.970001220703125,60.15999984741211,60.15999984741211,140200
59.36000061035156,59.66999816894531,58.45000076293945,59.66999816894531,59.66999816894531,273200
59.9900016784668,60.66999816894531,59.65999984741211,60.060001373291016,60.060001373291016,286800
60.22999954223633,61.18999862670898,60.22999954223633,61.18999862670898,61.18999862670898,309100
60.40999984741211,61.5,60.27000045776367,61.18999862670898,61.18999862670898,225800
60.58000183105469,60.720001220703125,59.560001373291016,59.560001373291016,59.560001373291016,209800
60.22999954223633,60.95000076293945,59.93000030517578,60.68999862670898,60.68999862670898,218000
60.54999923706055,61.7599983215332,60.470001220703125,61.560001373291016,61.560001373291016,213800
61.75,63.040000915527344,61.75,62.880001068115234,62.880001068115234,257700
63.06999969482422,64.5199966430664,63.06999969482422,64.41000366210938,64.41000366210938,231700
63.77000045776367,65.41000366210938,63.68000030517578,65.20999908447266,65.20999908447266,266100
65.0199966430664,65.30000305175781,64.72000122070312,64.83999633789062,64.83999633789062,236400
64.11000061035156,64.31999969482422,63.43000030517578,64.01000213623047,64.01000213623047,186100
64.3499984741211,65.05999755859375,64.2699966430664,64.88999938964844,64.88999938964844,203900
64.95999908447266,65.38999938964844,64.87999725341797,65.2699966430664,65.2699966430664,134400
64.94999694824219,65.31999969482422,64.73999786376953,65.19999694824219,65.19999694824219,227000
65.2300033569336,65.9000015258789,65.2300033569336,65.45999908447266,65.45999908447266,192600
64.77999877929688,65.33000183105469,64.13999938964844,64.37999725341797,64.37999725341797,169800
64.80000305175781,65.0999984741211,64.11000061035156,64.62000274658203,64.62000274658203,176400
64.81999969482422,65.29000091552734,64.38999938964844,64.45999908447266,64.45999908447266,170000
65.0,65.4800033569336,64.68000030517578,65.44000244140625,65.44000244140625,209200
64.83999633789062,65.30999755859375,64.58000183105469,65.29000091552734,65.29000091552734,151400
65.37999725341797,65.37999725341797,64.62000274658203,64.87999725341797,64.87999725341797,149600
64.5199966430664,65.51000213623047,63.880001068115234,65.41999816894531,65.41999816894531,250300
65.05999755859375,65.76000213623047,64.88999938964844,65.7300033569336,65.7300033569336,149400
65.88999938964844,66.68000030517578,65.88999938964844,66.33999633789062,66.33999633789062,185800
66.45999908447266,67.44000244140625,66.23999786376953,67.44000244140625,67.44000244140625,192800
67.04000091552734,68.16999816894531,67.04000091552734,67.44000244140625,67.44000244140625,202700
67.20999908447266,67.43000030517578,66.54000091552734,66.86000061035156,66.86000061035156,231000
66.5999984741211,66.94000244140625,65.9800033569336,66.63999938964844,66.63999938964844,210100
66.44000244140625,67.2699966430664,66.38999938964844,67.26000213623047,67.26000213623047,213900
67.0999984741211,67.37999725341797,66.26000213623047,66.3499984741211,66.3499984741211,152800
66.68000030517578,66.87000274658203,65.80000305175781,66.5999984741211,66.5999984741211,232700
66.66999816894531,66.76000213623047,65.76000213623047,65.7699966430664,65.7699966430664,349400
65.68000030517578,66.44999694824219,65.55000305175781,66.13999938964844,66.13999938964844,201000
66.30999755859375,66.45999908447266,65.98999786376953,66.37999725341797,66.37999725341797,154200
65.9800033569336,66.94000244140625,65.80000305175781,66.5999984741211,66.5999984741211,153600
66.83999633789062,66.9800033569336,66.55999755859375,66.73999786376953,66.73999786376953,103000
66.66000366210938,67.16999816894531,66.4000015258789,66.5999984741211,66.5999984741211,111500
66.94000244140625,67.37000274658203,66.62999725341797,67.23999786376953,67.23999786376953,124400
67.18000030517578,67.75,67.16000366210938,67.31999969482422,67.31999969482422,96900
67.31999969482422,67.47000122070312,67.0999984741211,67.22000122070312,67.22000122070312,123800
67.0,67.69000244140625,66.58999633789062,67.4800033569336,67.4800033569336,129700
67.2699966430664,67.51000213623047,66.95999908447266,67.05000305175781,67.05000305175781,189300
67.25,67.41000366210938,66.98999786376953,67.12999725341797,67.12999725341797,164600
67.01000213623047,67.44000244140625,66.87000274658203,67.2300033569336,67.2300033569336,138000
67.23999786376953,67.41000366210938,66.4000015258789,66.44000244140625,66.44000244140625,235900
66.19000244140625,66.94000244140625,65.6500015258789,66.69000244140625,66.69000244140625,252800
66.5,66.58000183105469,65.5199966430664,65.9000015258789,65.9000015258789,196500
65.45999908447266,65.91000366210938,65.31999969482422,65.87999725341797,65.87999725341797,135700
65.72000122070312,66.87000274658203,65.72000122070312,66.80999755859375,66.80999755859375,106400
66.95999908447266,67.95999908447266,66.62000274658203,67.6500015258789,67.6500015258789,168100
67.55000305175781,67.93000030517578,67.16000366210938,67.37000274658203,67.37000274658203,125000
67.19999694824219,67.63999938964844,67.12000274658203,67.29000091552734,67.29000091552734,89900
67.25,67.73999786376953,67.16999816894531,67.5,67.5,138400
67.33999633789062,67.80999755859375,67.05000305175781,67.77999877929688,67.77999877929688,117200
68.19000244140625,68.37000274658203,67.30999755859375,67.4000015258789,67.4000015258789,192600
67.30999755859375,67.77999877929688,66.9000015258789,67.3499984741211,67.3499984741211,122500
67.12000274658203,67.94999694824219,67.0199966430664,67.77999877929688,67.77999877929688,126000
67.52999877929688,67.68000030517578,67.06999969482422,67.44999694824219,67.44999694824219,188500
67.02999877929688,67.6500015258789,66.91000366210938,67.5,67.5,104100
67.7699966430664,68.25,67.30999755859375,67.5199966430664,67.5199966430664,134600
67.5,68.08999633789062,67.3499984741211,68.05999755859375,68.05999755859375,200200
68.0999984741211,68.69999694824219,67.83000183105469,68.47000122070312,68.47000122070312,120000
68.97000122070312,69.06999969482422,68.36000061035156,68.76000213623047,68.76000213623047,218300
69.26000213623047,69.56999969482422,68.51000213623047,69.31999969482422,69.31999969482422,124400
69.22000122070312,69.6500015258789,69.12000274658203,69.55999755859375,69.55999755859375,143300
69.55000305175781,70.55999755859375,69.41999816894531,70.0999984741211,70.0999984741211,319300
70.0,70.12999725341797,69.11000061035156,69.36000061035156,69.36000061035156,165300
69.4000015258789,69.48999786376953,68.5999984741211,69.08000183105469,69.08000183105469,160700
68.93000030517578,69.26000213623047,68.45999908447266,69.23999786376953,69.23999786376953,108100
68.62999725341797,69.33999633789062,68.62999725341797,69.2300033569336,69.2300033569336,141500
69.30000305175781,69.58000183105469,69.01000213623047,69.0999984741211,69.0999984741211,125900
69.0,69.73999786376953,69.0,69.18000030517578,69.18000030517578,145200
69.44999694824219,70.08000183105469,69.33999633789062,70.05000305175781,70.05000305175781,191400
69.9000015258789,70.87000274658203,69.9000015258789,70.68000030517578,70.68000030517578,156400
70.88999938964844,71.45999908447266,70.61000061035156,70.68000030517578,70.68000030517578,206100
70.87000274658203,71.25,70.26000213623047,70.55000305175781,70.55000305175781,103600
70.56999969482422,70.95999908447266,70.26000213623047,70.93000030517578,70.93000030517578,133200
70.48999786376953,71.25,70.37999725341797,71.01000213623047,71.01000213623047,81600
70.91999816894531,71.48999786376953,70.7300033569336,71.44999694824219,71.44999694824219,131100
71.33999633789062,71.5999984741211,70.77999877929688,70.77999877929688,70.77999877929688,145600
70.7699966430664,71.19999694824219,70.5199966430664,71.16000366210938,71.16000366210938,87700
70.55999755859375,71.4000015258789,70.55000305175781,71.0999984741211,71.0999984741211,135600
70.95999908447266,71.5999984741211,70.95999908447266,71.22000122070312,71.22000122070312,109000
71.19999694824219,72.2300033569336,71.18000030517578,71.83000183105469,71.83000183105469,171800
72.66999816894531,73.55999755859375,71.51000213623047,71.55000305175781,71.55000305175781,274700
71.55000305175781,72.68000030517578,71.27999877929688,72.01000213623047,72.01000213623047,200400
71.81999969482422,72.44999694824219,71.80000305175781,72.12999725341797,72.12999725341797,175500
71.06999969482422,72.12999725341797,70.58000183105469,71.91999816894531,71.91999816894531,186100
71.44999694824219,72.23999786376953,71.26000213623047,71.73999786376953,71.73999786376953,197300
71.4800033569336,71.81999969482422,71.2699966430664,71.37999725341797,71.37999725341797,185000
71.0,71.81999969482422,70.79000091552734,71.16000366210938,71.16000366210938,280800
71.0,71.87999725341797,70.5199966430664,71.81999969482422,71.81999969482422,216000
71.01000213623047,71.3499984741211,70.05000305175781,70.86000061035156,70.86000061035156,198100
70.94999694824219,71.58999633789062,70.8499984741211,71.23999786376953,71.23999786376953,115900
71.0,72.08999633789062,70.97000122070312,71.72000122070312,71.72000122070312,94800
71.72000122070312,72.66000366210938,71.69000244140625,72.37000274658203,72.37000274658203,138100
71.8499984741211,72.77999877929688,71.76000213623047,72.54000091552734,72.54000091552734,165900
72.0999984741211,73.05999755859375,72.0999984741211,72.75,72.75,129900
72.66000366210938,73.61000061035156,72.52999877929688,73.23999786376953,73.23999786376953,199600
73.0,73.55000305175781,73.0,73.25,73.25,90000
73.05000305175781,73.29000091552734,72.51000213623047,73.16999816894531,73.16999816894531,136100
73.12000274658203,73.83999633789062,72.83999633789062,73.06999969482422,73.06999969482422,116900
73.16999816894531,74.19000244140625,73.12999725341797,73.62999725341797,73.62999725341797,147700
73.51000213623047,74.41000366210938,72.7699966430664,72.8499984741211,72.8499984741211,201400
72.91000366210938,73.30000305175781,72.8499984741211,73.0,73.0,130400
72.77999877929688,73.26000213623047,72.66000366210938,72.86000061035156,72.86000061035156,153700
72.54000091552734,72.95999908447266,71.45999908447266,71.94000244140625,71.94000244140625,153500
72.29000091552734,72.94999694824219,71.79000091552734,72.72000122070312,72.72000122070312,135100
72.88999938964844,74.12000274658203,72.88999938964844,73.69000244140625,73.69000244140625,170200
73.61000061035156,74.81999969482422,73.61000061035156,74.70999908447266,74.70999908447266,211400
74.76000213623047,75.77999877929688,74.76000213623047,75.43000030517578,75.43000030517578,141800
75.43000030517578,75.69000244140625,75.08999633789062,75.3499984741211,75.3499984741211,136000
75.56999969482422,75.8499984741211,74.48999786376953,75.22000122070312,75.22000122070312,131800
75.16999816894531,75.94000244140625,75.0,75.56999969482422,75.56999969482422,142800
75.69999694824219,76.48999786376953,75.66999816894531,76.26000213623047,76.26000213623047,130800
75.75,76.37000274658203,75.7300033569336,76.2300033569336,76.2300033569336,154600
76.30999755859375,76.86000061035156,75.97000122070312,76.80000305175781,76.80000305175781,181500
77.0999984741211,77.80000305175781,76.76000213623047,76.76000213623047,76.76000213623047,224600
76.77999877929688,77.20999908447266,76.2300033569336,77.16999816894531,77.16999816894531,120800
77.75,78.05000305175781,76.88999938964844,77.08999633789062,77.08999633789062,146100
77.0,77.05999755859375,76.33000183105469,76.62000274658203,76.62000274658203,143000
76.38999938964844,77.1500015258789,76.38999938964844,77.01000213623047,77.01000213623047,127500
77.0,77.13999938964844,75.80000305175781,75.80000305175781,75.80000305175781,157800
75.87000274658203,76.38999938964844,75.55000305175781,75.9800033569336,75.9800033569336,142100
75.94999694824219,76.94999694824219,75.69999694824219,76.69999694824219,76.69999694824219,120900
76.83999633789062,76.97000122070312,76.25,76.7699966430664,76.7699966430664,146000
77.0,77.37000274658203,76.80000305175781,77.06999969482422,77.06999969482422,56800
77.30000305175781,78.18000030517578,77.0999984741211,78.1500015258789,78.1500015258789,136600
77.9800033569336,78.77999877929688,77.9800033569336,78.41000366210938,78.41000366210938,108400
77.52999877929688,77.76000213623047,76.66000366210938,77.58999633789062,77.58999633789062,289300
77.0999984741211,77.44000244140625,76.81999969482422,77.0199966430664,77.0199966430664,180500
76.70999908447266,78.58000183105469,76.47000122070312,78.02999877929688,78.02999877929688,183600
78.37999725341797,79.04000091552734,77.87000274658203,78.12000274658203,78.12000274658203,109200
78.30999755859375,78.87999725341797,78.05000305175781,78.8499984741211,78.8499984741211,147900
78.86000061035156,78.95999908447266,78.25,78.30000305175781,78.30000305175781,147500
78.05999755859375,78.9800033569336,78.05999755859375,78.69999694824219,78.69999694824219,118100
78.47000122070312,78.6500015258789,78.12999725341797,78.20999908447266,78.20999908447266,114700
78.41999816894531,79.44999694824219,78.36000061035156,78.91999816894531,78.91999816894531,127100
78.56999969482422,79.62000274658203,78.56999969482422,79.47000122070312,79.47000122070312,103500
79.4800033569336,79.69000244140625,78.75,78.75,78.75,103900
78.77999877929688,79.68000030517578,78.77999877929688,79.38999938964844,79.38999938964844,105500
79.45999908447266,79.75,78.62000274658203,79.13999938964844,79.13999938964844,110900
79.13999938964844,79.4800033569336,78.6500015258789,79.41000366210938,79.41000366210938,107900
79.66999816894531,79.79000091552734,79.18000030517578,79.38999938964844,79.38999938964844,101900
79.58999633789062,80.43000030517578,79.58999633789062,80.30000305175781,80.30000305175781,122400
80.20999908447266,80.5,79.72000122070312,79.79000091552734,79.79000091552734,108800
79.58000183105469,79.9000015258789,79.26000213623047,79.37000274658203,79.37000274658203,183900
78.63999938964844,79.01000213623047,76.13999938964844,76.93000030517578,76.93000030517578,375200
77.02999877929688,78.75,76.69999694824219,77.18000030517578,77.18000030517578,250400
76.77999877929688,76.77999877929688,75.04000091552734,76.12999725341797,76.12999725341797,212700
74.91999816894531,75.20999908447266,74.12000274658203,74.62999725341797,74.62999725341797,161500
74.7300033569336,75.91000366210938,74.43000030517578,75.20999908447266,75.20999908447266,221400
74.5199966430664,75.91999816894531,74.25,75.7300033569336,75.7300033569336,143900
76.01000213623047,76.66000366210938,75.97000122070312,76.5,76.5,84000
76.51000213623047,76.91999816894531,76.12000274658203,76.52999877929688,76.52999877929688,165900
76.0,76.97000122070312,75.95999908447266,76.33000183105469,76.33000183105469,125300
75.58999633789062,77.43000030517578,75.58999633789062,77.05999755859375,77.05999755859375,129900
75.75,76.80999755859375,75.52999877929688,75.61000061035156,75.61000061035156,228500
75.58000183105469,76.91000366210938,75.45999908447266,76.58999633789062,76.58999633789062,162700
77.19999694824219,77.94000244140625,76.87999725341797,77.86000061035156,77.86000061035156,145500
77.8499984741211,78.69000244140625,75.45999908447266,78.5199966430664,78.5199966430664,148400
78.30999755859375,78.5,77.52999877929688,77.52999877929688,77.52999877929688,119800
78.18000030517578,78.87000274658203,78.0,78.20999908447266,78.20999908447266,79600
78.1500015258789,78.2699966430664,77.48999786376953,78.08999633789062,78.08999633789062,76700
78.0199966430664,78.43000030517578,76.41000366210938,76.52999877929688,76.52999877929688,152200
76.63999938964844,77.45999908447266,76.58000183105469,77.33000183105469,77.33000183105469,106600
77.73999786376953,78.45999908447266,77.66999816894531,78.12000274658203,78.12000274658203,163500
77.76000213623047,78.19999694824219,77.36000061035156,77.52999877929688,77.52999877929688,129800
77.69999694824219,78.55999755859375,77.69999694824219,78.47000122070312,78.47000122070312,135100
78.51000213623047,78.86000061035156,78.0,78.4800033569336,78.4800033569336,123400
77.95999908447266,78.80000305175781,77.66000366210938,78.20999908447266,78.20999908447266,159800
78.5,79.31999969482422,78.5,79.0199966430664,79.0199966430664,109500
79.37000274658203,80.58999633789062,79.37000274658203,79.80000305175781,79.80000305175781,136000
79.87999725341797,80.54000091552734,79.87999725341797,80.08999633789062,80.08999633789062,147700
79.97000122070312,80.0999984741211,78.1500015258789,78.55999755859375,78.55999755859375,120600
78.37999725341797,78.37999725341797,76.58999633789062,77.79000091552734,77.79000091552734,156000
77.75,78.26000213623047,77.13999938964844,78.16999816894531,78.16999816894531,172900
78.29000091552734,78.77999877929688,78.05000305175781,78.2300033569336,78.2300033569336,134700
78.18000030517578,78.4000015258789,77.41000366210938,77.62999725341797,77.62999725341797,122300
77.1500015258789,77.55999755859375,76.94000244140625,77.36000061035156,77.36000061035156,112100
77.37999725341797,78.12000274658203,77.37999725341797,78.05999755859375,78.05999755859375,106500
78.11000061035156,78.11000061035156,77.12000274658203,77.83000183105469,77.83000183105469,115900
78.1500015258789,79.27999877929688,77.88999938964844,78.5999984741211,78.5999984741211,91400
78.7300033569336,79.31999969482422,77.63999938964844,77.7699966430664,77.7699966430664,170300
77.52999877929688,77.93000030517578,77.2699966430664,77.55999755859375,77.55999755859375,121400
77.81999969482422,78.69999694824219,77.55000305175781,77.94000244140625,77.94000244140625,137800
77.54000091552734,78.51000213623047,76.61000061035156,78.33999633789062,78.33999633789062,167000
78.33999633789062,79.18000030517578,78.19000244140625,78.6500015258789,78.6500015258789,197000
78.72000122070312,79.08000183105469,78.11000061035156,78.41999816894531,78.41999816894531,177800
78.08000183105469,79.5999984741211,78.08000183105469,79.13999938964844,79.13999938964844,161400
79.0,79.55000305175781,77.87000274658203,77.91000366210938,77.91000366210938,180900
77.55000305175781,77.62000274658203,76.18000030517578,76.61000061035156,76.61000061035156,176500
76.4800033569336,76.91000366210938,75.80000305175781,76.25,76.25,140600
76.30999755859375,77.18000030517578,76.30999755859375,77.16000366210938,77.16000366210938,126400
76.68000030517578,77.13999938964844,76.47000122070312,76.55999755859375,76.55999755859375,177200
76.61000061035156,77.93000030517578,76.5999984741211,77.06999969482422,77.06999969482422,207400
77.4000015258789,78.12999725341797,77.2300033569336,77.80999755859375,77.80999755859375,158100
77.37000274658203,78.58999633789062,77.37000274658203,78.01000213623047,78.01000213623047,132900
78.6500015258789,79.23999786376953,78.19999694824219,78.19999694824219,78.19999694824219,132900
78.0199966430664,78.54000091552734,77.8499984741211,78.02999877929688,78.02999877929688,41700
78.23999786376953,78.98999786376953,77.9000015258789,78.5199966430664,78.5199966430664,220900
78.41999816894531,78.41999816894531,77.55000305175781,77.76000213623047,77.76000213623047,236300
78.02999877929688,78.47000122070312,77.76000213623047,78.08999633789062,78.08999633789062,143400
78.45999908447266,78.45999908447266,77.47000122070312,77.6500015258789,77.6500015258789,141000
77.69999694824219,79.16000366210938,77.69999694824219,79.02999877929688,79.02999877929688,181900
79.0999984741211,79.38999938964844,77.58999633789062,77.63999938964844,77.63999938964844,142500
77.76000213623047,78.13999938964844,77.5199966430664,77.80999755859375,77.80999755859375,146200
78.0,78.7300033569336,77.93000030517578,78.12999725341797,78.12999725341797,149400
78.06999969482422,78.38999938964844,77.63999938964844,78.16000366210938,78.16000366210938,136700
78.4000015258789,78.43000030517578,77.91000366210938,78.29000091552734,78.29000091552734,127900
78.25,78.61000061035156,77.33999633789062,77.37999725341797,77.37999725341797,177400
77.5999984741211,78.1500015258789,77.30000305175781,78.11000061035156,78.11000061035156,225100
78.0,78.23999786376953,77.58999633789062,77.72000122070312,77.72000122070312,177200
78.0,78.51000213623047,77.7699966430664,78.30999755859375,78.30999755859375,141100
78.25,78.80000305175781,77.91000366210938,77.94999694824219,77.94999694824219,153700
78.02999877929688,78.06999969482422,77.22000122070312,77.68000030517578,77.68000030517578,125200
77.2300033569336,80.56999969482422,77.2300033569336,79.44000244140625,79.44000244140625,309200
79.5,79.83999633789062,79.18000030517578,79.58000183105469,79.58000183105469,157000
79.18000030517578,80.55000305175781,79.0,80.26000213623047,80.26000213623047,175200
79.80000305175781,80.87999725341797,79.4000015258789,80.13999938964844,80.13999938964844,175500
80.11000061035156,80.48999786376953,79.7699966430664,80.02999877929688,80.02999877929688,105800
79.62000274658203,79.9800033569336,79.41999816894531,79.79000091552734,79.79000091552734,244900
79.55000305175781,80.88999938964844,79.52999877929688,80.83999633789062,80.83999633789062,132700
80.88999938964844,81.62999725341797,80.75,81.5999984741211,81.5999984741211,178100
81.1500015258789,82.0,81.1500015258789,81.75,81.75,121800
82.0,82.62999725341797,81.86000061035156,82.43000030517578,82.43000030517578,124200
82.2300033569336,82.6500015258789,81.3499984741211,81.73999786376953,81.73999786376953,123900
81.68000030517578,82.08999633789062,81.5999984741211,81.81999969482422,81.81999969482422,130900
81.7300033569336,81.81999969482422,81.06999969482422,81.44999694824219,81.44999694824219,104200
81.45999908447266,81.94999694824219,81.33999633789062,81.63999938964844,81.63999938964844,144900
81.4800033569336,83.16000366210938,81.4000015258789,82.86000061035156,82.86000061035156,189800
82.81999969482422,83.4800033569336,82.63999938964844,83.19000244140625,83.19000244140625,123700
82.69000244140625,83.5199966430664,82.69000244140625,83.13999938964844,83.13999938964844,64700
82.80999755859375,83.63999938964844,82.19000244140625,83.29000091552734,83.29000091552734,181500
82.25,83.12999725341797,82.08999633789062,82.56999969482422,82.56999969482422,162100
82.66000366210938,83.2300033569336,82.66000366210938,82.81999969482422,82.81999969482422,150700
82.81999969482422,83.11000061035156,82.37999725341797,82.55999755859375,82.55999755859375,381700
82.62999725341797,83.20999908447266,82.30999755859375,83.0,83.0,295000
83.08999633789062,83.33999633789062,82.33999633789062,82.37000274658203,82.37000274658203,115400
82.0999984741211,82.69999694824219,82.06999969482422,82.62999725341797,82.62999725341797,150600
82.5,82.97000122070312,82.22000122070312,82.69000244140625,82.69000244140625,194900
82.4800033569336,83.0999984741211,82.0,82.83000183105469,82.83000183105469,124900
82.66000366210938,83.4000015258789,82.61000061035156,83.0199966430664,83.0199966430664,148700
83.06999969482422,83.95999908447266,82.9000015258789,83.31999969482422,83.31999969482422,112800
83.25,83.5,82.8499984741211,83.08999633789062,83.08999633789062,107500
82.9800033569336,83.66999816894531,82.66999816894531,83.5199966430664,83.5199966430664,181800
83.30999755859375,84.2300033569336,83.05000305175781,84.0199966430664,84.0199966430664,140000
83.77999877929688,85.0,83.58000183105469,84.51000213623047,84.51000213623047,185800
84.44000244140625,84.69999694824219,83.7699966430664,83.79000091552734,83.79000091552734,102400
83.62999725341797,83.76000213623047,83.19000244140625,83.55999755859375,83.55999755859375,62200
83.55000305175781,83.9000015258789,83.4000015258789,83.80000305175781,83.80000305175781,47700
84.0199966430664,84.2300033569336,83.61000061035156,84.08000183105469,84.08000183105469,127600
84.04000091552734,84.05000305175781,82.91000366210938,83.48999786376953,83.48999786376953,117800
83.45999908447266,83.9000015258789,83.41000366210938,83.70999908447266,83.70999908447266,134500
83.58999633789062,84.30000305175781,83.58000183105469,84.2300033569336,84.2300033569336,142400
83.30999755859375,84.19999694824219,83.18000030517578,83.80999755859375,83.80999755859375,131600
83.33999633789062,84.4000015258789,83.30999755859375,84.33999633789062,84.33999633789062,161700
84.06999969482422,84.58000183105469,84.04000091552734,84.38999938964844,84.38999938964844,110700
84.4000015258789,85.54000091552734,84.4000015258789,85.1500015258789,85.1500015258789,222700
85.5,86.58999633789062,85.31999969482422,86.18000030517578,86.18000030517578,198200
86.5199966430664,86.5199966430664,85.4000015258789,85.62999725341797,85.62999725341797,158600
85.41000366210938,86.37999725341797,85.41000366210938,86.31999969482422,86.31999969482422,110300
86.0999984741211,86.48999786376953,85.81999969482422,85.97000122070312,85.97000122070312,131700
86.18000030517578,86.77999877929688,86.08000183105469,86.16999816894531,86.16999816894531,131200
86.33000183105469,86.83000183105469,86.08000183105469,86.55000305175781,86.55000305175781,130000
86.55000305175781,87.0999984741211,86.33999633789062,86.72000122070312,86.72000122070312,132500
86.33999633789062,87.0,86.0199966430664,86.04000091552734,86.04000091552734,156800
86.41000366210938,86.8499984741211,86.02999877929688,86.08999633789062,86.08999633789062,141700
85.91999816894531,86.86000061035156,85.88999938964844,86.4800033569336,86.4800033569336,118200
86.81999969482422,87.12999725341797,85.72000122070312,86.19999694824219,86.19999694824219,155900
85.02999877929688,86.0199966430664,84.86000061035156,85.2300033569336,85.2300033569336,248600
85.38999938964844,86.08999633789062,85.22000122070312,85.8499984741211,85.8499984741211,207900
85.45999908447266,85.58999633789062,78.7300033569336,78.80999755859375,78.80999755859375,771600
78.19999694824219,79.33000183105469,77.3499984741211,77.91999816894531,77.91999816894531,473200
77.7300033569336,77.7300033569336,75.61000061035156,76.5199966430664,76.5199966430664,571300
76.9000015258789,77.22000122070312,76.19999694824219,76.73999786376953,76.73999786376953,399800
77.05000305175781,77.36000061035156,76.1500015258789,76.2699966430664,76.2699966430664,428100
76.7300033569336,76.7300033569336,75.33999633789062,75.91000366210938,75.91000366210938,253800
75.9800033569336,78.2300033569336,75.94999694824219,78.19000244140625,78.19000244140625,255800
77.9800033569336,77.9800033569336,76.76000213623047,77.13999938964844,77.13999938964844,229200
76.9800033569336,77.80999755859375,76.72000122070312,77.76000213623047,77.76000213623047,143800
77.91999816894531,77.98999786376953,76.9000015258789,76.94999694824219,76.94999694824219,154100
77.0999984741211,77.4000015258789,76.5,77.3499984741211,77.3499984741211,159100
76.94999694824219,77.52999877929688,76.58000183105469,76.9800033569336,76.9800033569336,142600
77.04000091552734,77.66000366210938,76.9000015258789,77.58000183105469,77.58000183105469,151000
77.45999908447266,77.45999908447266,76.54000091552734,77.08000183105469,77.08000183105469,171800
77.44999694824219,77.44999694824219,76.44000244140625,76.51000213623047,76.51000213623047,254500
76.2699966430664,76.30000305175781,74.66000366210938,75.52999877929688,75.52999877929688,291300
75.4000015258789,75.80000305175781,75.0,75.6500015258789,75.6500015258789,184900
73.63999938964844,74.9800033569336,72.44000244140625,74.08999633789062,74.08999633789062,277800
74.44000244140625,74.6500015258789,71.94999694824219,72.55999755859375,72.55999755859375,346700
72.44000244140625,73.36000061035156,72.23999786376953,72.54000091552734,72.54000091552734,307200
71.36000061035156,72.30999755859375,70.19000244140625,70.29000091552734,70.29000091552734,291600
67.75,70.45999908447266,67.08999633789062,70.41000366210938,70.41000366210938,455400
70.45999908447266,71.9000015258789,69.94000244140625,71.83000183105469,71.83000183105469,293900
71.83000183105469,72.0,69.91000366210938,70.19000244140625,70.19000244140625,332000
71.06999969482422,72.30000305175781,70.52999877929688,72.26000213623047,72.26000213623047,227800
71.05000305175781,71.83999633789062,70.97000122070312,71.22000122070312,71.22000122070312,249700
69.72000122070312,71.01000213623047,69.61000061035156,70.58999633789062,70.58999633789062,396600
66.7300033569336,69.06999969482422,65.33000183105469,66.45999908447266,66.45999908447266,375200
67.69999694824219,68.93000030517578,66.58000183105469,68.83999633789062,68.83999633789062,518500
67.48999786376953,68.05999755859375,65.61000061035156,66.20999908447266,66.20999908447266,427300
60.81999969482422,61.709999084472656,58.060001373291016,58.290000915527344,58.290000915527344,589600
60.150001525878906,61.36000061035156,58.75,60.34999847412109,60.34999847412109,578100
54.220001220703125,57.209999084472656,52.27999877929688,54.650001525878906,54.650001525878906,545600
54.970001220703125,55.54999923706055,52.72999954223633,53.369998931884766,53.369998931884766,540300
50.70000076293945,52.5,46.43000030517578,48.650001525878906,48.650001525878906,473300
48.130001068115234,52.22999954223633,47.5,51.0,51.0,559900
52.08000183105469,52.970001220703125,47.91999816894531,48.18999862670898,48.18999862670898,448200
47.52999877929688,49.33000183105469,46.31999969482422,46.84999847412109,46.84999847412109,785500
48.709999084472656,49.61000061035156,47.88999938964844,49.34000015258789,49.34000015258789,641000
49.560001373291016,52.4900016784668,48.540000915527344,49.31999969482422,49.31999969482422,598800
49.720001220703125,52.470001220703125,49.720001220703125,52.20000076293945,52.20000076293945,678500
50.959999084472656,51.06999969482422,49.04999923706055,50.209999084472656,50.209999084472656,605200
50.02000045776367,52.650001525878906,49.63999938964844,52.41999816894531,52.41999816894531,447400
52.02000045776367,54.81999969482422,51.84999847412109,54.40999984741211,54.40999984741211,535500
53.380001068115234,54.810001373291016,52.61000061035156,53.34000015258789,53.34000015258789,539200
