33.97999954223633,35.869998931884766,33.060001373291016,34.79999923706055,34.79999923706055,1152200
35.25,36.619998931884766,34.599998474121094,35.9900016784668,35.9900016784668,510700
36.09999847412109,36.5,34.61000061035156,35.310001373291016,35.310001373291016,455300
35.369998931884766,35.369998931884766,30.815000534057617,30.90999984741211,30.90999984741211,754100
30.780000686645508,34.470001220703125,29.86000061035156,33.63999938964844,33.63999938964844,1185600
34.08000183105469,36.560001373291016,32.880001068115234,35.15999984741211,35.15999984741211,856200
35.58000183105469,35.58000183105469,31.34000015258789,35.0,35.0,729600
33.900001525878906,37.70000076293945,33.619998931884766,37.52000045776367,37.52000045776367,869600
37.29999923706055,37.75,35.22999954223633,35.95000076293945,35.95000076293945,560300
35.849998474121094,36.119998931884766,32.54999923706055,33.189998626708984,33.189998626708984,559600
33.599998474121094,33.95000076293945,31.950000762939453,32.86000061035156,32.86000061035156,551600
32.779998779296875,34.029998779296875,32.16999816894531,32.38999938964844,32.38999938964844,398500
33.09000015258789,33.18000030517578,32.130001068115234,32.380001068115234,32.380001068115234,210400
31.6200008392334,33.119998931884766,30.81999969482422,31.26000022888184,31.26000022888184,806200
31.940000534057617,33.20000076293945,30.299999237060547,32.63999938964844,32.63999938964844,674400
32.7400016784668,33.040000915527344,30.834999084472656,32.790000915527344,32.790000915527344,899200
32.70000076293945,32.70000076293945,30.670000076293945,30.950000762939453,30.950000762939453,408100
31.0,32.88999938964844,30.71999931335449,31.01000022888184,31.01000022888184,432700
31.270000457763672,31.88999938964844,30.729999542236328,31.049999237060547,31.049999237060547,401500
30.690000534057617,32.0,30.350000381469727,31.6299991607666,31.6299991607666,277500
32.400001525878906,32.720001220703125,31.520000457763672,31.979999542236328,31.979999542236328,320700
32.18000030517578,32.689998626708984,30.0,30.690000534057617,30.690000534057617,900400
30.600000381469727,31.5,30.36000061035156,31.3799991607666,31.3799991607666,390600
32.63999938964844,35.0,30.36000061035156,31.21999931335449,31.21999931335449,1362500
31.479999542236328,32.0,30.559999465942383,30.93000030517578,30.93000030517578,442700
31.0,31.38999938964844,30.68000030517578,31.040000915527344,31.040000915527344,176200
30.899999618530277,31.40999984741211,30.549999237060547,31.100000381469727,31.100000381469727,126100
31.18000030517578,32.68000030517578,30.57999992370605,31.950000762939453,31.950000762939453,515600
31.8700008392334,32.209999084472656,31.25,32.06999969482422,32.06999969482422,109600
32.400001525878906,32.43000030517578,31.0,31.209999084472656,31.209999084472656,242900
31.40999984741211,31.79700088500977,29.989999771118164,30.0,30.0,299100
30.780000686645508,31.3700008392334,30.36000061035156,31.040000915527344,31.040000915527344,457700
30.96999931335449,31.14900016784668,30.280000686645508,30.90999984741211,30.90999984741211,270200
30.93000030517578,33.0,30.780000686645508,31.799999237060547,31.799999237060547,370800
32.029998779296875,32.95000076293945,31.40999984741211,32.63999938964844,32.63999938964844,227400
32.619998931884766,34.599998474121094,31.809999465942383,33.43000030517578,33.43000030517578,610200
33.33000183105469,34.41999816894531,32.900001525878906,33.689998626708984,33.689998626708984,332400
33.77000045776367,35.650001525878906,33.630001068115234,34.08000183105469,34.08000183105469,435500
34.13999938964844,34.56399917602539,33.84000015258789,34.38999938964844,34.38999938964844,130700
34.20000076293945,35.08000183105469,33.992000579833984,35.060001373291016,35.060001373291016,135800
35.02000045776367,36.18999862670898,34.43000030517578,35.650001525878906,35.650001525878906,316200
35.65999984741211,37.900001525878906,35.38999938964844,37.29999923706055,37.29999923706055,851900
37.40999984741211,38.18000030517578,36.880001068115234,37.650001525878906,37.650001525878906,323800
37.54999923706055,39.119998931884766,37.5099983215332,39.09999847412109,39.09999847412109,269800
38.88999938964844,39.09000015258789,37.25,38.0099983215332,38.0099983215332,179400
37.68999862670898,37.900001525878906,35.36000061035156,35.47999954223633,35.47999954223633,403000
35.54999923706055,35.54999923706055,33.119998931884766,33.650001525878906,33.650001525878906,505700
36.25,37.4900016784668,34.5,36.0,36.0,2109600
36.34999847412109,36.34999847412109,33.75,34.9900016784668,34.9900016784668,437700
35.06999969482422,36.209999084472656,34.59000015258789,35.77000045776367,35.77000045776367,339700
35.9900016784668,36.2599983215332,34.849998474121094,34.9900016784668,34.9900016784668,284800
35.06999969482422,35.65599822998047,34.18000030517578,34.45000076293945,34.45000076293945,141800
34.369998931884766,35.0,33.970001220703125,34.95000076293945,34.95000076293945,252100
34.95000076293945,35.27799987792969,34.369998931884766,35.220001220703125,35.220001220703125,387500
35.290000915527344,36.36000061035156,34.95000076293945,35.40999984741211,35.40999984741211,329000
35.56999969482422,37.790000915527344,32.869998931884766,35.47999954223633,35.47999954223633,1622400
35.58000183105469,35.91999816894531,34.20000076293945,34.650001525878906,34.650001525878906,377100
34.650001525878906,36.43000030517578,33.22999954223633,34.20000076293945,34.20000076293945,1444300
34.310001373291016,35.540000915527344,33.630001068115234,35.40999984741211,35.40999984741211,379000
35.79999923706055,36.470001220703125,33.56999969482422,33.81999969482422,33.81999969482422,463700
33.900001525878906,34.709999084472656,33.709999084472656,33.77000045776367,33.77000045776367,356400
33.77000045776367,34.189998626708984,33.709999084472656,34.099998474121094,34.099998474121094,83800
34.31999969482422,34.459999084472656,32.58000183105469,32.70000076293945,32.70000076293945,269500
32.61000061035156,32.95000076293945,30.8799991607666,31.479999542236328,31.479999542236328,896900
31.600000381469727,32.290000915527344,30.96999931335449,31.8700008392334,31.8700008392334,203300
31.01000022888184,32.25,30.6200008392334,31.88999938964844,31.88999938964844,244500
31.920000076293945,32.959999084472656,31.739999771118164,32.86000061035156,32.86000061035156,216100
33.0,33.68000030517578,32.72999954223633,33.529998779296875,33.529998779296875,376000
33.400001525878906,33.68000030517578,32.400001525878906,32.439998626708984,32.439998626708984,178900
32.790000915527344,33.18000030517578,32.290000915527344,32.959999084472656,32.959999084472656,207500
32.810001373291016,33.31999969482422,31.670000076293945,31.8799991607666,31.8799991607666,257400
31.959999084472656,32.560001373291016,31.63500022888184,32.130001068115234,32.130001068115234,183100
31.88999938964844,32.970001220703125,31.88999938964844,32.779998779296875,32.779998779296875,282400
33.0,33.0,32.150001525878906,32.41999816894531,32.41999816894531,371800
32.47999954223633,33.83000183105469,32.2599983215332,33.52000045776367,33.52000045776367,424000
36.45000076293945,37.33000183105469,34.20000076293945,34.959999084472656,34.959999084472656,982800
36.59999847412109,36.93000030517578,34.61000061035156,35.22999954223633,35.22999954223633,548900
35.15999984741211,38.900001525878906,35.02799987792969,38.02000045776367,38.02000045776367,817400
38.5,41.0,37.0099983215332,37.59000015258789,37.59000015258789,721700
37.70000076293945,38.27999877929688,36.310001373291016,36.52000045776367,36.52000045776367,256000
35.97999954223633,36.90999984741211,35.900001525878906,36.290000915527344,36.290000915527344,273100
36.34999847412109,36.970001220703125,35.2599983215332,35.7599983215332,35.7599983215332,460700
35.7599983215332,36.93999862670898,35.47999954223633,36.2599983215332,36.2599983215332,139900
35.97999954223633,36.66999816894531,35.70000076293945,35.83000183105469,35.83000183105469,202600
35.560001373291016,37.150001525878906,35.41999816894531,36.91999816894531,36.91999816894531,144200
36.90999984741211,37.125,35.720001220703125,35.83000183105469,35.83000183105469,143300
35.66999816894531,36.959999084472656,35.290000915527344,36.400001525878906,36.400001525878906,334300
36.34999847412109,38.810001373291016,36.209999084472656,38.790000915527344,38.790000915527344,464200
38.54999923706055,40.0,38.5,39.36000061035156,39.36000061035156,493700
39.65999984741211,45.79999923706055,39.65999984741211,45.209999084472656,45.209999084472656,1240600
44.65999984741211,45.08000183105469,42.17100143432617,42.7599983215332,42.7599983215332,596000
43.27999877929688,43.31999969482422,40.84999847412109,40.93000030517578,40.93000030517578,339200
41.38999938964844,44.220001220703125,40.79999923706055,41.11000061035156,41.11000061035156,666100
41.5,42.93000030517578,41.27999877929688,42.40999984741211,42.40999984741211,422500
42.400001525878906,42.59000015258789,40.84999847412109,42.45000076293945,42.45000076293945,306000
42.77999877929688,44.02999877929688,42.77999877929688,43.45000076293945,43.45000076293945,432400
43.59999847412109,45.65999984741211,41.858001708984375,42.7599983215332,42.7599983215332,900600
43.7599983215332,44.18999862670898,38.0,39.15999984741211,39.15999984741211,1591600
39.02000045776367,39.13100051879883,37.900001525878906,38.47999954223633,38.47999954223633,763600
38.900001525878906,39.25,38.560001373291016,38.959999084472656,38.959999084472656,332000
38.83000183105469,38.83000183105469,38.209999084472656,38.68000030517578,38.68000030517578,128400
38.52999877929688,38.90800094604492,37.57899856567383,38.43999862670898,38.43999862670898,198600
38.34999847412109,39.4900016784668,37.95000076293945,39.31999969482422,39.31999969482422,319900
39.65999984741211,42.0,39.209999084472656,40.84000015258789,40.84000015258789,1052300
40.040000915527344,40.38999938964844,39.650001525878906,39.650001525878906,39.650001525878906,4603700
40.0,40.16999816894531,39.13999938964844,39.75,39.75,869800
39.650001525878906,40.150001525878906,39.560001373291016,39.70000076293945,39.70000076293945,1342200
39.52000045776367,39.900001525878906,38.5,39.2599983215332,39.2599983215332,1234200
39.209999084472656,39.54999923706055,38.59999847412109,38.880001068115234,38.880001068115234,638900
38.59999847412109,38.9900016784668,37.02000045776367,37.720001220703125,37.720001220703125,1033100
37.70000076293945,39.4900016784668,37.70000076293945,39.45000076293945,39.45000076293945,1762300
39.5099983215332,40.09000015258789,38.95000076293945,39.56999969482422,39.56999969482422,727300
39.220001220703125,40.9900016784668,38.6510009765625,39.52000045776367,39.52000045776367,1272700
39.5,39.77000045776367,38.310001373291016,38.58000183105469,38.58000183105469,755200
38.619998931884766,38.970001220703125,38.15999984741211,38.470001220703125,38.470001220703125,810200
39.209999084472656,39.48099899291992,37.90999984741211,37.9900016784668,37.9900016784668,1593300
38.0,38.11600112915039,35.209999084472656,35.4900016784668,35.4900016784668,1350600
35.040000915527344,36.630001068115234,34.970001220703125,35.31999969482422,35.31999969482422,899300
35.459999084472656,36.15999984741211,34.45000076293945,35.90999984741211,35.90999984741211,746400
35.72999954223633,36.209999084472656,34.47999954223633,34.720001220703125,34.720001220703125,901400
34.7400016784668,35.13999938964844,34.099998474121094,34.58000183105469,34.58000183105469,685200
34.15999984741211,35.459999084472656,33.56999969482422,35.36000061035156,35.36000061035156,720800
35.31999969482422,35.5,34.20000076293945,34.2400016784668,34.2400016784668,514900
33.75,35.27000045776367,33.619998931884766,35.04999923706055,35.04999923706055,1426900
34.84000015258789,35.68000030517578,34.52000045776367,35.09000015258789,35.09000015258789,458900
35.20000076293945,35.95600128173828,34.869998931884766,35.599998474121094,35.599998474121094,537400
35.599998474121094,36.220001220703125,35.10499954223633,35.650001525878906,35.650001525878906,692200
35.36000061035156,36.38999938964844,35.279998779296875,36.20000076293945,36.20000076293945,664200
37.0,37.5,36.400001525878906,37.11000061035156,37.11000061035156,1104000
37.61000061035156,37.61000061035156,36.060001373291016,36.91999816894531,36.91999816894531,913300
36.459999084472656,36.95000076293945,35.15999984741211,35.349998474121094,35.349998474121094,767400
35.310001373291016,35.869998931884766,34.33000183105469,35.34000015258789,35.34000015258789,725300
35.68000030517578,37.29999923706055,35.56999969482422,36.61000061035156,36.61000061035156,1195800
36.08000183105469,37.709999084472656,35.790000915527344,36.97999954223633,36.97999954223633,1281200
36.31999969482422,37.5,36.16999816894531,37.02000045776367,37.02000045776367,580200
37.2599983215332,37.40999984741211,36.84000015258789,37.060001373291016,37.060001373291016,1162200
36.83000183105469,37.29999923706055,36.56999969482422,36.86000061035156,36.86000061035156,517300
36.900001525878906,37.119998931884766,35.9010009765625,36.95000076293945,36.95000076293945,947600
36.790000915527344,37.54999923706055,36.13999938964844,37.16999816894531,37.16999816894531,1423900
39.02999877929688,39.560001373291016,37.0,37.18999862670898,37.18999862670898,4451000
36.150001525878906,36.70000076293945,35.34000015258789,36.0,36.0,2331700
35.54999923706055,36.84999847412109,35.310001373291016,36.470001220703125,36.470001220703125,1283400
36.40999984741211,36.5099983215332,35.65999984741211,36.2400016784668,36.2400016784668,2218700
36.150001525878906,36.459999084472656,35.9900016784668,36.09000015258789,36.09000015258789,1069500
36.0,36.38999938964844,35.43000030517578,35.81999969482422,35.81999969482422,974900
36.0,36.4900016784668,35.209999084472656,36.36000061035156,36.36000061035156,1174600
36.18000030517578,36.5,36.013999938964844,36.41999816894531,36.41999816894531,2085100
36.27000045776367,37.29999923706055,36.25,36.34999847412109,36.34999847412109,4339800
36.59000015258789,36.83000183105469,33.97600173950195,34.209999084472656,34.209999084472656,1809300
34.279998779296875,34.93000030517578,33.810001373291016,33.97999954223633,33.97999954223633,1170700
33.630001068115234,33.900001525878906,31.799999237060547,33.25,33.25,3063500
33.2400016784668,33.810001373291016,32.970001220703125,33.52000045776367,33.52000045776367,1037800
33.869998931884766,34.29999923706055,33.209999084472656,34.130001068115234,34.130001068115234,1504100
33.970001220703125,34.72999954223633,33.86000061035156,34.5099983215332,34.5099983215332,936200
34.619998931884766,35.11000061035156,34.08000183105469,34.369998931884766,34.369998931884766,895600
34.279998779296875,34.970001220703125,33.400001525878906,33.86000061035156,33.86000061035156,637200
33.689998626708984,34.189998626708984,33.04999923706055,34.060001373291016,34.060001373291016,751000
34.06999969482422,34.61000061035156,33.8650016784668,34.29999923706055,34.29999923706055,1166700
34.349998474121094,35.09400177001953,34.03499984741211,34.779998779296875,34.779998779296875,700000
34.41999816894531,34.619998931884766,33.7599983215332,34.54999923706055,34.54999923706055,2217700
34.81999969482422,35.029998779296875,34.38999938964844,34.900001525878906,34.900001525878906,2858100
34.9900016784668,35.540000915527344,34.88999938964844,35.5,35.5,1250800
35.83000183105469,36.33000183105469,35.51300048828125,36.0,36.0,2103300
35.88999938964844,36.51499938964844,35.81999969482422,36.36000061035156,36.36000061035156,1041300
36.5,37.150001525878906,36.27999877929688,36.79999923706055,36.79999923706055,526800
36.720001220703125,36.75,35.90999984741211,36.43999862670898,36.43999862670898,1025200
36.369998931884766,36.5,35.29999923706055,35.93000030517578,35.93000030517578,1461800
36.060001373291016,36.86000061035156,35.15999984741211,36.08000183105469,36.08000183105469,1408500
35.709999084472656,35.75,33.7599983215332,34.04999923706055,34.04999923706055,1669300
34.22999954223633,34.83000183105469,34.029998779296875,34.4900016784668,34.4900016784668,824900
34.439998626708984,34.439998626708984,33.66999816894531,33.7400016784668,33.7400016784668,1093600
33.400001525878906,34.310001373291016,32.84000015258789,34.290000915527344,34.290000915527344,1284900
34.02000045776367,34.290000915527344,32.38999938964844,32.540000915527344,32.540000915527344,780300
32.56999969482422,33.310001373291016,31.709999084472656,31.899999618530277,31.899999618530277,1468200
31.71999931335449,32.540000915527344,30.90999984741211,32.0099983215332,32.0099983215332,1264000
32.099998474121094,32.709999084472656,31.670000076293945,31.739999771118164,31.739999771118164,1001300
32.400001525878906,33.65999984741211,32.400001525878906,33.11000061035156,33.11000061035156,1697200
33.0,34.290000915527344,33.0,33.959999084472656,33.959999084472656,1603800
34.34000015258789,36.02000045776367,34.150001525878906,35.279998779296875,35.279998779296875,3222000
35.599998474121094,36.13999938964844,35.220001220703125,35.790000915527344,35.790000915527344,2415000
35.75,36.09000015258789,35.34000015258789,35.540000915527344,35.540000915527344,766200
35.459999084472656,36.04999923706055,35.439998626708984,35.77000045776367,35.77000045776367,480500
35.150001525878906,35.869998931884766,35.130001068115234,35.650001525878906,35.650001525878906,300200
35.65999984741211,35.880001068115234,35.150001525878906,35.81999969482422,35.81999969482422,298700
35.810001373291016,36.02000045776367,35.16999816894531,35.90999984741211,35.90999984741211,343600
35.77000045776367,36.369998931884766,35.25,35.869998931884766,35.869998931884766,665800
36.5,36.7400016784668,35.54999923706055,36.31999969482422,36.31999969482422,2346300
36.11000061035156,37.09999847412109,35.880001068115234,36.56999969482422,36.56999969482422,958400
36.43000030517578,37.68000030517578,35.88999938964844,37.150001525878906,37.150001525878906,1312300
37.040000915527344,37.93000030517578,36.369998931884766,37.77000045776367,37.77000045776367,1571300
38.0,38.83000183105469,37.040000915527344,37.209999084472656,37.209999084472656,752400
37.290000915527344,38.400001525878906,36.709999084472656,37.959999084472656,37.959999084472656,1201900
37.91999816894531,38.81999969482422,37.54999923706055,38.25,38.25,1097500
38.150001525878906,38.4900016784668,36.67100143432617,36.75,36.75,908700
36.75,37.27999877929688,36.54999923706055,37.15999984741211,37.15999984741211,1374500
36.59000015258789,37.31999969482422,36.25400161743164,36.81999969482422,36.81999969482422,806500
37.79999923706055,37.79999923706055,35.900001525878906,36.09000015258789,36.09000015258789,747400
36.459999084472656,37.290000915527344,35.9900016784668,36.97999954223633,36.97999954223633,570600
36.0,36.79999923706055,35.70000076293945,36.060001373291016,36.060001373291016,461500
36.0,36.209999084472656,35.119998931884766,35.529998779296875,35.529998779296875,570500
35.7599983215332,36.150001525878906,35.310001373291016,35.869998931884766,35.869998931884766,459900
35.93000030517578,36.47999954223633,35.529998779296875,35.709999084472656,35.709999084472656,482200
35.81999969482422,36.619998931884766,35.41999816894531,36.56999969482422,36.56999969482422,912100
36.15999984741211,36.38999938964844,35.279998779296875,35.31999969482422,35.31999969482422,624500
35.54999923706055,35.65999984741211,34.13999938964844,34.4900016784668,34.4900016784668,1065000
34.68000030517578,35.11000061035156,34.20000076293945,34.810001373291016,34.810001373291016,735200
34.400001525878906,35.06999969482422,34.279998779296875,34.43000030517578,34.43000030517578,1846500
34.599998474121094,35.900001525878906,33.83000183105469,35.81999969482422,35.81999969482422,1330100
35.90999984741211,37.27000045776367,35.90999984741211,36.47999954223633,36.47999954223633,2324700
36.52000045776367,37.88999938964844,36.43000030517578,37.43000030517578,37.43000030517578,2292300
39.18999862670898,41.75,38.81999969482422,39.7599983215332,39.7599983215332,13542500
40.04999923706055,41.310001373291016,40.040000915527344,40.56999969482422,40.56999969482422,2931300
39.54999923706055,40.0099983215332,38.66999816894531,39.08000183105469,39.08000183105469,4759400
38.25,38.720001220703125,37.59999847412109,37.93999862670898,37.93999862670898,5230200
37.66999816894531,38.380001068115234,37.40999984741211,37.45000076293945,37.45000076293945,2443000
37.77000045776367,38.41999816894531,37.560001373291016,38.220001220703125,38.220001220703125,1796700
37.97999954223633,40.04999923706055,37.90999984741211,39.93000030517578,39.93000030517578,2984400
39.75,40.2599983215332,39.18000030517578,39.66999816894531,39.66999816894531,1134900
39.77999877929688,40.869998931884766,39.560001373291016,39.75,39.75,1564100
39.52000045776367,39.86000061035156,38.97999954223633,39.68999862670898,39.68999862670898,1009300
40.09999847412109,41.63999938964844,39.52999877929688,41.36000061035156,41.36000061035156,2758300
41.5,41.68999862670898,40.220001220703125,40.41999816894531,40.41999816894531,1505400
40.220001220703125,41.4900016784668,40.18000030517578,40.959999084472656,40.959999084472656,1563600
41.150001525878906,43.02000045776367,41.0,42.459999084472656,42.459999084472656,3535000
43.52000045776367,44.07500076293945,41.209999084472656,41.75,41.75,2421300
42.0,42.84999847412109,41.56999969482422,42.0099983215332,42.0099983215332,1637800
42.0099983215332,44.29999923706055,41.72999954223633,44.09000015258789,44.09000015258789,2263400
43.52999877929688,44.150001525878906,43.09000015258789,43.4900016784668,43.4900016784668,1633400
43.4900016784668,43.65999984741211,42.86000061035156,43.43000030517578,43.43000030517578,853800
43.619998931884766,43.619998931884766,42.34000015258789,43.18999862670898,43.18999862670898,1214200
42.869998931884766,43.4900016784668,41.70000076293945,42.31999969482422,42.31999969482422,1392300
42.22999954223633,43.25,41.06999969482422,42.9900016784668,42.9900016784668,1601000
42.58000183105469,42.900001525878906,42.0,42.54999923706055,42.54999923706055,1351600
42.70000076293945,43.68000030517578,42.34999847412109,42.91999816894531,42.91999816894531,1351600
43.16999816894531,43.75,43.09999847412109,43.54999923706055,43.54999923706055,869200
43.29999923706055,44.81999969482422,43.16999816894531,44.25,44.25,1927000
44.47999954223633,45.31999969482422,44.02999877929688,45.18000030517578,45.18000030517578,2398600
45.400001525878906,46.22999954223633,44.91999816894531,45.290000915527344,45.290000915527344,1921500
45.369998931884766,45.52999877929688,44.33000183105469,45.29999923706055,45.29999923706055,1179100
45.06999969482422,45.38999938964844,44.47999954223633,45.2400016784668,45.2400016784668,1123500
45.369998931884766,45.369998931884766,44.400001525878906,45.119998931884766,45.119998931884766,2271700
45.209999084472656,46.41999816894531,44.709999084472656,45.790000915527344,45.790000915527344,1082200
45.79999923706055,46.2400016784668,45.15999984741211,45.56999969482422,45.56999969482422,777500
45.810001373291016,46.13999938964844,44.54999923706055,44.84000015258789,44.84000015258789,1234500
44.59000015258789,45.2599983215332,44.060001373291016,44.9900016784668,44.9900016784668,666700
44.970001220703125,45.41999816894531,44.619998931884766,45.34000015258789,45.34000015258789,656300
45.54999923706055,47.15999984741211,45.34000015258789,46.22999954223633,46.22999954223633,848700
46.150001525878906,47.95000076293945,45.2400016784668,45.38999938964844,45.38999938964844,3494100
45.36000061035156,45.7400016784668,44.06999969482422,44.56999969482422,44.56999969482422,1624300
44.650001525878906,45.0,43.43999862670898,44.27000045776367,44.27000045776367,1284400
44.09999847412109,45.1349983215332,44.02999877929688,44.84000015258789,44.84000015258789,969800
45.27999877929688,45.650001525878906,44.5,45.02999877929688,45.02999877929688,1211200
45.29999923706055,45.59000015258789,44.45000076293945,45.2400016784668,45.2400016784668,1207200
44.75,45.119998931884766,42.65999984741211,43.90999984741211,43.90999984741211,3293500
43.880001068115234,44.40999984741211,43.63600158691406,43.810001373291016,43.810001373291016,757000
44.0,44.619998931884766,43.77999877929688,44.27999877929688,44.27999877929688,1029100
44.52000045776367,45.2400016784668,43.209999084472656,43.63999938964844,43.63999938964844,1479300
44.02999877929688,45.38999938964844,44.02999877929688,45.18000030517578,45.18000030517578,1219500
45.15999984741211,45.77000045776367,44.7599983215332,45.33000183105469,45.33000183105469,632900
45.369998931884766,45.5,44.290000915527344,45.209999084472656,45.209999084472656,1118000
45.40999984741211,45.70000076293945,44.400001525878906,45.459999084472656,45.459999084472656,744000
45.540000915527344,46.70000076293945,45.540000915527344,46.290000915527344,46.290000915527344,1024600
46.18999862670898,46.59999847412109,45.56499862670898,45.84000015258789,45.84000015258789,688500
45.97999954223633,46.59999847412109,45.869998931884766,46.25,46.25,704200
46.22999954223633,46.400001525878906,45.43000030517578,46.0,46.0,788900
46.13999938964844,47.380001068115234,46.0099983215332,47.18000030517578,47.18000030517578,1809900
46.72999954223633,47.18000030517578,44.56999969482422,45.29999923706055,45.29999923706055,3654300
43.130001068115234,44.58000183105469,39.58000183105469,40.84999847412109,40.84999847412109,9205900
40.540000915527344,42.45000076293945,40.5099983215332,41.16999816894531,41.16999816894531,3667500
41.09000015258789,41.41600036621094,39.34000015258789,40.09000015258789,40.09000015258789,2552000
40.02000045776367,40.04999923706055,38.81999969482422,39.02000045776367,39.02000045776367,2782100
38.84999847412109,39.790000915527344,38.59999847412109,38.93999862670898,38.93999862670898,1460100
39.09000015258789,39.81999969482422,38.09999847412109,39.0,39.0,1519300
39.150001525878906,40.29999923706055,38.63999938964844,39.40999984741211,39.40999984741211,1618100
39.77999877929688,40.77000045776367,39.5,40.22999954223633,40.22999954223633,1408400
40.310001373291016,40.75,39.970001220703125,39.97999954223633,39.97999954223633,838900
39.93000030517578,39.9900016784668,38.869998931884766,39.70000076293945,39.70000076293945,1627900
39.720001220703125,40.13999938964844,39.54999923706055,39.68999862670898,39.68999862670898,735700
39.869998931884766,40.970001220703125,39.790000915527344,40.220001220703125,40.220001220703125,1450100
40.150001525878906,40.5,39.720001220703125,39.90999984741211,39.90999984741211,844100
40.0099983215332,40.61000061035156,39.900001525878906,40.27999877929688,40.27999877929688,1374000
40.31999969482422,40.5,39.68000030517578,39.93999862670898,39.93999862670898,984800
39.88999938964844,40.400001525878906,39.61000061035156,40.220001220703125,40.220001220703125,1245100
40.20000076293945,40.58000183105469,40.150001525878906,40.47999954223633,40.47999954223633,616300
40.43000030517578,40.68999862670898,40.2400016784668,40.2599983215332,40.2599983215332,606400
40.20000076293945,40.45000076293945,39.5,39.630001068115234,39.630001068115234,738700
39.77999877929688,39.86000061035156,39.02999877929688,39.7400016784668,39.7400016784668,1468400
39.7400016784668,40.470001220703125,39.56999969482422,40.2599983215332,40.2599983215332,882400
39.90999984741211,40.36000061035156,39.560001373291016,40.31999969482422,40.31999969482422,811200
40.38999938964844,41.20000076293945,40.34000015258789,40.77999877929688,40.77999877929688,979000
40.650001525878906,41.09000015258789,40.31999969482422,40.380001068115234,40.380001068115234,1078600
40.5,40.90999984741211,40.43999862670898,40.7599983215332,40.7599983215332,972600
40.70000076293945,40.9900016784668,39.7400016784668,40.119998931884766,40.119998931884766,998400
40.02000045776367,40.27999877929688,39.310001373291016,39.59000015258789,39.59000015258789,1134700
39.70000076293945,39.84999847412109,38.650001525878906,38.88999938964844,38.88999938964844,1002500
38.79999923706055,38.79999923706055,36.72999954223633,37.22999954223633,37.22999954223633,3112500
37.2599983215332,37.9900016784668,37.2599983215332,37.630001068115234,37.630001068115234,1897800
37.619998931884766,38.02000045776367,37.130001068115234,37.29999923706055,37.29999923706055,1121100
37.27000045776367,37.790000915527344,37.209999084472656,37.400001525878906,37.400001525878906,1068000
37.2599983215332,37.959999084472656,37.09999847412109,37.81999969482422,37.81999969482422,1318400
37.75,38.18999862670898,37.29999923706055,37.380001068115234,37.380001068115234,1873800
37.380001068115234,37.5,35.06999969482422,35.81999969482422,35.81999969482422,4894000
36.0,36.27000045776367,33.380001068115234,34.77000045776367,34.77000045776367,6397700
34.630001068115234,35.68000030517578,34.130001068115234,35.099998474121094,35.099998474121094,2858800
35.150001525878906,35.459999084472656,34.45000076293945,34.72999954223633,34.72999954223633,1885200
35.4900016784668,35.9900016784668,34.790000915527344,35.380001068115234,35.380001068115234,1682500
35.33000183105469,36.040000915527344,35.33000183105469,35.689998626708984,35.689998626708984,2108800
35.790000915527344,35.959999084472656,35.47999954223633,35.779998779296875,35.779998779296875,1628200
36.08000183105469,36.40999984741211,34.0099983215332,34.470001220703125,34.470001220703125,8531200
34.29999923706055,34.47999954223633,33.27199935913086,33.310001373291016,33.310001373291016,1378400
33.4900016784668,34.2599983215332,33.4900016784668,34.06999969482422,34.06999969482422,1162600
34.04999923706055,34.099998474121094,31.15999984741211,31.670000076293945,31.670000076293945,6192000
32.56999969482422,32.72999954223633,29.68000030517578,30.690000534057617,30.690000534057617,6373900
30.559999465942383,31.43000030517578,30.309999465942383,30.82999992370605,30.82999992370605,2524800
30.90999984741211,31.38999938964844,30.15999984741211,30.979999542236328,30.979999542236328,1569000
31.6299991607666,31.8799991607666,30.65999984741211,31.420000076293945,31.420000076293945,1879500
32.0099983215332,32.58000183105469,31.36000061035156,31.559999465942383,31.559999465942383,2222700
31.81999969482422,32.130001068115234,31.149999618530277,31.209999084472656,31.209999084472656,1762900
31.559999465942383,32.27000045776367,31.200000762939453,32.150001525878906,32.150001525878906,1715500
32.45000076293945,32.47999954223633,31.86000061035156,32.43000030517578,32.43000030517578,1765500
32.349998474121094,32.5,31.270000457763672,31.38999938964844,31.38999938964844,1452600
31.59000015258789,31.989999771118164,31.325000762939453,31.65999984741211,31.65999984741211,1444900
31.76000022888184,31.8799991607666,31.290000915527344,31.63999938964844,31.63999938964844,1016600
31.51000022888184,32.68000030517578,31.25,32.56999969482422,32.56999969482422,2402400
32.5,33.5099983215332,32.43399810791016,33.380001068115234,33.380001068115234,1206500
33.08000183105469,33.970001220703125,33.08000183105469,33.84000015258789,33.84000015258789,1832300
33.7400016784668,34.58000183105469,33.52000045776367,33.86000061035156,33.86000061035156,2432300
33.86000061035156,34.08000183105469,33.56999969482422,33.790000915527344,33.790000915527344,2112500
32.130001068115234,32.130001068115234,29.71999931335449,31.01000022888184,31.01000022888184,6509500
36.09999847412109,36.310001373291016,29.0,33.25,33.25,16341000
32.81999969482422,32.88999938964844,29.799999237060547,32.31999969482422,32.31999969482422,6958600
32.33000183105469,32.33000183105469,31.309999465942383,31.63999938964844,31.63999938964844,2034400
31.450000762939453,32.130001068115234,31.059999465942383,31.709999084472656,31.709999084472656,1502400
31.56999969482422,32.13999938964844,30.040000915527344,30.38999938964844,30.38999938964844,3293100
30.450000762939453,30.5,29.93000030517578,30.290000915527344,30.290000915527344,1596500
30.489999771118164,30.790000915527344,29.88999938964844,30.100000381469727,30.100000381469727,1532100
29.950000762939453,30.1200008392334,28.100000381469727,29.190000534057617,29.190000534057617,2797000
29.11000061035156,29.6299991607666,28.649999618530277,28.850000381469727,28.850000381469727,1464900
28.940000534057617,29.690000534057617,28.93000030517578,29.57999992370605,29.57999992370605,1083000
29.520000457763672,29.81999969482422,28.26000022888184,28.61000061035156,28.61000061035156,1425000
28.350000381469727,30.059999465942383,28.299999237060547,29.979999542236328,29.979999542236328,1537900
29.950000762939453,30.600000381469727,29.729999542236328,30.31999969482422,30.31999969482422,1920000
30.149999618530277,30.850000381469727,30.11000061035156,30.63999938964844,30.63999938964844,1074900
30.600000381469727,31.25,30.26000022888184,31.21999931335449,31.21999931335449,1249800
31.13999938964844,31.31999969482422,30.40999984741211,30.46999931335449,30.46999931335449,1596200
30.270000457763672,30.32999992370605,29.670000076293945,29.950000762939453,29.950000762939453,914600
29.75,29.920000076293945,28.31999969482422,28.3799991607666,28.3799991607666,1336800
27.6200008392334,29.07999992370605,27.209999084472656,28.1299991607666,28.1299991607666,2198100
26.350000381469727,28.540000915527344,25.1299991607666,27.15999984741211,27.15999984741211,1748300
27.899999618530277,28.290000915527344,27.15999984741211,27.61000061035156,27.61000061035156,2400700
26.26000022888184,26.31999969482422,24.850000381469727,25.920000076293945,25.920000076293945,4720900
26.229999542236328,26.479999542236328,25.600000381469727,26.100000381469727,26.100000381469727,1476200
26.1200008392334,26.950000762939453,25.8799991607666,26.90999984741211,26.90999984741211,1567000
26.950000762939453,26.950000762939453,26.28499984741211,26.450000762939453,26.450000762939453,961300
25.690000534057617,26.15999984741211,25.059999465942383,25.170000076293945,25.170000076293945,1603400
25.3799991607666,27.06999969482422,25.299999237060547,26.82999992370605,26.82999992370605,2195600
26.899999618530277,27.11000061035156,26.479999542236328,26.90999984741211,26.90999984741211,1534600
26.549999237060547,26.81999969482422,25.979999542236328,26.450000762939453,26.450000762939453,918800
26.649999618530277,27.049999237060547,24.8700008392334,25.5,25.5,2401400
25.700000762939453,26.15999984741211,25.434999465942383,25.739999771118164,25.739999771118164,2281900
25.75,28.0,25.57999992370605,27.420000076293945,27.420000076293945,2751700
27.229999542236328,27.6200008392334,26.559999465942383,27.600000381469727,27.600000381469727,1723300
27.56999969482422,27.56999969482422,26.979999542236328,27.34000015258789,27.34000015258789,1378300
27.26000022888184,27.96999931335449,27.190000534057617,27.82999992370605,27.82999992370605,1519300
27.440000534057617,27.51000022888184,26.100000381469727,26.899999618530277,26.899999618530277,4470500
26.61000061035156,28.56999969482422,26.61000061035156,27.75,27.75,3852200
27.46999931335449,28.350000381469727,27.280000686645508,28.1299991607666,28.1299991607666,4019100
28.46999931335449,28.489999771118164,27.34000015258789,27.920000076293945,27.920000076293945,1731700
27.479999542236328,27.5,25.850000381469727,25.90999984741211,25.90999984741211,3002400
26.01000022888184,26.18000030517578,25.459999084472656,25.59000015258789,25.59000015258789,1503500
25.290000915527344,25.88999938964844,24.82099914550781,25.21999931335449,25.21999931335449,3253800
25.479999542236328,25.690000534057617,24.8700008392334,24.88999938964844,24.88999938964844,2527200
24.799999237060547,25.100000381469727,23.530000686645508,24.049999237060547,24.049999237060547,2290200
24.1299991607666,24.82999992370605,23.82999992370605,24.26000022888184,24.26000022888184,1320300
24.290000915527344,24.665000915527344,23.88999938964844,24.34000015258789,24.34000015258789,929100
24.530000686645508,24.934999465942383,23.90999984741211,24.489999771118164,24.489999771118164,1045400
24.040000915527344,25.809999465942383,24.040000915527344,25.799999237060547,25.799999237060547,857900
25.920000076293945,27.36000061035156,25.920000076293945,27.15999984741211,27.15999984741211,3235900
27.040000915527344,28.170000076293945,26.75,27.36000061035156,27.36000061035156,3323200
27.56999969482422,28.51000022888184,26.96999931335449,28.489999771118164,28.489999771118164,1664500
28.31999969482422,30.309999465942383,27.899999618530277,29.959999084472656,29.959999084472656,3101600
29.899999618530277,30.38999938964844,29.38999938964844,30.18000030517578,30.18000030517578,2189400
30.200000762939453,30.459999084472656,29.420000076293945,29.799999237060547,29.799999237060547,1505100
29.76000022888184,30.299999237060547,29.520000457763672,30.18000030517578,30.18000030517578,1657400
30.299999237060547,31.200000762939453,30.01000022888184,30.299999237060547,30.299999237060547,3231400
30.25,30.950000762939453,28.96999931335449,30.51000022888184,30.51000022888184,1679700
30.68000030517578,31.530000686645508,30.38999938964844,31.31999969482422,31.31999969482422,1648800
31.1200008392334,31.65999984741211,30.670000076293945,30.809999465942383,30.809999465942383,1941000
30.899999618530277,31.280000686645508,30.63999938964844,30.8799991607666,30.8799991607666,2430900
30.68000030517578,30.959999084472656,29.270000457763672,29.920000076293945,29.920000076293945,2317500
30.170000076293945,30.82999992370605,29.51000022888184,30.100000381469727,30.100000381469727,1514800
30.56999969482422,31.420000076293945,30.11000061035156,31.040000915527344,31.040000915527344,2702900
31.0,32.96500015258789,30.93000030517578,32.09000015258789,32.09000015258789,6434900
22.920000076293945,27.34000015258789,22.489999771118164,24.489999771118164,24.489999771118164,29557300
24.299999237060547,24.670000076293945,23.43000030517578,24.40999984741211,24.40999984741211,6905800
24.25,24.979999542236328,23.6200008392334,23.850000381469727,23.850000381469727,4016600
23.979999542236328,24.11000061035156,23.059999465942383,23.979999542236328,23.979999542236328,3288200
23.979999542236328,24.63999938964844,23.76000022888184,24.34000015258789,24.34000015258789,1761800
24.200000762939453,24.93000030517578,24.200000762939453,24.559999465942383,24.559999465942383,1690600
24.43000030517578,25.0,24.21999931335449,24.3700008392334,24.3700008392334,969600
24.43000030517578,25.1200008392334,24.149999618530277,24.280000686645508,24.280000686645508,1808800
24.25,25.280000686645508,23.850000381469727,25.190000534057617,25.190000534057617,1478700
25.030000686645508,26.299999237060547,24.8799991607666,25.850000381469727,25.850000381469727,2997300
25.690000534057617,25.86000061035156,24.68000030517578,25.020000457763672,25.020000457763672,1449000
25.01000022888184,25.13999938964844,23.979999542236328,24.06999969482422,24.06999969482422,1436100
23.600000381469727,24.43000030517578,22.920000076293945,23.86000061035156,23.86000061035156,3699000
23.690000534057617,24.5,23.65999984741211,23.88999938964844,23.88999938964844,1315700
23.899999618530277,25.15999984741211,23.739999771118164,24.56999969482422,24.56999969482422,1546100
24.600000381469727,25.375,24.190000534057617,25.309999465942383,25.309999465942383,2153900
25.280000686645508,26.020000457763672,25.1299991607666,25.979999542236328,25.979999542236328,1586500
25.899999618530277,25.93000030517578,25.17099952697754,25.700000762939453,25.700000762939453,1654100
25.670000076293945,26.71500015258789,25.520000457763672,26.0,26.0,1561300
25.96999931335449,26.440000534057617,25.709999084472656,26.239999771118164,26.239999771118164,1753100
25.959999084472656,26.670000076293945,25.790000915527344,26.459999084472656,26.459999084472656,1589400
26.459999084472656,27.718000411987305,26.21999931335449,27.540000915527344,27.540000915527344,2371900
27.43000030517578,27.489999771118164,25.739999771118164,25.780000686645508,25.780000686645508,890500
25.979999542236328,26.040000915527344,25.479999542236328,25.63999938964844,25.63999938964844,1457600
25.86000061035156,26.479999542236328,25.38999938964844,26.270000457763672,26.270000457763672,1208100
26.200000762939453,26.649999618530277,26.11000061035156,26.170000076293945,26.170000076293945,711900
26.59000015258789,27.299999237060547,25.34000015258789,25.739999771118164,25.739999771118164,1444500
25.530000686645508,25.850000381469727,24.21999931335449,24.649999618530277,24.649999618530277,1981000
24.549999237060547,24.642000198364254,23.799999237060547,24.21999931335449,24.21999931335449,1536000
24.25,24.729999542236328,23.729999542236328,24.170000076293945,24.170000076293945,1579500
24.1200008392334,24.540000915527344,23.530000686645508,23.93000030517578,23.93000030517578,1334200
23.899999618530277,24.8799991607666,23.899999618530277,24.540000915527344,24.540000915527344,1153900
24.170000076293945,24.450000762939453,23.96999931335449,24.030000686645508,24.030000686645508,960000
24.06999969482422,24.270000457763672,22.65999984741211,22.96999931335449,22.96999931335449,1767600
23.09000015258789,24.07999992370605,22.489999771118164,24.0,24.0,2993200
23.26000022888184,24.089000701904297,22.790000915527344,23.600000381469727,23.600000381469727,2469000
23.770000457763672,23.88999938964844,22.989999771118164,23.06999969482422,23.06999969482422,2444600
23.0,24.850000381469727,23.0,23.43000030517578,23.43000030517578,3405200
23.65999984741211,24.1200008392334,23.31999969482422,23.899999618530277,23.899999618530277,718300
23.979999542236328,25.190000534057617,23.82999992370605,24.809999465942383,24.809999465942383,1578200
24.959999084472656,25.920000076293945,24.799999237060547,25.86000061035156,25.86000061035156,1360300
25.989999771118164,26.06999969482422,25.350000381469727,25.3799991607666,25.3799991607666,590400
25.280000686645508,25.530000686645508,24.700000762939453,24.989999771118164,24.989999771118164,1170900
25.0,25.100000381469727,24.399999618530277,24.65999984741211,24.65999984741211,1109400
24.549999237060547,24.75,24.229999542236328,24.43000030517578,24.43000030517578,986900
24.21999931335449,24.423999786376957,23.950000762939453,24.200000762939453,24.200000762939453,1057800
23.5,24.0,23.11000061035156,23.6200008392334,23.6200008392334,1760600
23.809999465942383,24.11000061035156,23.049999237060547,23.059999465942383,23.059999465942383,1531400
22.88999938964844,22.940000534057617,21.729999542236328,22.31999969482422,22.31999969482422,2867500
21.88999938964844,23.270000457763672,21.799999237060547,22.850000381469727,22.850000381469727,2554100
23.059999465942383,23.530000686645508,21.649999618530277,21.989999771118164,21.989999771118164,2778400
22.239999771118164,22.405000686645508,21.149999618530277,21.71999931335449,21.71999931335449,1714200
22.11000061035156,22.190000534057617,20.950000762939453,21.700000762939453,21.700000762939453,2195000
21.700000762939453,22.09000015258789,20.71999931335449,21.1200008392334,21.1200008392334,2113500
21.26000022888184,22.170000076293945,19.96999931335449,21.950000762939453,21.950000762939453,3065400
21.200000762939453,21.350000381469727,19.96999931335449,21.0,21.0,3738500
21.299999237060547,21.399999618530277,19.040000915527344,20.190000534057617,20.190000534057617,4531300
19.82999992370605,20.809999465942383,19.299999237060547,20.40999984741211,20.40999984741211,2867200
19.1299991607666,20.31999969482422,18.649999618530277,19.420000076293945,19.420000076293945,5261200
19.8799991607666,20.229999542236328,18.5,19.170000076293945,19.170000076293945,3569400
21.049999237060547,21.190000534057617,18.010000228881836,18.709999084472656,18.709999084472656,8607100
18.8799991607666,19.489999771118164,18.15999984741211,19.200000762939453,19.200000762939453,2737100
19.21999931335449,19.56999969482422,18.71999931335449,18.899999618530277,18.899999618530277,2501400
19.11000061035156,19.670000076293945,17.770000457763672,18.34000015258789,18.34000015258789,2851500
18.530000686645508,19.049999237060547,18.399999618530277,18.850000381469727,18.850000381469727,4160700
19.239999771118164,19.420000076293945,18.450000762939453,19.149999618530277,19.149999618530277,2167100
18.71999931335449,19.059999465942383,18.18000030517578,18.950000762939453,18.950000762939453,2723800
19.0,19.32999992370605,18.100000381469727,19.07999992370605,19.07999992370605,2565400
20.700000762939453,22.979999542236328,20.11000061035156,21.530000686645508,21.530000686645508,9417000
20.989999771118164,21.96999931335449,20.649999618530277,21.1299991607666,21.1299991607666,5009600
20.739999771118164,20.899999618530277,18.88999938964844,20.01000022888184,20.01000022888184,6050500
19.559999465942383,20.56999969482422,19.13999938964844,19.239999771118164,19.239999771118164,2067900
19.3700008392334,20.07999992370605,19.209999084472656,19.34000015258789,19.34000015258789,1960600
18.959999084472656,20.25,18.68000030517578,20.09000015258789,20.09000015258789,1716500
20.25,21.290000915527344,19.729999542236328,20.93000030517578,20.93000030517578,1544800
21.209999084472656,22.56999969482422,21.209999084472656,22.40999984741211,22.40999984741211,1994400
22.600000381469727,23.25,22.11000061035156,22.520000457763672,22.520000457763672,1881400
23.36000061035156,23.549999237060547,21.86000061035156,22.239999771118164,22.239999771118164,2260700
22.190000534057617,22.6299991607666,21.559999465942383,22.61000061035156,22.61000061035156,1738400
22.8700008392334,23.489999771118164,21.950000762939453,22.040000915527344,22.040000915527344,2055800
21.799999237060547,22.40999984741211,21.6299991607666,22.01000022888184,22.01000022888184,863100
21.6200008392334,22.899999618530277,21.290000915527344,22.790000915527344,22.790000915527344,1939100
22.700000762939453,23.3700008392334,21.959999084472656,22.57999992370605,22.57999992370605,1198400
22.84000015258789,23.8700008392334,22.43000030517578,23.82999992370605,23.82999992370605,2247900
23.780000686645508,24.11000061035156,23.01000022888184,23.540000915527344,23.540000915527344,1862400
23.790000915527344,24.18000030517578,23.38999938964844,23.63999938964844,23.63999938964844,2191100
23.670000076293945,24.334999084472656,23.459999084472656,24.07999992370605,24.07999992370605,1734100
24.18000030517578,24.3799991607666,23.57999992370605,23.709999084472656,23.709999084472656,2313500
23.75,24.8700008392334,23.459999084472656,24.489999771118164,24.489999771118164,2011100
24.479999542236328,25.32999992370605,24.059999465942383,25.280000686645508,25.280000686645508,2848500
25.1200008392334,25.520000457763672,24.32999992370605,24.46999931335449,24.46999931335449,2225400
24.479999542236328,25.32999992370605,24.270000457763672,25.1200008392334,25.1200008392334,1726700
25.239999771118164,25.25,23.566999435424805,24.0,24.0,1518000
24.190000534057617,24.920000076293945,23.850000381469727,24.8799991607666,24.8799991607666,683900
24.63999938964844,24.8799991607666,24.059999465942383,24.65999984741211,24.65999984741211,994800
24.3799991607666,24.450000762939453,23.218000411987305,23.559999465942383,23.559999465942383,1652500
23.40999984741211,23.600000381469727,22.399999618530277,23.270000457763672,23.270000457763672,2508800
23.209999084472656,24.020000457763672,22.82999992370605,23.82999992370605,23.82999992370605,1246000
24.0,24.21999931335449,23.26000022888184,23.40999984741211,23.40999984741211,2365000
23.31999969482422,24.184999465942383,23.229999542236328,23.729999542236328,23.729999542236328,863700
23.57999992370605,23.76000022888184,23.350000381469727,23.479999542236328,23.479999542236328,971200
23.38999938964844,23.51000022888184,22.700000762939453,22.729999542236328,22.729999542236328,2217300
22.34000015258789,23.25,22.239999771118164,22.61000061035156,22.61000061035156,2056900
22.729999542236328,23.1299991607666,22.26000022888184,22.979999542236328,22.979999542236328,1036400
22.899999618530277,23.809999465942383,22.6200008392334,23.71999931335449,23.71999931335449,917200
23.75,24.40999984741211,23.690000534057617,24.290000915527344,24.290000915527344,1708200
24.34000015258789,25.63999938964844,24.34000015258789,25.1299991607666,25.1299991607666,5133000
24.979999542236328,25.280000686645508,24.51000022888184,24.700000762939453,24.700000762939453,982600
24.65999984741211,24.75,23.780000686645508,23.989999771118164,23.989999771118164,1935200
23.690000534057617,23.899999618530277,23.239999771118164,23.76000022888184,23.76000022888184,1400200
23.899999618530277,24.350000381469727,23.729999542236328,23.899999618530277,23.899999618530277,1063200
23.690000534057617,24.190000534057617,23.600000381469727,24.01000022888184,24.01000022888184,1731000
24.07999992370605,24.81999969482422,23.88999938964844,24.15999984741211,24.15999984741211,1453600
24.26000022888184,24.57999992370605,23.290000915527344,23.290000915527344,23.290000915527344,1374700
23.350000381469727,23.76499938964844,22.82999992370605,23.6200008392334,23.6200008392334,1001100
23.770000457763672,25.1299991607666,23.770000457763672,24.940000534057617,24.940000534057617,1187600
24.940000534057617,25.6200008392334,24.940000534057617,25.59000015258789,25.59000015258789,1783300
25.59000015258789,25.655000686645508,25.100000381469727,25.51000022888184,25.51000022888184,1553100
25.31999969482422,25.809999465942383,25.25,25.489999771118164,25.489999771118164,1083300
25.600000381469727,26.57999992370605,25.545000076293945,25.989999771118164,25.989999771118164,1491600
25.989999771118164,26.520000457763672,25.75,26.36000061035156,26.36000061035156,729500
26.540000915527344,26.84000015258789,26.200000762939453,26.59000015258789,26.59000015258789,619700
26.46999931335449,27.3700008392334,26.25,26.989999771118164,26.989999771118164,1491400
27.0,27.229999542236328,26.5,26.799999237060547,26.799999237060547,1063700
26.76000022888184,26.989999771118164,26.31999969482422,26.96999931335449,26.96999931335449,814200
26.899999618530277,27.270000457763672,26.38999938964844,26.709999084472656,26.709999084472656,1996100
26.700000762939453,26.950000762939453,26.225000381469727,26.26000022888184,26.26000022888184,1084400
26.239999771118164,26.700000762939453,25.799999237060547,26.21999931335449,26.21999931335449,1027600
26.25,26.940000534057617,25.950000762939453,26.540000915527344,26.540000915527344,3659700
23.350000381469727,26.0,22.489999771118164,24.649999618530277,24.649999618530277,8438400
23.940000534057617,24.520000457763672,23.53499984741211,24.020000457763672,24.020000457763672,2364800
24.1299991607666,24.68000030517578,23.96999931335449,24.549999237060547,24.549999237060547,1335500
24.450000762939453,25.100000381469727,24.13999938964844,24.57999992370605,24.57999992370605,1188700
24.51000022888184,24.520000457763672,24.030000686645508,24.36000061035156,24.36000061035156,1053000
24.51000022888184,24.979999542236328,24.290000915527344,24.76000022888184,24.76000022888184,1505800
25.049999237060547,25.200000762939453,24.600000381469727,24.850000381469727,24.850000381469727,1124100
24.989999771118164,25.34000015258789,24.520000457763672,24.799999237060547,24.799999237060547,1165600
24.88999938964844,25.46999931335449,24.590999603271484,25.3799991607666,25.3799991607666,1386500
25.459999084472656,25.6299991607666,25.113000869750977,25.280000686645508,25.280000686645508,1143200
24.920000076293945,24.989999771118164,23.049999237060547,23.299999237060547,23.299999237060547,3471000
23.280000686645508,23.899999618530277,22.049999237060547,22.350000381469727,22.350000381469727,3389800
22.32999992370605,22.5,21.40999984741211,22.32999992370605,22.32999992370605,2953100
22.31999969482422,22.979999542236328,22.280000686645508,22.799999237060547,22.799999237060547,1583800
22.950000762939453,23.850000381469727,22.809999465942383,23.489999771118164,23.489999771118164,1694200
23.46999931335449,24.1299991607666,23.170000076293945,23.93000030517578,23.93000030517578,1348500
23.530000686645508,24.3799991607666,23.530000686645508,24.239999771118164,24.239999771118164,1211700
24.32999992370605,24.739999771118164,24.0,24.549999237060547,24.549999237060547,1757000
24.36000061035156,24.979999542236328,24.270000457763672,24.96999931335449,24.96999931335449,1355300
24.850000381469727,25.63999938964844,24.270000457763672,25.59000015258789,25.59000015258789,2009200
25.57999992370605,27.170000076293945,25.25,26.21999931335449,26.21999931335449,2801500
26.299999237060547,27.76000022888184,26.200000762939453,27.729999542236328,27.729999542236328,2697800
27.920000076293945,28.59000015258789,27.46999931335449,28.540000915527344,28.540000915527344,2039800
29.149999618530277,29.149999618530277,28.325000762939453,28.670000076293945,28.670000076293945,3055100
28.65999984741211,29.229999542236328,28.395000457763672,28.979999542236328,28.979999542236328,1340800
29.0,29.07999992370605,28.63999938964844,28.850000381469727,28.850000381469727,1753100
28.649999618530277,29.350000381469727,28.450000762939453,28.82999992370605,28.82999992370605,1577900
28.440000534057617,28.5,27.790000915527344,27.989999771118164,27.989999771118164,938500
28.030000686645508,28.81999969482422,27.75,28.25,28.25,999700
27.979999542236328,28.325000762939453,27.18000030517578,27.670000076293945,27.670000076293945,1449600
27.899999618530277,28.950000762939453,27.780000686645508,28.38999938964844,28.38999938964844,1861500
28.459999084472656,29.049999237060547,27.88999938964844,28.88999938964844,28.88999938964844,921400
28.959999084472656,30.540000915527344,28.950000762939453,30.06999969482422,30.06999969482422,3573100
30.18000030517578,30.690000534057617,29.76499938964844,30.59000015258789,30.59000015258789,1927800
30.5,30.770000457763672,29.520000457763672,29.780000686645508,29.780000686645508,1227900
30.0,30.51000022888184,29.799999237060547,29.84000015258789,29.84000015258789,1374900
30.280000686645508,30.670000076293945,29.790000915527344,30.670000076293945,30.670000076293945,2086400
28.61000061035156,30.3700008392334,28.61000061035156,30.100000381469727,30.100000381469727,2452700
29.799999237060547,29.799999237060547,28.36000061035156,28.6200008392334,28.6200008392334,2261800
29.0,29.309999465942383,28.649999618530277,28.729999542236328,28.729999542236328,1791000
29.100000381469727,30.68000030517578,28.799999237060547,30.530000686645508,30.530000686645508,1852100
30.790000915527344,31.8700008392334,30.399999618530277,31.06999969482422,31.06999969482422,2346000
30.690000534057617,31.229999542236328,30.51000022888184,30.770000457763672,30.770000457763672,1191700
30.899999618530277,30.915000915527344,29.420000076293945,30.11000061035156,30.11000061035156,1168400
30.34000015258789,31.125,30.277000427246094,30.84000015258789,30.84000015258789,1645000
30.81999969482422,31.36000061035156,30.81999969482422,31.07999992370605,31.07999992370605,783700
31.76000022888184,32.119998931884766,31.149999618530277,32.060001373291016,32.060001373291016,1420700
32.0,32.220001220703125,30.559999465942383,30.739999771118164,30.739999771118164,2090300
30.809999465942383,31.989999771118164,30.780000686645508,31.65999984741211,31.65999984741211,2452900
31.940000534057617,32.13999938964844,29.920000076293945,30.65999984741211,30.65999984741211,2294200
31.030000686645508,31.21999931335449,29.8700008392334,29.940000534057617,29.940000534057617,1582400
30.09000015258789,30.26000022888184,29.46999931335449,29.799999237060547,29.799999237060547,1391100
29.90999984741211,30.790000915527344,29.71999931335449,30.670000076293945,30.670000076293945,2146800
30.6200008392334,31.09000015258789,30.21999931335449,30.559999465942383,30.559999465942383,1061400
30.65999984741211,31.0,30.290000915527344,30.549999237060547,30.549999237060547,1489800
30.459999084472656,31.149999618530277,30.43000030517578,30.940000534057617,30.940000534057617,1660600
30.88999938964844,32.0,30.70499992370605,31.739999771118164,31.739999771118164,1411000
31.690000534057617,31.82999992370605,31.229999542236328,31.600000381469727,31.600000381469727,945000
31.489999771118164,31.975000381469727,31.38999938964844,31.75,31.75,1210200
31.75,32.099998474121094,30.530000686645508,30.739999771118164,30.739999771118164,3109200
35.369998931884766,39.290000915527344,33.880001068115234,38.150001525878906,38.150001525878906,14298300
37.0,38.70199966430664,36.68999862670898,37.91999816894531,37.91999816894531,4183500
37.77999877929688,39.25,37.5,38.52000045776367,38.52000045776367,4199600
38.540000915527344,39.52999877929688,38.400001525878906,39.0,39.0,3489300
39.0,39.22999954223633,38.07699966430664,38.52000045776367,38.52000045776367,1296300
38.38999938964844,38.970001220703125,37.959999084472656,38.650001525878906,38.650001525878906,1678900
38.77999877929688,39.31999969482422,38.34999847412109,38.7599983215332,38.7599983215332,1185600
38.81999969482422,39.4900016784668,38.75,39.02000045776367,39.02000045776367,1035900
38.959999084472656,39.09000015258789,38.43999862670898,38.70000076293945,38.70000076293945,1145400
38.86000061035156,40.0099983215332,38.65499877929688,38.810001373291016,38.810001373291016,1872700
39.27000045776367,39.27000045776367,38.150001525878906,38.59999847412109,38.59999847412109,1234700
38.5099983215332,38.7599983215332,38.185001373291016,38.52999877929688,38.52999877929688,1104400
38.52000045776367,38.810001373291016,37.75,38.09999847412109,38.09999847412109,1480100
37.90999984741211,38.59000015258789,37.119998931884766,37.130001068115234,37.130001068115234,1567500
37.130001068115234,37.19499969482422,36.02999877929688,36.41999816894531,36.41999816894531,1988100
36.54999923706055,37.18999862670898,36.47499847412109,36.70000076293945,36.70000076293945,1731700
36.790000915527344,39.125,36.790000915527344,38.02999877929688,38.02999877929688,2183300
37.58000183105469,38.02999877929688,37.02999877929688,37.70000076293945,37.70000076293945,1459300
37.86000061035156,38.290000915527344,37.70000076293945,38.27000045776367,38.27000045776367,779500
38.150001525878906,38.70000076293945,38.04999923706055,38.36000061035156,38.36000061035156,1767200
38.18999862670898,38.93000030517578,38.18000030517578,38.79999923706055,38.79999923706055,968600
38.959999084472656,40.0,38.66999816894531,39.02000045776367,39.02000045776367,1711600
39.02000045776367,40.2400016784668,38.79999923706055,39.93999862670898,39.93999862670898,1804000
40.0,40.18199920654297,39.290000915527344,39.84000015258789,39.84000015258789,1255600
40.0,40.93999862670898,39.93999862670898,40.56999969482422,40.56999969482422,1804400
40.56999969482422,41.08000183105469,40.2599983215332,41.060001373291016,41.060001373291016,1186400
41.36000061035156,41.970001220703125,41.09000015258789,41.470001220703125,41.470001220703125,850200
41.90999984741211,42.96500015258789,41.75,42.83000183105469,42.83000183105469,1980300
42.65999984741211,42.77000045776367,41.88999938964844,42.459999084472656,42.459999084472656,1526300
42.54999923706055,42.70000076293945,41.84000015258789,42.150001525878906,42.150001525878906,890100
41.79999923706055,41.970001220703125,40.40999984741211,40.86000061035156,40.86000061035156,960300
40.68999862670898,41.59999847412109,40.430999755859375,41.38999938964844,41.38999938964844,1310200
41.040000915527344,41.90999984741211,40.68000030517578,41.47999954223633,41.47999954223633,1633000
41.68999862670898,41.869998931884766,41.040000915527344,41.59999847412109,41.59999847412109,874100
41.47999954223633,41.709999084472656,40.435001373291016,41.16999816894531,41.16999816894531,1697900
41.16999816894531,41.59000015258789,40.52000045776367,41.47999954223633,41.47999954223633,2465800
41.630001068115234,41.75,40.75,40.84999847412109,40.84999847412109,1228200
41.290000915527344,41.84999847412109,41.06999969482422,41.45000076293945,41.45000076293945,1031800
41.59999847412109,41.79999923706055,41.119998931884766,41.720001220703125,41.720001220703125,952300
42.02999877929688,43.619998931884766,41.84999847412109,42.93999862670898,42.93999862670898,1764500
42.900001525878906,43.0,41.93000030517578,42.0,42.0,1473800
41.720001220703125,42.40999984741211,41.0,42.18999862670898,42.18999862670898,1294000
42.43999862670898,43.810001373291016,42.415000915527344,43.77000045776367,43.77000045776367,1285500
44.0,44.38999938964844,43.0,43.88999938964844,43.88999938964844,905600
43.77999877929688,44.58000183105469,42.25,42.310001373291016,42.310001373291016,2062500
42.619998931884766,43.369998931884766,42.27000045776367,42.9900016784668,42.9900016784668,1238700
42.9900016784668,43.45000076293945,42.13999938964844,42.68000030517578,42.68000030517578,1109100
41.4900016784668,42.25,41.0,41.52999877929688,41.52999877929688,1854100
41.52000045776367,41.744998931884766,40.220001220703125,40.84000015258789,40.84000015258789,2310800
40.63999938964844,40.810001373291016,39.900001525878906,40.310001373291016,40.310001373291016,1258300
40.380001068115234,40.619998931884766,39.72999954223633,40.560001373291016,40.560001373291016,1552200
40.63999938964844,41.40999984741211,40.275001525878906,40.84000015258789,40.84000015258789,1453200
40.619998931884766,40.90999984741211,39.34999847412109,39.65999984741211,39.65999984741211,1953700
40.06999969482422,40.52999877929688,39.77000045776367,40.34999847412109,40.34999847412109,1697800
41.41999816894531,41.75,39.56499862670898,41.18000030517578,41.18000030517578,4217100
41.47999954223633,42.209999084472656,41.09999847412109,41.560001373291016,41.560001373291016,3081300
41.70000076293945,42.150001525878906,40.94100189208984,42.0099983215332,42.0099983215332,2213900
42.290000915527344,43.04999923706055,42.04999923706055,42.08000183105469,42.08000183105469,1462500
41.58000183105469,42.2400016784668,41.0,42.09000015258789,42.09000015258789,1255100
42.13999938964844,42.665000915527344,41.80500030517578,42.63999938964844,42.63999938964844,1914000
42.209999084472656,43.36000061035156,42.209999084472656,43.20000076293945,43.20000076293945,1657300
43.400001525878906,43.84000015258789,43.20000076293945,43.790000915527344,43.790000915527344,1959700
43.59000015258789,44.06999969482422,42.80799865722656,43.38999938964844,43.38999938964844,2768900
41.72999954223633,42.5,37.720001220703125,37.880001068115234,37.880001068115234,7564000
38.220001220703125,38.9900016784668,38.02999877929688,38.36000061035156,38.36000061035156,3222400
38.43000030517578,39.220001220703125,37.84000015258789,38.43000030517578,38.43000030517578,1694800
38.459999084472656,38.810001373291016,38.040000915527344,38.11000061035156,38.11000061035156,1272100
38.5,38.70000076293945,37.08000183105469,37.36000061035156,37.36000061035156,1469600
37.290000915527344,37.72999954223633,36.97999954223633,37.02000045776367,37.02000045776367,952900
36.93000030517578,37.47999954223633,36.41999816894531,36.4900016784668,36.4900016784668,1785900
36.4900016784668,37.310001373291016,36.040000915527344,36.810001373291016,36.810001373291016,1985600
37.27999877929688,38.209999084472656,37.15999984741211,37.95000076293945,37.95000076293945,1176400
37.83000183105469,38.66999816894531,37.45100021362305,38.22999954223633,38.22999954223633,793100
37.0,38.70000076293945,36.5,38.68000030517578,38.68000030517578,1259600
38.959999084472656,39.20000076293945,36.20000076293945,37.09999847412109,37.09999847412109,2129300
36.20000076293945,36.209999084472656,34.65999984741211,35.310001373291016,35.310001373291016,5466300
36.13999938964844,36.720001220703125,35.5,36.34000015258789,36.34000015258789,3285200
36.619998931884766,36.95199966430664,35.900001525878906,36.0099983215332,36.0099983215332,1893300
35.9900016784668,36.31999969482422,35.11000061035156,35.9900016784668,35.9900016784668,2405500
36.0,36.79999923706055,36.0,36.290000915527344,36.290000915527344,1361900
36.40999984741211,36.7400016784668,36.2599983215332,36.650001525878906,36.650001525878906,1157900
36.84999847412109,38.0,36.790000915527344,37.9900016784668,37.9900016784668,1458000
37.400001525878906,37.630001068115234,36.560001373291016,37.13999938964844,37.13999938964844,1466200
37.02000045776367,38.11000061035156,36.82099914550781,37.93000030517578,37.93000030517578,955300
38.02000045776367,38.209999084472656,37.43999862670898,37.58000183105469,37.58000183105469,342800
37.58000183105469,38.72999954223633,37.52000045776367,38.150001525878906,38.150001525878906,912400
37.959999084472656,38.93999862670898,37.810001373291016,38.220001220703125,38.220001220703125,952900
38.2400016784668,38.459999084472656,36.65999984741211,37.02999877929688,37.02999877929688,1513900
36.95000076293945,37.2130012512207,35.209999084472656,35.560001373291016,35.560001373291016,1325000
35.72999954223633,36.1879997253418,35.189998626708984,35.779998779296875,35.779998779296875,640000
36.11000061035156,36.83000183105469,35.939998626708984,36.34000015258789,36.34000015258789,1073400
36.34000015258789,36.880001068115234,35.73500061035156,36.56999969482422,36.56999969482422,1149700
36.33000183105469,37.63999938964844,36.119998931884766,37.34999847412109,37.34999847412109,921100
37.22999954223633,38.150001525878906,36.75,38.08000183105469,38.08000183105469,1135800
38.16999816894531,38.68999862670898,37.72999954223633,37.88999938964844,37.88999938964844,1156400
37.63999938964844,37.63999938964844,36.650001525878906,37.2400016784668,37.2400016784668,1177000
37.27000045776367,38.459999084472656,37.18000030517578,38.040000915527344,38.040000915527344,1379900
37.93999862670898,38.11000061035156,36.79999923706055,37.459999084472656,37.459999084472656,1294800
37.41999816894531,38.380001068115234,36.77999877929688,37.84000015258789,37.84000015258789,1474700
37.84000015258789,38.04999923706055,36.900001525878906,37.25,37.25,1218800
37.5099983215332,37.90999984741211,37.04999923706055,37.36000061035156,37.36000061035156,1081000
37.65999984741211,39.220001220703125,37.40999984741211,39.150001525878906,39.150001525878906,1338200
39.09999847412109,39.37900161743164,38.56999969482422,38.59999847412109,38.59999847412109,823100
38.59999847412109,38.84000015258789,37.119998931884766,37.41999816894531,37.41999816894531,984000
37.40999984741211,37.70000076293945,37.02000045776367,37.61000061035156,37.61000061035156,602000
37.77999877929688,38.36000061035156,37.52000045776367,38.18000030517578,38.18000030517578,496300
38.220001220703125,38.470001220703125,37.40999984741211,37.5099983215332,37.5099983215332,850800
37.720001220703125,37.97999954223633,37.2400016784668,37.59999847412109,37.59999847412109,628500
37.59000015258789,37.75,36.90999984741211,37.619998931884766,37.619998931884766,937200
36.25,37.79999923706055,36.0,37.060001373291016,37.060001373291016,1759100
37.04999923706055,37.470001220703125,36.5,37.2599983215332,37.2599983215332,992600
37.34000015258789,37.803001403808594,36.34000015258789,36.75,36.75,1183100
36.93000030517578,36.970001220703125,36.119998931884766,36.34000015258789,36.34000015258789,1287300
36.52999877929688,36.790000915527344,36.290000915527344,36.31999969482422,36.31999969482422,1219400
36.06999969482422,36.97999954223633,35.900001525878906,36.83000183105469,36.83000183105469,2228500
37.150001525878906,37.93000030517578,36.93000030517578,37.16999816894531,37.16999816894531,1940300
37.130001068115234,37.560001373291016,36.33000183105469,37.369998931884766,37.369998931884766,1569000
38.7400016784668,39.33000183105469,37.790000915527344,39.040000915527344,39.040000915527344,3092000
39.08000183105469,39.68000030517578,38.650001525878906,39.130001068115234,39.130001068115234,1571900
39.16999816894531,39.790000915527344,38.84999847412109,39.43999862670898,39.43999862670898,1066700
39.470001220703125,39.959999084472656,39.02999877929688,39.34999847412109,39.34999847412109,1166200
39.470001220703125,39.72999954223633,38.77999877929688,39.400001525878906,39.400001525878906,761200
39.16999816894531,40.5,38.97999954223633,39.68999862670898,39.68999862670898,1287600
39.810001373291016,40.91999816894531,39.459999084472656,40.470001220703125,40.470001220703125,1618400
40.709999084472656,42.02999877929688,40.630001068115234,41.970001220703125,41.970001220703125,1772700
41.970001220703125,41.970001220703125,41.52000045776367,41.83000183105469,41.83000183105469,977200
41.9900016784668,42.02999877929688,41.52000045776367,41.869998931884766,41.869998931884766,1077700
41.75,41.869998931884766,41.0099983215332,41.59000015258789,41.59000015258789,1706400
41.369998931884766,41.790000915527344,41.15999984741211,41.54999923706055,41.54999923706055,961600
41.72999954223633,41.72999954223633,40.900001525878906,41.47999954223633,41.47999954223633,1466600
41.4900016784668,42.25,41.27000045776367,41.380001068115234,41.380001068115234,1956100
41.630001068115234,42.0,40.619998931884766,40.900001525878906,40.900001525878906,2361800
41.68999862670898,41.86000061035156,40.47999954223633,40.54999923706055,40.54999923706055,2450900
40.75,41.70000076293945,40.5099983215332,41.310001373291016,41.310001373291016,3334100
38.33000183105469,41.5099983215332,37.5,39.86000061035156,39.86000061035156,11350500
39.540000915527344,39.790000915527344,37.709999084472656,38.20000076293945,38.20000076293945,4097100
38.15999984741211,38.45000076293945,37.54999923706055,37.66999816894531,37.66999816894531,2288900
37.650001525878906,38.150001525878906,36.68000030517578,36.70000076293945,36.70000076293945,2732200
36.5,37.880001068115234,36.31999969482422,36.91999816894531,36.91999816894531,1965600
37.0,37.470001220703125,36.91999816894531,37.09999847412109,37.09999847412109,1494600
37.11000061035156,37.63999938964844,36.81999969482422,37.060001373291016,37.060001373291016,1727500
37.25,37.959999084472656,37.15999984741211,37.59999847412109,37.59999847412109,1777900
37.83000183105469,38.18000030517578,37.6510009765625,37.970001220703125,37.970001220703125,1157600
38.0099983215332,38.310001373291016,37.29999923706055,37.33000183105469,37.33000183105469,1098300
37.36000061035156,37.59999847412109,35.58000183105469,36.27999877929688,36.27999877929688,2165500
35.939998626708984,36.560001373291016,35.709999084472656,36.33000183105469,36.33000183105469,1376400
36.209999084472656,36.310001373291016,35.689998626708984,36.22999954223633,36.22999954223633,3053100
36.18999862670898,36.31999969482422,35.029998779296875,35.060001373291016,35.060001373291016,2346100
35.369998931884766,36.40999984741211,35.025001525878906,36.209999084472656,36.209999084472656,4166400
36.209999084472656,36.33000183105469,34.849998474121094,34.869998931884766,34.869998931884766,1759200
34.54999923706055,34.91999816894531,33.27000045776367,34.27000045776367,34.27000045776367,5236900
33.90999984741211,34.38999938964844,33.58000183105469,33.869998931884766,33.869998931884766,3441400
33.939998626708984,34.59000015258789,33.77000045776367,33.880001068115234,33.880001068115234,2332700
33.959999084472656,34.119998931884766,33.290000915527344,33.36000061035156,33.36000061035156,1736700
33.369998931884766,33.83000183105469,33.130001068115234,33.560001373291016,33.560001373291016,2125200
33.90999984741211,34.290000915527344,33.38999938964844,33.77000045776367,33.77000045776367,2258400
33.77000045776367,34.5,33.34000015258789,34.41999816894531,34.41999816894531,1871400
34.27000045776367,34.27000045776367,33.689998626708984,33.900001525878906,33.900001525878906,1597400
34.04999923706055,34.720001220703125,33.619998931884766,34.619998931884766,34.619998931884766,1251700
34.650001525878906,34.900001525878906,34.349998474121094,34.5099983215332,34.5099983215332,1157700
34.560001373291016,34.630001068115234,34.15999984741211,34.33000183105469,34.33000183105469,1468800
33.77000045776367,34.98500061035156,33.59000015258789,34.91999816894531,34.91999816894531,2229600
35.150001525878906,35.970001220703125,34.09000015258789,34.119998931884766,34.119998931884766,3352400
34.15999984741211,34.290000915527344,33.4900016784668,34.029998779296875,34.029998779296875,2649200
33.90999984741211,34.119998931884766,33.40999984741211,33.5099983215332,33.5099983215332,1372100
33.70000076293945,34.209999084472656,33.45000076293945,33.66999816894531,33.66999816894531,1436200
33.189998626708984,33.84000015258789,32.529998779296875,33.66999816894531,33.66999816894531,2820800
33.529998779296875,33.7400016784668,33.27000045776367,33.310001373291016,33.310001373291016,1876500
33.38999938964844,33.939998626708984,33.11000061035156,33.59000015258789,33.59000015258789,2251800
33.63999938964844,33.650001525878906,32.95000076293945,33.130001068115234,33.130001068115234,1580000
33.13999938964844,33.22999954223633,32.83000183105469,32.88999938964844,32.88999938964844,1145700
33.02000045776367,33.34000015258789,32.43000030517578,33.15999984741211,33.15999984741211,1243100
33.0,33.38999938964844,32.810001373291016,33.040000915527344,33.040000915527344,689400
33.209999084472656,33.88999938964844,32.88999938964844,33.27000045776367,33.27000045776367,1449100
33.2599983215332,33.689998626708984,33.0,33.459999084472656,33.459999084472656,1265400
33.400001525878906,34.060001373291016,33.060001373291016,33.86000061035156,33.86000061035156,1994800
33.91999816894531,34.79999923706055,33.81999969482422,34.15999984741211,34.15999984741211,3424000
34.20000076293945,34.58000183105469,34.12099838256836,34.54999923706055,34.54999923706055,1861900
35.59000015258789,36.34000015258789,34.93000030517578,35.04999923706055,35.04999923706055,2421000
35.11000061035156,35.41999816894531,34.77000045776367,34.93000030517578,34.93000030517578,1755100
34.959999084472656,35.0,34.15999984741211,34.220001220703125,34.220001220703125,1988800
33.970001220703125,34.209999084472656,33.7599983215332,34.06999969482422,34.06999969482422,1119200
33.9900016784668,34.84000015258789,33.90999984741211,34.66999816894531,34.66999816894531,2085000
34.97999954223633,34.97999954223633,34.11000061035156,34.720001220703125,34.720001220703125,1912200
34.72999954223633,34.93000030517578,34.400001525878906,34.61000061035156,34.61000061035156,2536100
35.13999938964844,35.310001373291016,34.494998931884766,34.70000076293945,34.70000076293945,2378000
34.880001068115234,35.029998779296875,34.63999938964844,34.779998779296875,34.779998779296875,2547300
34.91999816894531,35.29999923706055,34.66999816894531,35.02000045776367,35.02000045776367,4699400
40.54999923706055,43.13999938964844,40.34999847412109,42.91999816894531,42.91999816894531,13358500
42.63999938964844,45.09000015258789,42.59999847412109,42.97999954223633,42.97999954223633,7907100
43.0,43.3849983215332,42.119998931884766,42.88999938964844,42.88999938964844,3110900
42.72999954223633,44.84999847412109,42.65999984741211,44.09000015258789,44.09000015258789,3750300
43.68000030517578,44.91999816894531,43.52799987792969,44.88999938964844,44.88999938964844,2222800
44.93999862670898,45.400001525878906,44.505001068115234,44.88999938964844,44.88999938964844,2122700
44.88999938964844,45.90999984741211,44.720001220703125,45.720001220703125,45.720001220703125,1932100
46.02999877929688,46.834999084472656,45.209999084472656,45.29999923706055,45.29999923706055,1663400
45.369998931884766,45.869998931884766,45.01100158691406,45.34999847412109,45.34999847412109,1577500
45.34999847412109,45.47999954223633,44.38999938964844,45.0099983215332,45.0099983215332,2110100
45.02999877929688,45.29999923706055,44.369998931884766,45.0,45.0,1211200
45.02000045776367,45.34999847412109,44.630001068115234,44.90999984741211,44.90999984741211,1570600
44.95000076293945,45.15999984741211,44.20000076293945,44.31999969482422,44.31999969482422,1864500
44.650001525878906,44.85900115966797,44.09999847412109,44.650001525878906,44.650001525878906,1733000
44.13999938964844,44.400001525878906,43.15999984741211,43.36000061035156,43.36000061035156,2665700
43.15999984741211,44.47999954223633,43.15999984741211,44.06999969482422,44.06999969482422,2166300
44.2400016784668,44.560001373291016,42.45000076293945,43.369998931884766,43.369998931884766,2741600
43.560001373291016,43.79999923706055,42.93000030517578,43.13999938964844,43.13999938964844,1613500
43.2599983215332,43.5,42.68000030517578,42.72999954223633,42.72999954223633,1146800
42.7599983215332,43.185001373291016,42.459999084472656,42.83000183105469,42.83000183105469,2034000
43.09000015258789,43.20000076293945,42.31999969482422,42.34999847412109,42.34999847412109,1850000
42.52000045776367,43.95000076293945,42.422000885009766,43.83000183105469,43.83000183105469,2639200
43.83000183105469,44.15999984741211,43.45000076293945,43.4900016784668,43.4900016784668,1469400
43.5099983215332,43.869998931884766,42.560001373291016,43.470001220703125,43.470001220703125,1355800
43.54999923706055,44.0,42.970001220703125,43.709999084472656,43.709999084472656,1310500
43.75,44.95500183105469,43.75,44.66999816894531,44.66999816894531,1869600
44.61000061035156,44.95000076293945,44.34999847412109,44.52000045776367,44.52000045776367,1422200
44.31999969482422,44.95000076293945,43.619998931884766,43.7599983215332,43.7599983215332,1770200
43.79999923706055,44.09000015258789,43.47999954223633,43.880001068115234,43.880001068115234,884800
44.0099983215332,44.38999938964844,43.39500045776367,43.810001373291016,43.810001373291016,1982200
44.0099983215332,45.18999862670898,42.869998931884766,43.34999847412109,43.34999847412109,2261200
42.93000030517578,43.04999923706055,41.34999847412109,43.02000045776367,43.02000045776367,2180900
43.15999984741211,43.93999862670898,43.0099983215332,43.43000030517578,43.43000030517578,1335400
43.52999877929688,44.2599983215332,43.310001373291016,43.75,43.75,1926000
42.95000076293945,43.75,42.0,43.59000015258789,43.59000015258789,1270300
42.4900016784668,43.58000183105469,41.91999816894531,43.31999969482422,43.31999969482422,1454600
44.04999923706055,46.459999084472656,44.04999923706055,45.34000015258789,45.34000015258789,3265100
45.47999954223633,46.06999969482422,44.970001220703125,45.38999938964844,45.38999938964844,2348100
45.61000061035156,47.75,45.25,46.540000915527344,46.540000915527344,3796300
46.70000076293945,47.25,45.41999816894531,46.33000183105469,46.33000183105469,2762700
46.04999923706055,47.84000015258789,46.04999923706055,47.70000076293945,47.70000076293945,2537500
45.59999847412109,46.68000030517578,44.400001525878906,44.63999938964844,44.63999938964844,5650200
44.5099983215332,44.7400016784668,43.150001525878906,43.41999816894531,43.41999816894531,3319400
43.93000030517578,44.26100158691406,42.900001525878906,44.06999969482422,44.06999969482422,1587200
43.91999816894531,44.18999862670898,42.459999084472656,43.20000076293945,43.20000076293945,2150500
43.34999847412109,43.97999954223633,42.970001220703125,43.59999847412109,43.59999847412109,1677300
43.86000061035156,44.18999862670898,43.04999923706055,43.40999984741211,43.40999984741211,767400
43.540000915527344,43.91999816894531,43.02000045776367,43.459999084472656,43.459999084472656,1157900
43.11000061035156,43.720001220703125,42.42100143432617,43.130001068115234,43.130001068115234,1015200
43.61000061035156,44.06999969482422,43.40999984741211,43.68000030517578,43.68000030517578,1047200
43.61000061035156,44.25,43.4900016784668,43.650001525878906,43.650001525878906,947900
43.630001068115234,43.72999954223633,43.0099983215332,43.54999923706055,43.54999923706055,1206900
45.18000030517578,46.2599983215332,44.310001373291016,45.040000915527344,45.040000915527344,4230700
45.290000915527344,46.0099983215332,44.810001373291016,45.90999984741211,45.90999984741211,1747900
46.06999969482422,46.40999984741211,45.69499969482422,45.77999877929688,45.77999877929688,786500
46.34000015258789,46.38999938964844,45.43999862670898,45.5099983215332,45.5099983215332,1312700
45.470001220703125,45.6150016784668,44.95000076293945,45.5099983215332,45.5099983215332,844600
45.650001525878906,46.09000015258789,45.22999954223633,45.52999877929688,45.52999877929688,1415000
45.68000030517578,46.119998931884766,45.33000183105469,45.790000915527344,45.790000915527344,986800
45.77999877929688,45.77999877929688,44.970001220703125,45.25,45.25,795200
45.40999984741211,45.75,45.119998931884766,45.43999862670898,45.43999862670898,657300
45.380001068115234,45.91999816894531,44.80099868774414,45.61000061035156,45.61000061035156,1355400
45.75,47.47999954223633,45.45000076293945,47.040000915527344,47.040000915527344,2038100
47.209999084472656,48.15999984741211,46.18000030517578,46.9900016784668,46.9900016784668,2571900
46.70000076293945,47.34999847412109,46.4900016784668,46.63999938964844,46.63999938964844,994000
46.869998931884766,46.93999862670898,45.61000061035156,46.130001068115234,46.130001068115234,2535300
47.56999969482422,48.0,46.470001220703125,47.220001220703125,47.220001220703125,2277900
47.380001068115234,47.47999954223633,45.88999938964844,46.65999984741211,46.65999984741211,2304400
46.709999084472656,48.58000183105469,46.34000015258789,48.25,48.25,4344700
47.70000076293945,53.36000061035156,47.70000076293945,52.619998931884766,52.619998931884766,7443100
54.18000030517578,57.2599983215332,53.858001708984375,56.959999084472656,56.959999084472656,5714300
56.5,56.97999954223633,54.470001220703125,56.09000015258789,56.09000015258789,2925400
55.5,55.81999969482422,54.869998931884766,55.81999969482422,55.81999969482422,2014200
55.59000015258789,55.630001068115234,54.0,54.16999816894531,54.16999816894531,1365100
53.97999954223633,54.619998931884766,53.310001373291016,54.459999084472656,54.459999084472656,1999300
54.97999954223633,55.25,53.84000015258789,54.41999816894531,54.41999816894531,1224000
54.43000030517578,54.72999954223633,53.70000076293945,54.34999847412109,54.34999847412109,1019700
54.84999847412109,55.68000030517578,54.2599983215332,54.650001525878906,54.650001525878906,902800
54.650001525878906,54.81999969482422,53.44300079345703,53.560001373291016,53.560001373291016,944200
53.310001373291016,54.09999847412109,53.22999954223633,53.869998931884766,53.869998931884766,1087900
54.0099983215332,54.56999969482422,53.66999816894531,54.36000061035156,54.36000061035156,871800
54.5,54.970001220703125,54.09000015258789,54.93000030517578,54.93000030517578,1273000
54.810001373291016,54.900001525878906,54.29999923706055,54.58000183105469,54.58000183105469,960800
55.619998931884766,55.68999862670898,54.38999938964844,54.52999877929688,54.52999877929688,1147700
54.93000030517578,54.93000030517578,54.09000015258789,54.150001525878906,54.150001525878906,733700
54.34000015258789,54.59999847412109,53.84999847412109,54.130001068115234,54.130001068115234,1389600
53.5099983215332,55.2400016784668,53.380001068115234,54.709999084472656,54.709999084472656,1093800
54.61000061035156,56.459999084472656,54.56999969482422,56.290000915527344,56.290000915527344,1497400
56.81999969482422,57.220001220703125,56.04999923706055,57.09000015258789,57.09000015258789,1540200
57.09000015258789,57.27999877929688,55.84000015258789,56.060001373291016,56.060001373291016,1224200
55.90999984741211,57.290000915527344,55.79999923706055,56.29999923706055,56.29999923706055,1536400
56.65999984741211,57.02999877929688,55.959999084472656,56.75,56.75,1162500
56.68999862670898,57.61000061035156,56.59000015258789,57.08000183105469,57.08000183105469,1097900
57.0,57.15999984741211,55.97999954223633,56.08000183105469,56.08000183105469,1412200
56.0,56.84000015258789,55.5099983215332,56.400001525878906,56.400001525878906,2824500
56.40999984741211,57.04999923706055,55.823001861572266,56.040000915527344,56.040000915527344,2325500
56.2400016784668,57.4900016784668,55.880001068115234,56.18000030517578,56.18000030517578,3265000
56.130001068115234,56.18000030517578,54.68999862670898,54.97999954223633,54.97999954223633,3228700
54.97999954223633,55.18999862670898,53.470001220703125,53.560001373291016,53.560001373291016,3167000
53.68000030517578,54.18999862670898,52.150001525878906,53.0,53.0,3444200
53.0,54.380001068115234,52.9900016784668,54.34999847412109,54.34999847412109,1729900
54.31999969482422,54.31999969482422,52.54999923706055,53.18999862670898,53.18999862670898,1532000
53.290000915527344,53.720001220703125,52.59999847412109,53.5099983215332,53.5099983215332,1065800
50.36000061035156,53.02999877929688,49.59999847412109,51.68999862670898,51.68999862670898,3520100
51.369998931884766,51.78499984741211,50.75,51.68999862670898,51.68999862670898,1374800
51.81999969482422,52.1150016784668,50.09999847412109,50.7400016784668,50.7400016784668,2005300
50.77000045776367,51.900001525878906,50.77000045776367,51.61000061035156,51.61000061035156,1632400
51.369998931884766,51.9900016784668,50.970001220703125,51.77999877929688,51.77999877929688,587600
51.97999954223633,52.709999084472656,51.869998931884766,52.65999984741211,52.65999984741211,1844500
52.65999984741211,53.70000076293945,52.29999923706055,53.66999816894531,53.66999816894531,1666800
53.56999969482422,54.619998931884766,53.29999923706055,54.22999954223633,54.22999954223633,1179500
54.22999954223633,54.34000015258789,53.619998931884766,54.09999847412109,54.09999847412109,803100
53.119998931884766,53.43000030517578,51.68999862670898,51.97999954223633,51.97999954223633,2300300
51.650001525878906,51.95000076293945,50.84999847412109,51.290000915527344,51.290000915527344,2330000
51.540000915527344,51.7599983215332,51.09000015258789,51.27999877929688,51.27999877929688,1123100
51.66999816894531,52.4900016784668,51.4900016784668,52.18999862670898,52.18999862670898,1364300
52.27000045776367,52.5099983215332,51.84999847412109,51.97999954223633,51.97999954223633,546300
51.900001525878906,52.209999084472656,51.720001220703125,52.15999984741211,52.15999984741211,809200
50.32500076293945,52.31999969482422,50.119998931884766,51.61000061035156,51.61000061035156,2048900
51.84999847412109,51.875,50.2599983215332,51.13999938964844,51.13999938964844,1234600
51.209999084472656,51.77999877929688,50.95000076293945,51.5099983215332,51.5099983215332,499400
51.380001068115234,52.2400016784668,51.34999847412109,52.0,52.0,1097800
51.36000061035156,52.09999847412109,51.16999816894531,51.77000045776367,51.77000045776367,970000
52.34000015258789,53.11000061035156,51.43000030517578,52.34000015258789,52.34000015258789,1810000
52.79999923706055,52.900001525878906,51.31999969482422,51.43999862670898,51.43999862670898,1975000
51.630001068115234,52.22999954223633,51.209999084472656,51.97999954223633,51.97999954223633,2299800
53.650001525878906,57.93000030517578,53.25,57.790000915527344,57.790000915527344,6920100
58.43999862670898,59.9900016784668,57.11000061035156,59.040000915527344,59.040000915527344,4057200
58.93000030517578,60.52999877929688,58.13999938964844,60.02000045776367,60.02000045776367,2338900
60.0,61.06999969482422,59.34000015258789,59.68000030517578,59.68000030517578,2120500
59.77999877929688,61.04999923706055,59.68000030517578,61.02000045776367,61.02000045776367,1979700
61.09999847412109,61.3650016784668,60.41999816894531,60.83000183105469,60.83000183105469,1279500
60.75,61.119998931884766,60.08000183105469,60.83000183105469,60.83000183105469,892700
60.59999847412109,62.959999084472656,60.59999847412109,62.18999862670898,62.18999862670898,1683600
62.33000183105469,63.15999984741211,61.59299850463867,62.91999816894531,62.91999816894531,943400
63.0,63.09999847412109,61.81999969482422,62.45000076293945,62.45000076293945,936800
62.06999969482422,62.45000076293945,61.459999084472656,62.41999816894531,62.41999816894531,844500
62.0,62.209999084472656,60.45000076293945,61.63999938964844,61.63999938964844,1136000
61.52999877929688,63.15999984741211,61.43000030517578,63.09999847412109,63.09999847412109,1266300
62.97999954223633,63.810001373291016,62.13999938964844,63.619998931884766,63.619998931884766,1066500
63.47999954223633,63.68000030517578,62.81999969482422,63.08000183105469,63.08000183105469,538200
62.40999984741211,63.40999984741211,61.75,62.9900016784668,62.9900016784668,663400
63.43999862670898,64.87000274658203,63.09999847412109,64.51000213623047,64.51000213623047,1282100
64.33000183105469,64.98999786376953,64.19999694824219,64.69999694824219,64.69999694824219,631400
65.0,65.08000183105469,64.37999725341797,65.02999877929688,65.02999877929688,631300
65.69000244140625,66.98999786376953,65.63999938964844,66.79000091552734,66.79000091552734,993600
66.80000305175781,67.83999633789062,66.5,67.69999694824219,67.69999694824219,1115600
68.04000091552734,69.05000305175781,68.04000091552734,68.58000183105469,68.58000183105469,656100
68.7300033569336,69.81999969482422,68.20999908447266,68.58999633789062,68.58999633789062,1054900
68.69999694824219,68.83999633789062,67.22200012207031,68.2300033569336,68.2300033569336,1442100
68.38999938964844,68.66999816894531,65.3499984741211,66.19999694824219,66.19999694824219,1766800
66.31999969482422,67.68000030517578,65.13999938964844,67.55999755859375,67.55999755859375,1427400
67.30999755859375,68.12000274658203,65.47000122070312,66.5999984741211,66.5999984741211,1587900
67.44999694824219,68.08000183105469,65.1500015258789,66.94000244140625,66.94000244140625,1515000
66.54000091552734,67.76000213623047,66.30999755859375,67.58000183105469,67.58000183105469,883200
67.58000183105469,68.83999633789062,67.1050033569336,68.41999816894531,68.41999816894531,657400
68.37999725341797,69.55000305175781,68.1500015258789,68.94000244140625,68.94000244140625,631200
69.6500015258789,70.1500015258789,68.0999984741211,68.22000122070312,68.22000122070312,1112600
69.9000015258789,70.73999786376953,69.43000030517578,70.33999633789062,70.33999633789062,1753900
70.26000213623047,71.22000122070312,69.70999908447266,69.83000183105469,69.83000183105469,839600
70.05000305175781,71.66000366210938,69.95999908447266,71.41000366210938,71.41000366210938,1028500
71.76000213623047,72.55000305175781,70.91000366210938,71.54000091552734,71.54000091552734,1080900
71.73999786376953,73.31999969482422,71.48999786376953,72.30000305175781,72.30000305175781,4895200
72.70999908447266,73.66999816894531,72.4000015258789,73.66000366210938,73.66000366210938,999200
73.66000366210938,73.66000366210938,72.63999938964844,73.18000030517578,73.18000030517578,650200
73.69000244140625,74.80500030517578,73.33000183105469,74.08999633789062,74.08999633789062,990800
74.0,74.0999984741211,71.08999633789062,71.44000244140625,71.44000244140625,1338100
71.62999725341797,72.0999984741211,71.02999877929688,71.73999786376953,71.73999786376953,785500
71.4000015258789,72.26000213623047,70.11000061035156,72.22000122070312,72.22000122070312,568200
72.19000244140625,73.62000274658203,71.66000366210938,73.13999938964844,73.13999938964844,500000
73.23999786376953,73.54000091552734,72.05000305175781,72.19000244140625,72.19000244140625,557500
72.5999984741211,72.7699966430664,71.30000305175781,71.80000305175781,71.80000305175781,871100
71.54000091552734,72.01000213623047,70.26000213623047,71.26000213623047,71.26000213623047,1594200
71.44999694824219,71.77999877929688,70.91000366210938,71.31999969482422,71.31999969482422,911800
71.93000030517578,72.5999984741211,70.98999786376953,71.87999725341797,71.87999725341797,1059200
72.43000030517578,73.0199966430664,71.37999725341797,72.97000122070312,72.97000122070312,1375000
71.5,72.0999984741211,70.81999969482422,71.36000061035156,71.36000061035156,1201600
71.54000091552734,71.79900360107422,68.70999908447266,69.16000366210938,69.16000366210938,2602400
68.52999877929688,69.13999938964844,66.28199768066406,66.52999877929688,66.52999877929688,2626500
66.66000366210938,68.22000122070312,66.30999755859375,68.22000122070312,68.22000122070312,1174500
68.73999786376953,70.81999969482422,68.5999984741211,70.61000061035156,70.61000061035156,1542900
71.30000305175781,71.51000213623047,69.47000122070312,69.83999633789062,69.83999633789062,1429900
70.18000030517578,71.05000305175781,69.23999786376953,70.80000305175781,70.80000305175781,1113800
70.9000015258789,71.51000213623047,70.22000122070312,70.33999633789062,70.33999633789062,735500
70.4800033569336,70.54000091552734,68.19999694824219,70.02999877929688,70.02999877929688,1285900
70.0999984741211,72.29000091552734,69.70999908447266,71.91999816894531,71.91999816894531,1249300
71.8499984741211,72.02300262451172,69.83999633789062,71.16000366210938,71.16000366210938,1167300
71.62999725341797,72.5999984741211,70.80000305175781,71.52999877929688,71.52999877929688,799400
72.58000183105469,74.05000305175781,72.19999694824219,73.4000015258789,73.4000015258789,1374800
73.97000122070312,76.73999786376953,73.97000122070312,76.48999786376953,76.48999786376953,2037800
76.41999816894531,77.98500061035156,75.30999755859375,75.41999816894531,75.41999816894531,1862100
71.87999725341797,72.88999938964844,71.01000213623047,72.72000122070312,72.72000122070312,2239000
73.2699966430664,74.05000305175781,71.94000244140625,72.25,72.25,1307400
71.87000274658203,73.47000122070312,71.5,72.86000061035156,72.86000061035156,890200
72.05000305175781,72.52999877929688,70.36100006103516,70.6500015258789,70.6500015258789,1233300
67.91000366210938,70.5,66.5199966430664,68.16000366210938,68.16000366210938,2143000
66.58999633789062,69.43000030517578,66.06999969482422,68.9000015258789,68.9000015258789,1962100
69.05000305175781,70.58000183105469,68.0,69.91000366210938,69.91000366210938,2642700
84.98999786376953,94.88999938964844,84.25,89.04000091552734,89.04000091552734,13585800
89.80000305175781,90.75,80.87999725341797,85.54000091552734,85.54000091552734,4962900
85.19999694824219,88.77999877929688,85.0999984741211,86.69999694824219,86.69999694824219,2818800
86.68000030517578,89.19999694824219,86.68000030517578,87.97000122070312,87.97000122070312,1257400
87.69000244140625,93.93000030517578,87.51000213623047,93.38999938964844,93.38999938964844,2575400
93.77999877929688,94.43000030517578,90.05000305175781,94.4000015258789,94.4000015258789,1890200
94.18000030517578,96.58000183105467,93.88500213623048,95.93000030517578,95.93000030517578,1820800
95.27999877929688,99.31999969482422,95.18000030517578,97.0500030517578,97.0500030517578,1601400
97.18000030517578,99.80999755859376,97.0999984741211,97.5199966430664,97.5199966430664,2995600
97.91000366210938,99.1790008544922,96.80999755859376,98.2699966430664,98.2699966430664,995100
98.26000213623048,98.98999786376952,96.0500030517578,96.7300033569336,96.7300033569336,1672800
97.06999969482422,99.45999908447266,96.97000122070312,99.12999725341795,99.12999725341795,1404500
99.19000244140624,101.02999877929688,97.18000030517578,98.91999816894533,98.91999816894533,1418100
99.11000061035156,99.7699966430664,97.80999755859376,99.41000366210938,99.41000366210938,1156800
99.37000274658205,100.12000274658205,94.52999877929688,97.5500030517578,97.5500030517578,2028900
96.7699966430664,99.88999938964844,95.38999938964844,99.70999908447266,99.70999908447266,1535300
99.18000030517578,102.6500015258789,98.41000366210938,101.9800033569336,101.9800033569336,1196000
98.97000122070312,101.87000274658205,96.6449966430664,101.41999816894533,101.41999816894533,1586400
101.0199966430664,104.66999816894533,100.7300033569336,104.16000366210938,104.16000366210938,1122900
104.0999984741211,106.52999877929688,104.0999984741211,106.38999938964844,106.38999938964844,1120500
107.16000366210938,108.66000366210938,106.9010009765625,108.55999755859376,108.55999755859376,1303600
109.20999908447266,110.36000061035156,107.6500015258789,109.58999633789062,109.58999633789062,1340200
110.75,112.41000366210938,108.94499969482422,109.25,109.25,1483700
110.0,111.1500015258789,107.87000274658205,110.77999877929688,110.77999877929688,1540200
111.1500015258789,111.91899871826172,109.3000030517578,110.88999938964844,110.88999938964844,1516100
111.0500030517578,111.41000366210938,109.81999969482422,110.52999877929688,110.52999877929688,1656700
107.83000183105467,109.8000030517578,106.0500030517578,108.81999969482422,108.81999969482422,1933300
108.81999969482422,111.86000061035156,107.95999908447266,110.4800033569336,110.4800033569336,1448600
110.79000091552734,110.88999938964844,108.91000366210938,110.0199966430664,110.0199966430664,1954200
109.18000030517578,109.72000122070312,105.5999984741211,105.91000366210938,105.91000366210938,2526000
105.75,107.0,104.41999816894533,104.61000061035156,104.61000061035156,2323500
106.5999984741211,108.45999908447266,104.83000183105467,108.45999908447266,108.45999908447266,1299800
108.75,109.16000366210938,102.3010025024414,103.33999633789062,103.33999633789062,2132600
103.0,103.0,98.5,99.11000061035156,99.11000061035156,2885800
99.91999816894533,102.41000366210938,97.80999755859376,101.47000122070312,101.47000122070312,2332900
100.98999786376952,101.97000122070312,96.44000244140624,97.58999633789062,97.58999633789062,1565200
98.27999877929688,99.5,97.0999984741211,97.63999938964844,97.63999938964844,1057600
96.05999755859376,99.80999755859376,94.08000183105467,99.52999877929688,99.52999877929688,1477500
100.66999816894533,101.25,99.0,100.18000030517578,100.18000030517578,1399200
99.45999908447266,100.02999877929688,96.52999877929688,97.08999633789062,97.08999633789062,1553600
97.1999969482422,99.08000183105467,96.73999786376952,97.08000183105467,97.08000183105467,1309700
98.81999969482422,100.66000366210938,97.5,99.87000274658205,99.87000274658205,1138500
99.41000366210938,100.95899963378906,97.94000244140624,98.31999969482422,98.31999969482422,968300
99.16999816894533,100.38999938964844,98.8000030517578,99.9000015258789,99.9000015258789,655500
99.63999938964844,99.87000274658205,97.08999633789062,97.91000366210938,97.91000366210938,867000
98.8000030517578,99.25,97.01000213623048,98.5,98.5,962600
100.18000030517578,104.4499969482422,99.25,103.72000122070312,103.72000122070312,2326200
101.83000183105467,104.23899841308594,99.66999816894533,103.06999969482422,103.06999969482422,1528100
102.97000122070312,103.4499969482422,101.08000183105467,101.73999786376952,101.73999786376952,982100
102.0,103.14199829101562,101.1999969482422,101.66999816894533,101.66999816894533,816600
102.0,105.68000030517578,101.16999816894533,102.16999816894533,102.16999816894533,1616900
102.83000183105467,103.98999786376952,95.41000366210938,98.02999877929688,98.02999877929688,1854500
96.26000213623048,97.3499984741211,92.41999816894533,95.56999969482422,95.56999969482422,2169900
96.80999755859376,99.16000366210938,96.2969970703125,98.52999877929688,98.52999877929688,880000
99.05999755859376,99.9800033569336,97.2509994506836,99.37000274658205,99.37000274658205,1033900
98.8000030517578,102.05999755859376,97.52999877929688,101.13999938964844,101.13999938964844,2722300
95.23999786376952,96.8000030517578,89.60099792480469,92.6500015258789,92.6500015258789,5243400
92.91000366210938,97.48999786376952,92.8499984741211,95.55999755859376,95.55999755859376,2323400
94.4499969482422,96.80999755859376,93.29000091552734,96.79000091552734,96.79000091552734,1001800
95.9000015258789,99.02999877929688,95.59500122070312,98.77999877929688,98.77999877929688,765600
99.0,102.95999908447266,99.0,101.68000030517578,101.68000030517578,1142400
100.94000244140624,102.88999938964844,100.01000213623048,102.4499969482422,102.4499969482422,990900
102.97000122070312,104.30999755859376,102.19200134277344,103.4499969482422,103.4499969482422,1039600
104.0,106.6999969482422,103.81999969482422,104.4000015258789,104.4000015258789,903800
104.5,104.56999969482422,101.61000061035156,102.04000091552734,102.04000091552734,979200
102.8000030517578,104.5250015258789,100.80500030517578,101.6999969482422,101.6999969482422,895600
100.75,101.11000061035156,98.66000366210938,100.63999938964844,100.63999938964844,918100
100.62000274658205,103.25,100.1500015258789,102.66999816894533,102.66999816894533,997000
102.16999816894533,104.3000030517578,101.66999816894533,103.37999725341795,103.37999725341795,956000
103.4800033569336,105.12999725341795,103.20999908447266,103.8000030517578,103.8000030517578,1027100
104.73999786376952,106.58999633789062,103.05999755859376,103.68000030517578,103.68000030517578,1115100
104.4499969482422,104.4499969482422,102.58000183105467,102.6500015258789,102.6500015258789,537000
101.62000274658205,103.25,101.16999816894533,102.75,102.75,615700
103.0,104.0500030517578,102.0199966430664,103.08999633789062,103.08999633789062,798500
103.12000274658205,103.87000274658205,101.58000183105467,101.77999877929688,101.77999877929688,747400
101.0,102.0199966430664,99.98999786376952,101.12999725341795,101.12999725341795,1024100
102.16000366210938,108.22000122070312,101.5199966430664,107.54000091552734,107.54000091552734,1834600
108.20999908447266,111.45999908447266,106.5,107.20999908447266,107.20999908447266,2063000
108.86000061035156,109.9499969482422,107.27999877929688,107.7699966430664,107.7699966430664,1428900
108.30999755859376,108.95500183105467,106.55999755859376,107.93000030517578,107.93000030517578,945900
108.3000030517578,113.61000061035156,108.3000030517578,109.4800033569336,109.4800033569336,1598300
109.88999938964844,111.02999877929688,106.88999938964844,107.77999877929688,107.77999877929688,1349000
108.08000183105467,109.30999755859376,102.05999755859376,104.91000366210938,104.91000366210938,1752900
104.4000015258789,106.26000213623048,103.6750030517578,104.81999969482422,104.81999969482422,949400
105.20999908447266,108.06999969482422,104.4499969482422,107.56999969482422,107.56999969482422,985700
108.4800033569336,113.25,107.58100128173828,112.81999969482422,112.81999969482422,1658300
114.37999725341795,116.89700317382812,113.8499984741211,115.9800033569336,115.9800033569336,2372700
118.3499984741211,120.0,116.0,119.86000061035156,119.86000061035156,2841100
119.05999755859376,120.06999969482422,117.6500015258789,118.7699966430664,118.7699966430664,2088700
117.6999969482422,117.97000122070312,116.34700012207033,117.30999755859376,117.30999755859376,1981900
115.48999786376952,116.62000274658205,112.7300033569336,114.0,114.0,2266900
115.6999969482422,116.0,113.41999816894533,113.4800033569336,113.4800033569336,2484900
113.48999786376952,114.16000366210938,109.58000183105467,110.4800033569336,110.4800033569336,2131100
110.97000122070312,111.40499877929688,106.81999969482422,106.9800033569336,106.9800033569336,8203000
106.16999816894533,106.16999816894533,101.12000274658205,101.77999877929688,101.77999877929688,3277300
102.5,104.47000122070312,101.61000061035156,103.33999633789062,103.33999633789062,2314700
104.33999633789062,106.7300033569336,103.5199966430664,103.61000061035156,103.61000061035156,2574700
102.76000213623048,105.9499969482422,100.86299896240234,105.58000183105467,105.58000183105467,1415800
105.9499969482422,106.87999725341795,104.30999755859376,104.91000366210938,104.91000366210938,1694500
102.9000015258789,107.20999908447266,102.0,106.5999984741211,106.5999984741211,1384000
107.08999633789062,107.08999633789062,105.18000030517578,105.33000183105467,105.33000183105467,696100
105.95999908447266,106.37999725341795,104.01000213623048,106.27999877929688,106.27999877929688,1531700
105.87000274658205,109.26000213623048,105.2699966430664,108.3000030517578,108.3000030517578,1388600
109.5,110.75,107.61000061035156,109.66999816894533,109.66999816894533,1820200
110.13999938964844,110.68000030517578,108.12000274658205,108.41999816894533,108.41999816894533,687400
107.06999969482422,110.08799743652344,106.51000213623048,109.0,109.0,716800
109.7699966430664,111.76000213623048,109.5,111.25,111.25,992000
111.25,112.38999938964844,110.58000183105467,110.93000030517578,110.93000030517578,933600
110.87999725341795,111.37000274658205,109.11000061035156,110.18000030517578,110.18000030517578,916700
109.8499984741211,114.8499984741211,109.08999633789062,113.91000366210938,113.91000366210938,1192900
114.01000213623048,114.38999938964844,111.4000015258789,113.87000274658205,113.87000274658205,970700
113.5,114.81400299072266,112.23999786376952,112.4499969482422,112.4499969482422,1074400
112.41000366210938,112.6999969482422,111.08999633789062,111.94000244140624,111.94000244140624,1117500
111.76000213623048,111.98300170898438,109.1500015258789,110.2699966430664,110.2699966430664,1820400
112.5,113.11299896240234,107.47000122070312,109.05999755859376,109.05999755859376,2500800
119.25,138.85000610351562,117.5,134.72999572753906,134.72999572753906,11205900
134.75,141.05999755859375,134.10000610351562,135.50999450683594,135.50999450683594,3226500
135.8800048828125,136.0,130.0800018310547,131.0,131.0,2232400
131.1999969482422,131.75900268554688,123.0999984741211,124.27999877929688,124.27999877929688,2448000
124.8499984741211,125.58999633789062,121.08999633789062,121.88999938964844,121.88999938964844,1805100
121.86000061035156,126.63999938964844,121.51000213623048,125.0,125.0,1801400
124.3499984741211,128.35000610351562,123.63999938964844,127.77999877929688,127.77999877929688,1484000
127.6999969482422,128.61000061035156,124.08999633789062,126.08000183105467,126.08000183105467,1051500
125.62999725341795,129.55499267578125,125.5199966430664,129.0500030517578,129.0500030517578,935400
129.8000030517578,130.64999389648438,127.77100372314452,128.63999938964844,128.63999938964844,1076000
129.47000122070312,129.49000549316406,126.83499908447266,127.88999938964844,127.88999938964844,845500
128.6199951171875,132.5800018310547,128.6199951171875,130.44000244140625,130.44000244140625,1540800
129.0,130.74000549316406,128.17999267578125,130.4199981689453,130.4199981689453,754100
130.60000610351562,132.50999450683594,129.77999877929688,129.9199981689453,129.9199981689453,1108900
130.0,130.80499267578125,127.43000030517578,129.00999450683594,129.00999450683594,999300
128.0,130.27000427246094,125.20999908447266,127.37000274658205,127.37000274658205,826200
128.63999938964844,129.4499969482422,127.54000091552734,128.5500030517578,128.5500030517578,597400
128.38999938964844,128.5399932861328,125.41600036621094,127.4000015258789,127.4000015258789,617900
127.41000366210938,132.8699951171875,126.43000030517578,132.30999755859375,132.30999755859375,1626700
132.85000610351562,136.07000732421875,131.42999267578125,133.11000061035156,133.11000061035156,1132400
132.75999450683594,136.8000030517578,132.75999450683594,135.33999633789062,135.33999633789062,1233600
136.14999389648438,139.83999633789062,135.72000122070312,137.92999267578125,137.92999267578125,1536600
138.10000610351562,140.5,138.00999450683594,138.44000244140625,138.44000244140625,799900
140.0,140.8699951171875,138.10000610351562,139.86000061035156,139.86000061035156,637400
140.0,141.4250030517578,139.15199279785156,140.47999572753906,140.47999572753906,645800
141.30999755859375,143.27999877929688,141.30999755859375,143.0,143.0,1029400
143.0,145.08999633789062,142.02000427246094,142.61000061035156,142.61000061035156,715000
141.83999633789062,144.60000610351562,141.49000549316406,144.11000061035156,144.11000061035156,511900
144.0,145.36599731445312,143.39999389648438,144.0,144.0,1022800
143.1999969482422,143.875,134.1320037841797,137.6199951171875,137.6199951171875,1532700
138.17999267578125,139.5500030517578,135.8800048828125,137.75,137.75,1004100
137.07000732421875,144.39999389648438,136.3800048828125,141.9199981689453,141.9199981689453,903900
142.1300048828125,142.1300048828125,138.09100341796875,141.00999450683594,141.00999450683594,993600
141.25,147.36900329589844,140.19500732421875,146.72999572753906,146.72999572753906,1438200
147.64999389648438,147.72000122070312,138.6999969482422,142.60000610351562,142.60000610351562,1360200
143.3300018310547,145.39999389648438,140.5,144.97000122070312,144.97000122070312,698800
147.05999755859375,149.3489990234375,144.57000732421875,146.11000061035156,146.11000061035156,931200
145.67999267578125,145.67999267578125,139.94000244140625,140.27999877929688,140.27999877929688,960700
143.13999938964844,144.7899932861328,141.5500030517578,143.60000610351562,143.60000610351562,914500
143.5,144.6699981689453,135.16000366210938,136.55999755859375,136.55999755859375,1939700
136.82000732421875,138.61199951171875,134.36000061035156,137.2100067138672,137.2100067138672,1148300
138.3300018310547,139.63999938964844,135.39999389648438,135.75,135.75,1866200
134.2899932861328,137.19000244140625,132.14999389648438,134.80999755859375,134.80999755859375,1512900
135.77999877929688,140.11000061035156,135.52999877929688,138.32000732421875,138.32000732421875,1568500
139.4199981689453,140.60499572753906,137.35000610351562,138.4199981689453,138.4199981689453,778600
140.0,141.77000427246094,139.25,139.7899932861328,139.7899932861328,744000
138.8699951171875,140.36500549316406,137.3459930419922,138.6199951171875,138.6199951171875,907200
138.89999389648438,140.2100067138672,134.77999877929688,137.3800048828125,137.3800048828125,1423900
136.4600067138672,138.0500030517578,135.55999755859375,136.99000549316406,136.99000549316406,1143100
136.77999877929688,137.74099731445312,134.42999267578125,135.24000549316406,135.24000549316406,957700
134.89999389648438,135.69000244140625,128.61399841308594,130.52999877929688,130.52999877929688,1483800
130.0,133.58999633789062,126.88999938964844,129.83999633789062,129.83999633789062,1133000
127.69000244140624,129.6699981689453,123.66000366210938,126.6999969482422,126.6999969482422,1405100
124.66000366210938,129.66000366210938,124.4000015258789,128.4499969482422,128.4499969482422,1254200
128.69000244140625,128.69000244140625,117.55500030517578,117.81999969482422,117.81999969482422,3120100
115.3000030517578,119.0,114.02999877929688,114.33000183105467,114.33000183105467,2999100
118.4800033569336,119.75,114.0250015258789,116.5500030517578,116.5500030517578,1751400
115.87000274658205,116.3489990234375,110.87000274658205,114.0500030517578,114.0500030517578,3133500
117.11000061035156,121.8000030517578,115.6760025024414,121.33999633789062,121.33999633789062,2039400
122.5500030517578,122.81999969482422,117.62000274658205,120.62000274658205,120.62000274658205,1608700
119.41000366210938,121.62999725341795,116.5199966430664,117.41000366210938,117.41000366210938,1429000
119.30999755859376,119.5199966430664,114.55999755859376,114.69000244140624,114.69000244140624,1304500
115.6500015258789,117.83999633789062,113.3000030517578,116.7699966430664,116.7699966430664,1730700
112.83999633789062,116.31999969482422,111.0,115.7300033569336,115.7300033569336,2048600
116.16999816894533,117.0,109.12000274658205,109.62000274658205,109.62000274658205,3410500
91.83999633789062,102.80999755859376,89.0199966430664,96.4800033569336,96.4800033569336,8857800
96.58000183105467,96.9800033569336,87.41000366210938,87.94999694824219,87.94999694824219,6249800
89.23999786376953,90.0,82.5999984741211,84.44000244140625,84.44000244140625,4819700
83.66999816894531,89.30000305175781,82.30000305175781,89.25,89.25,3235400
92.58999633789062,97.95999908447266,92.08999633789062,92.73999786376952,92.73999786376952,4508300
92.25,95.33999633789062,89.91000366210938,94.62999725341795,94.62999725341795,2198500
95.12999725341795,96.8000030517578,93.3499984741211,95.29000091552734,95.29000091552734,1547400
95.20999908447266,95.26000213623048,90.52999877929688,92.45999908447266,92.45999908447266,2259100
92.41000366210938,94.91999816894533,90.54000091552734,91.1500015258789,91.1500015258789,1835100
92.12000274658205,95.58899688720705,92.12000274658205,94.12000274658205,94.12000274658205,3242100
93.9800033569336,94.7300033569336,91.86000061035156,92.36000061035156,92.36000061035156,1688800
91.37000274658205,91.79000091552734,85.88999938964844,88.95999908447266,88.95999908447266,2901500
88.0,88.66000366210938,84.0199966430664,85.5199966430664,85.5199966430664,2713200
86.37999725341797,88.16000366210938,85.23999786376953,86.58999633789062,86.58999633789062,1862300
87.98999786376953,89.3499984741211,86.44999694824219,87.87000274658203,87.87000274658203,2252200
87.2699966430664,91.12999725341795,85.3499984741211,90.77999877929688,90.77999877929688,2135400
89.30999755859375,91.1999969482422,86.41200256347656,87.48999786376953,87.48999786376953,2706000
86.6500015258789,87.06999969482422,80.00499725341797,80.41999816894531,80.41999816894531,2904600
75.75,80.48999786376953,73.72000122070312,78.5199966430664,78.5199966430664,3172600
80.0,81.86000061035156,77.98999786376953,78.58999633789062,78.58999633789062,1615900
77.93000030517578,80.52999877929688,77.76000213623047,78.9800033569336,78.9800033569336,674300
80.23999786376953,81.7699966430664,79.13999938964844,81.20999908447266,81.20999908447266,1688500
80.56999969482422,81.26000213623047,75.80999755859375,76.80000305175781,76.80000305175781,2055900
78.08000183105469,80.18000030517578,75.78099822998047,80.05999755859375,80.05999755859375,4175600
79.98999786376953,81.6050033569336,79.12999725341797,80.19000244140625,80.19000244140625,2088700
79.56999969482422,80.91999816894531,77.36000061035156,78.29000091552734,78.29000091552734,6249400
81.05000305175781,82.91999816894531,79.43000030517578,82.73999786376953,82.73999786376953,3198200
82.25,83.1500015258789,77.16000366210938,77.76000213623047,77.76000213623047,2886700
74.9000015258789,81.55000305175781,73.0999984741211,81.41000366210938,81.41000366210938,3408000
80.94999694824219,82.51000213623047,76.27999877929688,76.80000305175781,76.80000305175781,2580800
76.4000015258789,81.63999938964844,76.2699966430664,80.80999755859375,80.80999755859375,2343400
82.80000305175781,83.80000305175781,80.04000091552734,80.91999816894531,80.91999816894531,1941400
81.93000030517578,82.72000122070312,80.01000213623047,81.36000061035156,81.36000061035156,1721800
82.0199966430664,82.94999694824219,79.12000274658203,79.61000061035156,79.61000061035156,1526600
78.37999725341797,81.22000122070312,77.81999969482422,79.19999694824219,79.19999694824219,1630700
78.5,78.61000061035156,75.19999694824219,75.88999938964844,75.88999938964844,1615200
76.26000213623047,77.04000091552734,74.47000122070312,75.94999694824219,75.94999694824219,2044600
75.75,77.18499755859375,71.51000213623047,72.70999908447266,72.70999908447266,2241100
71.91999816894531,73.44000244140625,69.41000366210938,71.19999694824219,71.19999694824219,2107000
71.75,72.02999877929688,68.47000122070312,68.77999877929688,68.77999877929688,2486200
67.61000061035156,69.80000305175781,66.63999938964844,67.83999633789062,67.83999633789062,762000
69.30999755859375,72.44999694824219,67.91999816894531,72.41000366210938,72.41000366210938,1272900
71.19999694824219,75.25,70.37000274658203,75.25,75.25,1942900
75.45999908447266,76.80999755859375,73.55999755859375,75.98999786376953,75.98999786376953,2055600
77.0,77.4000015258789,74.93000030517578,76.80999755859375,76.80999755859375,2509900
74.72000122070312,76.73999786376953,74.1500015258789,75.45999908447266,75.45999908447266,1910600
73.9000015258789,74.86000061035156,70.98999786376953,71.30999755859375,71.30999755859375,2076100
73.30999755859375,77.44999694824219,72.73999786376953,75.80000305175781,75.80000305175781,3085100
76.55000305175781,80.57499694824219,75.63999938964844,79.8499984741211,79.8499984741211,2226700
81.0,81.94999694824219,78.56999969482422,81.08999633789062,81.08999633789062,1454100
80.05999755859375,81.66000366210938,79.4000015258789,80.38999938964844,80.38999938964844,1394600
79.56999969482422,81.05999755859375,77.66999816894531,80.97000122070312,80.97000122070312,1293500
80.29000091552734,80.49500274658203,77.22000122070312,78.54000091552734,78.54000091552734,1648100
77.36000061035156,78.56999969482422,76.3499984741211,77.91000366210938,77.91000366210938,1226000
78.12000274658203,79.06999969482422,76.08999633789062,76.58000183105469,76.58000183105469,1650600
76.37999725341797,79.26499938964844,76.20999908447266,77.98999786376953,77.98999786376953,2320000
78.0199966430664,80.12999725341797,77.77999877929688,79.66000366210938,79.66000366210938,1299000
80.66000366210938,81.94000244140625,79.55999755859375,80.97000122070312,80.97000122070312,1506200
79.94999694824219,79.94999694824219,74.38999938964844,74.55999755859375,74.55999755859375,2780200
75.54000091552734,76.18000030517578,73.83000183105469,74.45999908447266,74.45999908447266,2292600
74.52999877929688,77.36000061035156,73.91000366210938,77.23999786376953,77.23999786376953,1707700
78.69000244140625,81.61000061035156,78.05000305175781,80.7699966430664,80.7699966430664,2066200
81.5,83.18000030517578,79.71399688720703,80.98999786376953,80.98999786376953,2316300
78.77999877929688,79.44999694824219,76.0999984741211,77.02999877929688,77.02999877929688,2073600
78.52999877929688,80.5,77.79000091552734,79.94999694824219,79.94999694824219,1448600
80.6500015258789,81.75,78.9000015258789,80.4000015258789,80.4000015258789,1712500
80.08999633789062,81.68000030517578,79.94999694824219,80.12999725341797,80.12999725341797,1882400
80.37999725341797,82.01000213623047,79.55999755859375,81.41000366210938,81.41000366210938,1720900
81.48999786376953,84.0199966430664,79.6500015258789,79.87000274658203,79.87000274658203,3276200
80.66000366210938,84.36000061035156,79.0199966430664,83.94999694824219,83.94999694824219,4302400
71.11000061035156,83.87999725341797,66.62000274658203,82.2699966430664,82.2699966430664,27103300
83.55999755859375,86.87000274658203,83.55999755859375,86.08000183105469,86.08000183105469,5979500
86.08000183105469,87.9800033569336,77.75,78.08000183105469,78.08000183105469,6542400
79.19999694824219,81.80000305175781,78.38999938964844,79.56999969482422,79.56999969482422,3894900
79.66000366210938,81.75,78.30999755859375,80.7300033569336,80.7300033569336,2794000
79.87999725341797,83.02999877929688,79.55000305175781,82.47000122070312,82.47000122070312,1410600
82.62000274658203,83.47000122070312,81.93000030517578,83.20999908447266,83.20999908447266,1700100
82.76000213623047,85.4000015258789,82.55000305175781,83.54000091552734,83.54000091552734,1887900
84.0,84.37999725341797,81.0,81.68000030517578,81.68000030517578,1891300
81.98999786376953,82.13999938964844,78.6500015258789,79.5,79.5,1938000
80.18000030517578,81.18000030517578,79.16999816894531,79.97000122070312,79.97000122070312,1692100
80.33999633789062,83.4000015258789,80.11499786376953,81.66000366210938,81.66000366210938,2514100
81.23999786376953,82.2750015258789,79.44499969482422,80.43000030517578,80.43000030517578,1690400
80.04000091552734,81.9800033569336,79.72000122070312,81.29000091552734,81.29000091552734,989500
81.0999984741211,81.83999633789062,79.9000015258789,81.58000183105469,81.58000183105469,1551400
82.41000366210938,83.11000061035156,81.51000213623047,83.0199966430664,83.0199966430664,2113600
82.69999694824219,83.0199966430664,76.62999725341797,77.98999786376953,77.98999786376953,3016000
78.13999938964844,80.33000183105469,78.08999633789062,79.38999938964844,79.38999938964844,2284400
79.43000030517578,79.83000183105469,76.33000183105469,76.41999816894531,76.41999816894531,2392500
76.5999984741211,76.62000274658203,73.5,73.75,73.75,3875800
72.7699966430664,74.44999694824219,72.05999755859375,73.4000015258789,73.4000015258789,3863800
74.18000030517578,76.44999694824219,73.0199966430664,76.3499984741211,76.3499984741211,2946700
76.79000091552734,78.2699966430664,75.66999816894531,78.06999969482422,78.06999969482422,1744500
77.4000015258789,78.16000366210938,75.24400329589844,76.20999908447266,76.20999908447266,1735600
76.20999908447266,76.20999908447266,73.76000213623047,73.8499984741211,73.8499984741211,1196000
73.93000030517578,75.44000244140625,73.36000061035156,74.9800033569336,74.9800033569336,1919900
74.98999786376953,77.5199966430664,74.98999786376953,77.05000305175781,77.05000305175781,1549700
77.58000183105469,77.83000183105469,70.36000061035156,70.5999984741211,70.5999984741211,5144000
70.04000091552734,70.5199966430664,68.11000061035156,68.8499984741211,68.8499984741211,4302100
68.72000122070312,69.98999786376953,68.41000366210938,69.75,69.75,3053300
69.22000122070312,69.80999755859375,67.91000366210938,68.58999633789062,68.58999633789062,1779000
68.04000091552734,69.20999908447266,66.94999694824219,67.86000061035156,67.86000061035156,1742900
68.52999877929688,69.05999755859375,66.79000091552734,67.25,67.25,1516500
67.25,67.93000030517578,65.51000213623047,66.1500015258789,66.1500015258789,2189300
66.44000244140625,68.0999984741211,65.9000015258789,66.95999908447266,66.95999908447266,1744300
67.77999877929688,69.73999786376953,67.58000183105469,69.47000122070312,69.47000122070312,2676900
70.7300033569336,72.05000305175781,69.7300033569336,70.4800033569336,70.4800033569336,3367200
70.5999984741211,71.1500015258789,69.87999725341797,70.58000183105469,70.58000183105469,1208700
71.94999694824219,73.58000183105469,70.54000091552734,70.87999725341797,70.87999725341797,1759800
70.80000305175781,71.37000274658203,68.87000274658203,70.2699966430664,70.2699966430664,1166600
70.51000213623047,72.77999877929688,70.33999633789062,71.18000030517578,71.18000030517578,2390300
70.81999969482422,72.05999755859375,69.93000030517578,71.69999694824219,71.69999694824219,1304500
71.37000274658203,71.70999908447266,69.91000366210938,70.25,70.25,2067500
70.13999938964844,70.62000274658203,69.25,70.27999877929688,70.27999877929688,1338500
70.58000183105469,71.2699966430664,69.0999984741211,69.4000015258789,69.4000015258789,1391700
68.62000274658203,68.62000274658203,64.56999969482422,65.4000015258789,65.4000015258789,6501700
65.33000183105469,67.12999725341797,64.79499816894531,65.33000183105469,65.33000183105469,2525200
65.62000274658203,66.56999969482422,65.19000244140625,66.30999755859375,66.30999755859375,1228500
66.69000244140625,66.91999816894531,65.58000183105469,65.94000244140625,65.94000244140625,1365700
66.08999633789062,66.08999633789062,63.310001373291016,64.06999969482422,64.06999969482422,2454200
63.959999084472656,66.1449966430664,63.59999847412109,65.94000244140625,65.94000244140625,2066100
66.5199966430664,69.4800033569336,66.05999755859375,67.95999908447266,67.95999908447266,2652800
68.19999694824219,69.95999908447266,67.51000213623047,69.2300033569336,69.2300033569336,2354500
69.75,71.4000015258789,68.3499984741211,69.77999877929688,69.77999877929688,5065700
74.05000305175781,77.5,66.61000061035156,66.77999877929688,66.77999877929688,14275900
66.1500015258789,66.4800033569336,63.65999984741211,65.66999816894531,65.66999816894531,5247000
65.69999694824219,66.91999816894531,63.1349983215332,66.79000091552734,66.79000091552734,5114100
67.75,73.58999633789062,67.43000030517578,71.41000366210938,71.41000366210938,9140300
69.0,70.58000183105469,67.18000030517578,69.01000213623047,69.01000213623047,3989400
69.02999877929688,71.06999969482422,68.55999755859375,71.0199966430664,71.0199966430664,2388200
69.12999725341797,71.12999725341797,68.5,71.0999984741211,71.0999984741211,1415200
70.04000091552734,70.72000122070312,68.9000015258789,69.77999877929688,69.77999877929688,1740700
69.5,70.05999755859375,68.25,68.29000091552734,68.29000091552734,1996600
67.5999984741211,68.4000015258789,65.7300033569336,68.38999938964844,68.38999938964844,1559000
68.41999816894531,68.80000305175781,64.25,66.5999984741211,66.5999984741211,2445200
64.66000366210938,64.76000213623047,61.59000015258789,61.90999984741211,61.90999984741211,2573800
62.4900016784668,63.119998931884766,61.27999877929688,62.540000915527344,62.540000915527344,2015100
62.470001220703125,63.61000061035156,60.52999877929688,63.61000061035156,63.61000061035156,1992600
63.29999923706055,64.77999877929688,62.65999984741211,62.810001373291016,62.810001373291016,1766000
61.810001373291016,62.96200180053711,60.900001525878906,61.709999084472656,61.709999084472656,3554700
61.18999862670898,63.93999862670898,60.20000076293945,63.130001068115234,63.130001068115234,2323400
63.81999969482422,67.55999755859375,63.81100082397461,66.58999633789062,66.58999633789062,2605000
65.80999755859375,68.70999908447266,65.38999938964844,68.5,68.5,2009400
67.20999908447266,67.70800018310547,64.83000183105469,66.13999938964844,66.13999938964844,1801800
66.6500015258789,68.0999984741211,65.30500030517578,65.87000274658203,65.87000274658203,1480100
66.0,66.68000030517578,63.65999984741211,64.41999816894531,64.41999816894531,1628300
63.560001373291016,64.11000061035156,61.81999969482422,63.9900016784668,63.9900016784668,1602200
64.0999984741211,65.44000244140625,63.125,63.79999923706055,63.79999923706055,1129100
63.09999847412109,65.58999633789062,62.77799987792969,65.1500015258789,65.1500015258789,1695500
65.22000122070312,65.8499984741211,61.70000076293945,62.93999862670898,62.93999862670898,2058300
63.150001525878906,65.23999786376953,63.0099983215332,64.81999969482422,64.81999969482422,1484600
64.79000091552734,64.79000091552734,60.59400177001953,61.619998931884766,61.619998931884766,2610600
61.880001068115234,63.39500045776367,61.369998931884766,63.13999938964844,63.13999938964844,1326600
63.59999847412109,66.0,62.900001525878906,65.22000122070312,65.22000122070312,2532000
64.5,65.98999786376953,63.79999923706055,64.69999694824219,64.69999694824219,1883100
67.16999816894531,70.52999877929688,66.9000015258789,70.05999755859375,70.05999755859375,5462300
70.0,72.05999755859375,68.55999755859375,69.94000244140625,69.94000244140625,2700700
70.62999725341797,74.23999786376953,70.22000122070312,72.93000030517578,72.93000030517578,2180400
72.69000244140625,72.75,68.83000183105469,70.16000366210938,70.16000366210938,2131600
72.0,74.38999938964844,71.19999694824219,72.01000213623047,72.01000213623047,2240100
72.68000030517578,73.62000274658203,71.06500244140625,71.33999633789062,71.33999633789062,1581300
71.66000366210938,72.0,70.5199966430664,71.56999969482422,71.56999969482422,1286000
72.4800033569336,73.4000015258789,70.87999725341797,71.73999786376953,71.73999786376953,1040700
71.7300033569336,72.2699966430664,70.88999938964844,71.16999816894531,71.16999816894531,1376600
71.19999694824219,72.43000030517578,70.41000366210938,72.19000244140625,72.19000244140625,1402900
76.08000183105469,78.30999755859375,74.08999633789062,75.9000015258789,75.9000015258789,6149700
76.6500015258789,78.12000274658203,76.55000305175781,76.81999969482422,76.81999969482422,3596600
76.5,76.5,73.44000244140625,76.16999816894531,76.16999816894531,1546900
76.51000213623047,78.02999877929688,75.91999816894531,77.98999786376953,77.98999786376953,1726800
78.88999938964844,79.1500015258789,75.69000244140625,76.55000305175781,76.55000305175781,1597400
76.16999816894531,76.21499633789062,73.48999786376953,75.88999938964844,75.88999938964844,1940000
75.77999877929688,77.45999908447266,75.77999877929688,76.98999786376953,76.98999786376953,989900
76.8499984741211,78.0,75.9800033569336,77.86000061035156,77.86000061035156,1684000
77.5,77.66999816894531,75.55999755859375,75.80000305175781,75.80000305175781,1121600
75.66000366210938,77.77999877929688,75.5,77.30999755859375,77.30999755859375,1089900
78.3499984741211,78.41600036621094,76.33999633789062,77.05999755859375,77.05999755859375,1682600
74.0999984741211,74.95999908447266,72.66999816894531,74.0,74.0,3215600
74.76000213623047,77.58000183105469,74.16000366210938,75.86000061035156,75.86000061035156,2193500
75.47000122070312,76.55000305175781,74.13999938964844,76.47000122070312,76.47000122070312,1766200
76.6500015258789,76.6500015258789,74.30999755859375,75.0199966430664,75.0199966430664,1900400
74.76000213623047,75.80000305175781,74.4520034790039,74.7300033569336,74.7300033569336,1016300
74.9800033569336,75.70999908447266,74.0,74.91000366210938,74.91000366210938,1403500
75.19000244140625,76.47000122070312,74.52999877929688,75.3499984741211,75.3499984741211,957700
75.7699966430664,75.93000030517578,73.76000213623047,73.91000366210938,73.91000366210938,1143700
74.37000274658203,74.9800033569336,72.69000244140625,73.0,73.0,1042700
73.19999694824219,74.0199966430664,72.0,73.73999786376953,73.73999786376953,1186300
73.56999969482422,74.41999816894531,72.98999786376953,72.98999786376953,72.98999786376953,971700
74.70999908447266,75.77999877929688,73.58000183105469,74.63999938964844,74.63999938964844,1494500
79.3499984741211,80.25,76.5,79.7300033569336,79.7300033569336,4996500
73.11000061035156,76.58000183105469,68.41999816894531,69.93000030517578,69.93000030517578,10217400
70.05000305175781,70.13999938964844,66.38999938964844,67.62999725341797,67.62999725341797,3771800
67.55999755859375,68.79000091552734,65.05000305175781,66.56999969482422,66.56999969482422,2920200
69.02999877929688,70.48799896240234,68.55999755859375,69.70999908447266,69.70999908447266,6248700
67.73999786376953,69.98500061035156,66.77999877929688,69.04000091552734,69.04000091552734,3619200
69.43000030517578,70.19999694824219,68.16999816894531,69.72000122070312,69.72000122070312,2702700
69.0,69.72000122070312,67.73999786376953,69.47000122070312,69.47000122070312,3451700
69.22000122070312,69.68000030517578,67.28500366210938,69.45999908447266,69.45999908447266,17943800
68.95999908447266,69.2300033569336,65.70999908447266,66.2699966430664,66.2699966430664,3682400
65.7300033569336,66.30000305175781,64.44000244140625,65.69000244140625,65.69000244140625,1652500
65.19000244140625,66.98999786376953,64.69000244140625,65.48999786376953,65.48999786376953,1748100
63.97999954223633,64.05000305175781,60.869998931884766,60.90999984741211,60.90999984741211,2550900
61.040000915527344,61.547000885009766,57.369998931884766,58.54999923706055,58.54999923706055,4214000
59.150001525878906,60.060001373291016,58.36299896240234,59.93999862670898,59.93999862670898,2365800
60.38999938964844,61.68999862670898,59.900001525878906,60.900001525878906,60.900001525878906,2134600
60.58000183105469,61.93999862670898,60.2599983215332,61.630001068115234,61.630001068115234,1928400
62.0,63.06999969482422,61.43000030517578,61.84999847412109,61.84999847412109,901200
62.0,62.0,60.02999877929688,60.88999938964844,60.88999938964844,1083000
60.060001373291016,60.560001373291016,57.68000030517578,57.86000061035156,57.86000061035156,1715300
58.220001220703125,58.5099983215332,56.720001220703125,58.5,58.5,2186700
58.59000015258789,59.16999816894531,56.25,56.459999084472656,56.459999084472656,1735500
56.33000183105469,57.81999969482422,55.61000061035156,57.54999923706055,57.54999923706055,1179000
58.0,59.619998931884766,57.97999954223633,58.75,58.75,1233600
59.34000015258789,60.185001373291016,58.93999862670898,59.34000015258789,59.34000015258789,1081500
58.66999816894531,59.56999969482422,55.66999816894531,56.7400016784668,56.7400016784668,1476300
57.58000183105469,59.59000015258789,57.470001220703125,58.70000076293945,58.70000076293945,2011200
59.470001220703125,60.619998931884766,58.959999084472656,60.400001525878906,60.400001525878906,1198900
63.0099983215332,66.4000015258789,60.36000061035156,60.400001525878906,60.400001525878906,2904300
60.09999847412109,62.880001068115234,60.040000915527344,62.75,62.75,2232600
61.91999816894531,64.37000274658203,61.01399993896485,64.30999755859375,64.30999755859375,1543700
64.43000030517578,66.94999694824219,63.15999984741211,66.61000061035156,66.61000061035156,2353500
67.0,67.68000030517578,65.7300033569336,67.0999984741211,67.0999984741211,1557400
67.05999755859375,67.45999908447266,65.20999908447266,66.4000015258789,66.4000015258789,1055200
65.43000030517578,67.12999725341797,65.12000274658203,65.91000366210938,65.91000366210938,986700
65.5,65.58000183105469,63.84000015258789,64.47000122070312,64.47000122070312,1332800
64.29000091552734,64.48999786376953,62.86000061035156,63.79999923706055,63.79999923706055,885500
63.77000045776367,64.98999786376953,59.31800079345703,60.5099983215332,60.5099983215332,3725400
60.7599983215332,61.2400016784668,59.380001068115234,59.77000045776367,59.77000045776367,2346800
59.0,59.415000915527344,56.84000015258789,57.0099983215332,57.0099983215332,2163700
57.84999847412109,57.84999847412109,55.220001220703125,56.47999954223633,56.47999954223633,1952100
56.15999984741211,56.91999816894531,55.22999954223633,56.369998931884766,56.369998931884766,1897200
55.130001068115234,56.400001525878906,53.2400016784668,55.93000030517578,55.93000030517578,2287200
56.38999938964844,58.09999847412109,55.43000030517578,55.86000061035156,55.86000061035156,1484900
55.84000015258789,56.369998931884766,54.85900115966797,56.209999084472656,56.209999084472656,1223700
56.72999954223633,57.97999954223633,55.7599983215332,56.45000076293945,56.45000076293945,1372400
55.47999954223633,55.56999969482422,52.44499969482422,53.15999984741211,53.15999984741211,2372700
53.09999847412109,54.09999847412109,51.7599983215332,54.08000183105469,54.08000183105469,1665100
54.380001068115234,57.18000030517578,53.220001220703125,56.400001525878906,56.400001525878906,4714700
55.77999877929688,55.86000061035156,54.310001373291016,54.93000030517578,54.93000030517578,1692800
54.40999984741211,54.5,51.56999969482422,52.29999923706055,52.29999923706055,3125100
53.02999877929688,53.47999954223633,52.25,52.83000183105469,52.83000183105469,1159600
53.09999847412109,53.85599899291992,52.7599983215332,53.59999847412109,53.59999847412109,1047600
54.369998931884766,55.93999862670898,54.31999969482422,55.119998931884766,55.119998931884766,1838400
55.29999923706055,55.40999984741211,54.209999084472656,54.40999984741211,54.40999984741211,1265900
54.0,58.290000915527344,52.79499816894531,56.06999969482422,56.06999969482422,2707700
55.90999984741211,56.36000061035156,54.970001220703125,55.63999938964844,55.63999938964844,1564900
56.380001068115234,57.540000915527344,56.165000915527344,57.31999969482422,57.31999969482422,1459800
57.16999816894531,57.25,54.84000015258789,55.68999862670898,55.68999862670898,1388200
56.13999938964844,57.81999969482422,55.72999954223633,55.7599983215332,55.7599983215332,1521300
56.5,58.970001220703125,55.70000076293945,56.13999938964844,56.13999938964844,1864800
56.13999938964844,56.7400016784668,55.25,56.22999954223633,56.22999954223633,856800
56.38999938964844,57.185001373291016,55.709999084472656,56.34000015258789,56.34000015258789,800400
56.29999923706055,60.27000045776367,56.18000030517578,59.02000045776367,59.02000045776367,2761500
58.5,60.20000076293945,56.5099983215332,58.38999938964844,58.38999938964844,5488200
38.790000915527344,39.400001525878906,32.54999923706055,33.11000061035156,33.11000061035156,46820600
32.16999816894531,36.75,32.11000061035156,34.0,34.0,28149300
33.88999938964844,34.779998779296875,32.720001220703125,34.060001373291016,34.060001373291016,9458100
34.43000030517578,34.4900016784668,33.189998626708984,33.720001220703125,33.720001220703125,6185100
33.72999954223633,35.290000915527344,33.560001373291016,35.0099983215332,35.0099983215332,6104800
34.84000015258789,36.88999938964844,34.55099868774414,35.63999938964844,35.63999938964844,6045200
36.2599983215332,36.709999084472656,35.439998626708984,36.13999938964844,36.13999938964844,3422900
36.20000076293945,36.400001525878906,34.56999969482422,34.61000061035156,34.61000061035156,4541800
34.869998931884766,36.43000030517578,34.82500076293945,36.18999862670898,36.18999862670898,5044400
36.150001525878906,37.790000915527344,36.04999923706055,37.15999984741211,37.15999984741211,4053600
37.41999816894531,37.4900016784668,36.290000915527344,37.310001373291016,37.310001373291016,3167300
36.95000076293945,37.18999862670898,36.29999923706055,36.630001068115234,36.630001068115234,2048800
36.7599983215332,38.59999847412109,36.31999969482422,38.5,38.5,5982800
40.4900016784668,40.68999862670898,38.58000183105469,39.790000915527344,39.790000915527344,7669800
39.45000076293945,41.31999969482422,39.06999969482422,40.9900016784668,40.9900016784668,3446100
41.150001525878906,41.59999847412109,39.84999847412109,40.060001373291016,40.060001373291016,3181700
39.7599983215332,40.97999954223633,39.63999938964844,40.56999969482422,40.56999969482422,3258900
40.4900016784668,42.2400016784668,40.40999984741211,41.7400016784668,41.7400016784668,4425700
41.77000045776367,42.810001373291016,41.59999847412109,42.720001220703125,42.720001220703125,2423700
43.0,43.380001068115234,42.119998931884766,42.66999816894531,42.66999816894531,2288900
42.52999877929688,42.9900016784668,41.720001220703125,42.34000015258789,42.34000015258789,3300800
42.66999816894531,43.81499862670898,42.527000427246094,43.2400016784668,43.2400016784668,3597400
42.95000076293945,43.58000183105469,42.720001220703125,43.119998931884766,43.119998931884766,2393800
43.31999969482422,43.56999969482422,41.290000915527344,42.2599983215332,42.2599983215332,3050100
41.369998931884766,43.0099983215332,41.2400016784668,42.90999984741211,42.90999984741211,2352000
43.04999923706055,43.720001220703125,42.06999969482422,42.52999877929688,42.52999877929688,3090300
42.560001373291016,42.560001373291016,39.79999923706055,40.150001525878906,40.150001525878906,3873800
40.4900016784668,41.63999938964844,40.209999084472656,41.0099983215332,41.0099983215332,2460200
41.0,41.060001373291016,39.459999084472656,39.56999969482422,39.56999969482422,3008800
39.63999938964844,39.91999816894531,38.95000076293945,39.040000915527344,39.040000915527344,2460800
39.310001373291016,40.43999862670898,39.119998931884766,40.209999084472656,40.209999084472656,1588600
40.119998931884766,42.63999938964844,40.02000045776367,42.58000183105469,42.58000183105469,2470400
42.18999862670898,43.80500030517578,41.869998931884766,43.540000915527344,43.540000915527344,3110300
43.47999954223633,45.5,43.22999954223633,45.02000045776367,45.02000045776367,3163600
44.86000061035156,45.91999816894531,44.20000076293945,45.790000915527344,45.790000915527344,2396800
45.810001373291016,47.36000061035156,45.47999954223633,46.47999954223633,46.47999954223633,3303500
46.70000076293945,48.68999862670898,46.70000076293945,48.5,48.5,2959100
48.5,49.060001373291016,47.63999938964844,48.97999954223633,48.97999954223633,3488700
49.11000061035156,49.650001525878906,48.52000045776367,48.630001068115234,48.630001068115234,2127900
48.54999923706055,49.21799850463867,48.2599983215332,48.58000183105469,48.58000183105469,821800
48.86000061035156,49.2599983215332,48.43999862670898,49.060001373291016,49.060001373291016,1855100
49.38999938964844,49.505001068115234,48.43000030517578,49.060001373291016,49.060001373291016,2058000
48.970001220703125,49.18000030517578,48.130001068115234,48.29999923706055,48.29999923706055,2927800
47.47999954223633,48.91999816894531,47.18000030517578,48.63999938964844,48.63999938964844,3102000
49.310001373291016,49.7400016784668,46.68999862670898,47.2400016784668,47.2400016784668,2355000
47.040000915527344,47.67499923706055,46.66999816894531,47.16999816894531,47.16999816894531,3130600
47.16999816894531,49.39500045776367,46.15999984741211,49.25,49.25,3498700
48.90999984741211,49.25,47.59999847412109,48.630001068115234,48.630001068115234,2100400
48.68999862670898,57.79999923706055,48.41999816894531,54.75,54.75,16408800
54.459999084472656,56.560001373291016,53.025001525878906,55.72999954223633,55.72999954223633,7006900
51.34000015258789,53.59999847412109,50.77999877929688,52.380001068115234,52.380001068115234,8902100
52.47999954223633,54.15999984741211,51.41999816894531,53.68999862670898,53.68999862670898,2610300
53.97999954223633,55.220001220703125,53.68999862670898,54.68000030517578,54.68000030517578,2380200
54.81999969482422,55.959999084472656,54.77000045776367,55.18999862670898,55.18999862670898,1813200
55.68999862670898,56.65999984741211,55.5,56.25,56.25,2363000
56.77999877929688,57.20000076293945,55.88999938964844,55.97999954223633,55.97999954223633,1689600
55.650001525878906,56.02999877929688,54.869998931884766,55.68000030517578,55.68000030517578,2225800
55.84000015258789,57.5099983215332,55.41999816894531,56.369998931884766,56.369998931884766,1609300
56.369998931884766,58.0099983215332,55.810001373291016,57.7400016784668,57.7400016784668,2353800
58.25,59.400001525878906,57.7400016784668,58.56999969482422,58.56999969482422,2942300
56.58000183105469,57.29999923706055,55.790000915527344,56.900001525878906,56.900001525878906,1674000
57.11000061035156,57.91999816894531,56.45000076293945,57.20000076293945,57.20000076293945,1487000
57.34000015258789,57.84000015258789,56.27999877929688,56.29999923706055,56.29999923706055,1610100
56.0,56.630001068115234,54.93999862670898,55.900001525878906,55.900001525878906,1856600
56.220001220703125,56.369998931884766,53.540000915527344,54.150001525878906,54.150001525878906,2443900
54.060001373291016,54.27000045776367,53.150001525878906,53.77999877929688,53.77999877929688,2913400
54.5,56.38999938964844,53.5,55.970001220703125,55.970001220703125,2791000
57.130001068115234,57.130001068115234,54.810001373291016,55.59999847412109,55.59999847412109,3942200
54.0,55.720001220703125,51.58000183105469,54.619998931884766,54.619998931884766,7880500
53.150001525878906,53.15499877929688,50.4900016784668,50.560001373291016,50.560001373291016,5005300
50.380001068115234,52.93000030517578,50.29999923706055,52.84000015258789,52.84000015258789,3447200
53.43000030517578,53.61000061035156,51.60499954223633,51.81999969482422,51.81999969482422,1601300
52.34999847412109,52.38999938964844,51.04999923706055,51.81999969482422,51.81999969482422,2114600
51.45000076293945,52.244998931884766,51.06999969482422,51.119998931884766,51.119998931884766,2092300
51.29999923706055,51.77999877929688,50.33000183105469,50.38999938964844,50.38999938964844,2109600
50.209999084472656,52.400001525878906,49.91999816894531,52.15999984741211,52.15999984741211,2709900
52.310001373291016,54.97999954223633,52.209999084472656,54.58000183105469,54.58000183105469,2271200
54.380001068115234,58.31999969482422,54.28300094604492,58.290000915527344,58.290000915527344,3367900
57.119998931884766,57.4900016784668,55.619998931884766,55.93999862670898,55.93999862670898,2397600
53.0099983215332,55.2599983215332,52.5099983215332,54.56999969482422,54.56999969482422,3660400
54.790000915527344,55.11000061035156,51.78499984741211,51.9900016784668,51.9900016784668,2393300
52.52000045776367,53.09000015258789,49.25,49.369998931884766,49.369998931884766,2430800
47.060001373291016,48.79999923706055,45.220001220703125,46.18000030517578,46.18000030517578,3055200
44.150001525878906,48.4900016784668,44.0,48.11000061035156,48.11000061035156,2634100
48.45000076293945,48.88999938964844,46.06999969482422,48.54999923706055,48.54999923706055,2736300
49.0,49.650001525878906,46.86000061035156,48.93000030517578,48.93000030517578,3142000
50.0,53.0099983215332,48.95000076293945,52.7599983215332,52.7599983215332,2896500
51.34000015258789,52.36000061035156,50.02000045776367,51.619998931884766,51.619998931884766,2090600
49.83000183105469,52.150001525878906,48.67499923706055,51.900001525878906,51.900001525878906,3731100
48.2599983215332,50.43000030517578,47.52000045776367,49.720001220703125,49.720001220703125,3539900
51.369998931884766,51.630001068115234,46.09999847412109,48.72999954223633,48.72999954223633,3929600
47.81999969482422,47.81999969482422,41.5,42.630001068115234,42.630001068115234,3161200
37.5,38.43000030517578,34.31999969482422,35.5,35.5,4164400
37.68999862670898,38.47999954223633,34.56999969482422,37.869998931884766,37.869998931884766,3500800
34.0,42.36000061035156,33.90999984741211,36.34999847412109,36.34999847412109,6827200
38.7599983215332,45.4900016784668,34.97999954223633,40.77999877929688,40.77999877929688,5985700
38.33000183105469,39.60300064086914,31.5,35.849998474121094,35.849998474121094,6169600
35.400001525878906,38.40999984741211,33.369998931884766,36.810001373291016,36.810001373291016,3234200
38.040000915527344,38.970001220703125,31.700000762939453,31.709999084472656,31.709999084472656,4985400
32.59000015258789,32.959999084472656,29.350000381469727,30.1299991607666,30.1299991607666,3531600
31.75,35.88999938964844,30.81999969482422,34.650001525878906,34.650001525878906,3770800
35.79999923706055,39.369998931884766,34.369998931884766,35.75,35.75,3843300
36.5099983215332,39.02999877929688,35.540000915527344,38.15999984741211,38.15999984741211,4220000
37.2400016784668,39.84999847412109,35.66999816894531,39.15999984741211,39.15999984741211,5243500
39.540000915527344,40.81999969482422,37.5,39.54999923706055,39.54999923706055,2411000
39.58000183105469,40.9900016784668,39.2599983215332,40.72999954223633,40.72999954223633,2490800
39.27000045776367,40.52000045776367,38.220001220703125,39.58000183105469,39.58000183105469,2723100
