71.63999938964844,71.66999816894531,70.25,70.68000030517578,56.14668655395508,840900
71.5,72.05000305175781,70.51000213623047,71.0,56.4008903503418,409300
71.98999786376953,74.05000305175781,70.5199966430664,73.02999877929688,58.01346969604492,320800
74.0,74.0,72.0199966430664,73.98999786376953,58.77606964111328,139900
74.4000015258789,74.4000015258789,71.01000213623047,71.2300033569336,56.58359909057617,196700
73.18000030517578,73.18000030517578,71.51000213623047,71.70999908447266,56.96489715576172,179700
73.13999938964844,73.13999938964844,72.25,72.93000030517578,57.93402862548828,221400
73.94999694824219,73.94999694824219,71.70999908447266,72.5,57.59244918823242,137500
73.38999938964844,73.38999938964844,71.01000213623047,71.08999633789062,56.47237014770508,97200
71.29000091552734,74.69999694824219,69.73999786376953,74.58999633789062,59.2526969909668,170800
74.83000183105469,75.73999786376953,74.0,74.4000015258789,59.10176086425781,158900
74.94999694824219,76.94000244140625,74.0,76.62999725341797,60.87323760986328,91700
76.9800033569336,77.66000366210938,75.19999694824219,76.98999786376953,61.15921401977539,133400
76.44999694824219,78.6500015258789,75.08000183105469,75.81999969482422,60.22978591918945,289000
75.19999694824219,77.5,75.0999984741211,77.30000305175781,61.40548706054688,160100
77.48999786376953,77.5,76.25,77.41999816894531,61.50079727172852,78700
79.18000030517578,80.0,78.5199966430664,79.80999755859375,63.39935302734375,128400
81.0,81.0,79.5,80.0,63.550270080566406,143700
79.75,80.73999786376953,79.5199966430664,79.75,63.35166931152344,186300
79.4800033569336,80.0,77.33000183105469,78.81999969482422,62.612918853759766,175200
78.87999725341797,80.95999908447266,77.5199966430664,78.5999984741211,62.43815994262695,258200
79.11000061035156,79.37999725341797,77.33000183105469,77.5,61.56435775756836,192100
77.5,78.0,75.94000244140625,76.95999908447266,61.135379791259766,80200
77.0,79.3499984741211,74.31999969482422,78.55000305175781,62.398433685302734,135300
79.33000183105469,79.48999786376953,76.80000305175781,78.12000274658203,62.05685424804688,91300
77.98999786376953,79.44999694824219,77.29000091552734,79.13999938964844,62.86711120605469,152700
78.30000305175781,80.0,77.95999908447266,77.95999908447266,61.92975234985352,164500
77.75,77.7699966430664,75.02999877929688,76.88999938964844,61.079776763916016,142600
74.54000091552734,78.80999755859375,74.54000091552734,78.43000030517578,62.3031005859375,113400
78.11000061035156,78.11000061035156,76.05000305175781,77.20999908447266,61.33396530151367,151400
76.13999938964844,78.16000366210938,76.13999938964844,77.97000122070312,61.93769454956055,64000
78.55999755859375,79.45999908447266,78.55999755859375,78.94999694824219,62.71619415283203,184100
85.3499984741211,86.5,82.26000213623047,84.4800033569336,67.10909271240234,399800
86.5,91.0,86.45999908447266,91.0,72.28843688964844,554800
91.0,92.0,89.3499984741211,90.2699966430664,71.70854949951172,431800
90.76000213623048,91.66000366210938,89.41999816894531,89.66000366210938,71.22398376464844,147600
90.55999755859376,90.98999786376952,88.61000061035156,89.68000030517578,71.2398681640625,184800
88.5999984741211,89.7300033569336,86.80000305175781,88.69000244140625,70.45345306396484,158600
87.6500015258789,89.22000122070312,87.6500015258789,88.70999908447266,70.46929931640625,293000
88.6500015258789,88.9000015258789,86.5,87.86000061035156,69.79411315917969,157600
87.63999938964844,89.0,87.19999694824219,89.0,70.69969177246094,163900
89.16999816894531,92.2300033569336,89.16999816894531,89.94000244140625,71.4464340209961,108900
89.5,89.5,87.97000122070312,88.25,70.10391998291016,122100
88.95999908447266,88.9800033569336,86.47000122070312,86.55000305175781,68.75347137451172,183100
86.80000305175781,87.7699966430664,82.70999908447266,83.72000122070312,66.50538635253906,182300
85.0,86.02999877929688,83.91000366210938,85.19999694824219,67.6810531616211,141500
86.94000244140625,88.19999694824219,86.94000244140625,87.12999725341797,69.21421813964844,134100
86.9000015258789,87.0999984741211,85.0999984741211,87.0,69.11092376708984,118300
86.75,89.08000183105469,86.75,88.66000366210938,70.42962646484375,136400
89.9000015258789,91.3499984741211,89.66000366210938,89.75,71.29550170898438,76800
89.75,89.86000061035156,88.26000213623047,88.33999633789062,70.17538452148438,45600
89.9000015258789,90.05000305175781,87.44999694824219,87.86000061035156,69.79411315917969,60700
88.19999694824219,88.19999694824219,85.94999694824219,87.08999633789062,69.18241882324219,70400
86.19000244140625,87.44000244140625,85.05000305175781,86.44999694824219,68.67402648925781,57600
86.13999938964844,87.80999755859375,84.91000366210938,87.37999725341797,69.41280364990234,76100
87.33000183105469,87.33000183105469,85.68000030517578,85.88999938964844,68.22915649414062,115000
85.8499984741211,85.8499984741211,81.83999633789062,82.5,65.53624725341797,206800
82.37999725341797,83.48999786376953,80.7699966430664,82.25,65.33763885498047,162000
82.68000030517578,83.55000305175781,82.41000366210938,82.5,65.53624725341797,165000
82.68000030517578,83.44000244140625,82.36000061035156,82.5999984741211,65.61566925048828,219300
82.5999984741211,84.23999786376953,82.0999984741211,83.83999633789062,66.60069274902344,185400
83.62999725341797,88.37000274658203,83.62999725341797,87.86000061035156,69.79411315917969,209200
88.16999816894531,89.81999969482422,87.0,87.86000061035156,69.79411315917969,176700
88.45999908447266,90.6500015258789,86.02999877929688,89.08000183105469,70.76324462890625,258400
89.08000183105469,90.52999877929688,88.70999908447266,90.0,71.49404907226562,1281600
89.91999816894531,89.98999786376953,86.30000305175781,87.01000213623047,69.11888122558594,154000
87.62999725341797,89.02999877929688,86.9000015258789,87.3499984741211,69.38896942138672,140800
86.68000030517578,87.5,83.87000274658203,87.5,69.50811004638672,194800
87.86000061035156,87.88999938964844,85.58000183105469,86.0,68.3165512084961,190300
86.12999725341797,86.80000305175781,84.33000183105469,84.43000030517578,67.06936645507812,324700
85.25,87.75,85.13999938964844,86.55999755859375,68.76139068603516,246900
87.37999725341797,87.86000061035156,84.94000244140625,85.55999755859375,67.96704864501953,36200
85.31999969482422,87.55000305175781,85.05999755859375,86.0999984741211,68.39598083496094,182300
89.11000061035156,92.79000091552734,89.11000061035156,91.3000030517578,72.52677154541016,632700
94.19000244140624,95.47000122070312,89.6500015258789,90.98999786376952,72.2804946899414,444000
90.9499969482422,91.06999969482422,86.5,89.69999694824219,71.25575256347656,365500
90.0199966430664,90.4000015258789,88.87999725341797,90.0,71.49404907226562,218900
91.13999938964844,96.5999984741211,90.79000091552734,95.25,75.66456604003906,546900
97.5,97.79000091552734,94.0,97.16999816894533,77.18975830078125,318200
97.0,97.5500030517578,95.12999725341795,95.63999938964844,75.97435760498047,175900
96.12999725341795,96.9800033569336,95.0500030517578,95.41000366210938,75.7916488647461,139800
95.83000183105467,97.5999984741211,93.79000091552734,97.0500030517578,77.09446716308594,225400
98.43000030517578,100.0999984741211,96.37999725341795,97.23999786376952,77.24535369873047,264400
97.02999877929688,97.77999877929688,95.3499984741211,96.79000091552734,76.88790130615234,142900
97.0,98.4800033569336,96.58000183105467,97.83999633789062,77.72200775146484,212100
96.66999816894533,96.77999877929688,91.12999725341795,92.87999725341795,73.7818603515625,189100
94.36000061035156,94.77999877929688,86.5199966430664,90.33000183105467,71.75621032714844,366400
88.08000183105469,92.33000183105467,83.86000061035156,87.2699966430664,69.32540893554688,448800
83.80000305175781,87.5199966430664,83.80000305175781,86.54000091552734,68.74551391601562,245600
87.0,90.62000274658205,86.18000030517578,89.19999694824219,70.85855102539062,195100
91.05999755859376,92.77999877929688,89.30000305175781,89.80999755859375,71.3431396484375,292400
92.05999755859376,92.05999755859376,83.3499984741211,84.9000015258789,67.44271087646484,345300
85.45999908447266,87.38999938964844,84.5,87.38999938964844,69.42076110839844,187700
88.08999633789062,88.08999633789062,85.0,85.6500015258789,68.03851318359375,193700
88.58000183105469,88.62000274658203,78.66999816894531,82.0199966430664,65.15493774414062,547900
77.33999633789062,80.5,74.26000213623047,77.0,61.167137145996094,1293200
76.80000305175781,81.83999633789062,73.98999786376953,74.73999786376953,59.37183380126953,666400
73.19999694824219,76.12000274658203,68.76000213623047,72.51000213623047,57.60038757324219,536100
71.0199966430664,78.47000122070312,69.5,76.91999816894531,61.103607177734375,293000
78.4000015258789,79.0,75.12999725341797,76.87999725341797,61.07181930541992,262100
77.0,77.0,74.5999984741211,75.0999984741211,59.6578254699707,197100
74.2300033569336,75.41000366210938,70.75,71.51000213623047,56.80602264404297,246400
71.0,71.48999786376953,66.47000122070312,68.91999816894531,54.74856948852539,442900
72.29000091552734,72.73999786376953,68.87000274658203,72.0,57.19524765014648,193600
71.69999694824219,71.69999694824219,68.6500015258789,69.12999725341797,54.915409088134766,205000
70.0,70.33000183105469,68.30000305175781,69.18000030517578,54.955116271972656,108500
69.51000213623047,74.72000122070312,69.51000213623047,74.37999725341797,59.08587265014648,194700
74.58000183105469,77.41000366210938,73.01000213623047,76.2699966430664,60.5872688293457,288500
77.38999938964844,80.72000122070312,76.5,79.2300033569336,62.93861770629883,338300
80.95999908447266,80.95999908447266,76.69000244140625,78.27999877929688,62.18395614624024,165100
78.19999694824219,78.19999694824219,75.68000030517578,75.88999938964844,60.28537368774414,129100
77.05000305175781,78.69999694824219,75.30999755859375,78.51000213623047,62.36666488647461,122500
78.52999877929688,80.5,77.75,79.31999969482422,63.01009368896485,84200
81.4800033569336,84.37000274658203,80.97000122070312,83.52999877929688,66.35443878173828,151400
83.83999633789062,87.0,82.30999755859375,84.91999816894531,67.4586181640625,293300
82.5,85.5,80.83000183105469,81.9000015258789,65.0595932006836,160300
82.98999786376953,83.33999633789062,79.31999969482422,80.88999938964844,64.25727081298828,187700
77.56999969482422,80.0,76.75,78.75,62.55730819702149,144100
78.9800033569336,79.9000015258789,74.51000213623047,74.98999786376953,59.57044219970703,241200
76.16999816894531,77.27999877929688,72.1500015258789,72.98999786376953,57.98170852661133,264800
72.58000183105469,76.37000274658203,71.27999877929688,75.25,59.77699661254883,326800
76.80000305175781,79.48999786376953,76.18000030517578,78.72000122070312,62.53349685668945,139000
78.18000030517578,79.41999816894531,76.75,79.19000244140625,62.90684509277344,119100
78.6500015258789,79.88999938964844,78.05000305175781,79.01000213623047,62.76387023925781,197200
79.27999877929688,85.5999984741211,77.41000366210938,84.91999816894531,67.4586181640625,329800
85.93000030517578,90.37000274658205,85.41000366210938,89.11000061035156,70.78703308105469,294800
89.05999755859375,90.29000091552734,84.9000015258789,84.9000015258789,67.44271087646484,181400
85.83000183105469,86.48999786376953,83.62999725341797,86.20999908447266,68.48339080810547,263700
86.25,87.98999786376953,85.0,86.52999877929688,68.73757934570312,159200
86.5,86.5,82.45999908447266,83.83999633789062,66.60069274902344,154700
84.48999786376953,85.55000305175781,83.9800033569336,84.52999877929688,67.14881896972656,102200
85.0,85.30999755859375,82.83999633789062,84.31999969482422,66.98197174072266,108400
84.19999694824219,86.5999984741211,83.41999816894531,85.37000274658203,67.81610107421875,182000
85.37000274658203,88.7699966430664,83.5,88.62999725341797,70.40575408935547,167600
89.0,89.48999786376953,87.45999908447266,88.7699966430664,70.5169906616211,85400
87.91999816894531,89.06999969482422,87.0,87.36000061035156,69.39690399169922,117200
87.5,87.5,85.66000366210938,86.0,68.3165512084961,160000
87.2699966430664,87.88999938964844,85.37999725341797,86.75,68.91233825683594,120200
86.79000091552734,87.26000213623047,85.87999725341797,87.23999786376953,69.30160522460938,38900
87.66000366210938,89.38999938964844,87.43000030517578,88.5,70.30252075195312,99000
88.5,88.80000305175781,87.27999877929688,88.25,70.10391998291016,171200
89.69000244140625,89.98999786376953,87.0,88.0199966430664,69.92120361328125,97800
87.0,87.0,83.72000122070312,85.08000183105469,67.58572387695312,182500
85.5,87.22000122070312,84.58999633789062,85.05999755859375,67.56983947753906,172000
84.66000366210938,85.2699966430664,82.75,83.58999633789062,66.40210723876953,74600
84.56999969482422,84.56999969482422,81.0,83.0,65.93342590332031,107400
82.33999633789062,85.37999725341797,82.16999816894531,84.88999938964844,67.43482208251953,97000
84.80999755859375,84.80999755859375,81.52999877929688,81.94999694824219,65.09933471679688,114400
80.9000015258789,83.41000366210938,78.76000213623047,82.12000274658203,65.23434448242188,112000
82.93000030517578,85.2699966430664,81.01000213623047,84.8499984741211,67.40303802490234,99500
84.25,85.01000213623047,82.70999908447266,84.54000091552734,67.1567611694336,118700
84.5999984741211,85.0,82.5999984741211,84.16000366210938,66.85491943359375,83600
85.16000366210938,86.48999786376953,84.54000091552734,86.48999786376953,68.705810546875,117300
87.0,87.97000122070312,86.48999786376953,87.37000274658203,69.40484619140625,40500
87.19999694824219,87.62000274658203,85.0199966430664,86.16000366210938,68.44366455078125,121000
86.68000030517578,87.9000015258789,84.9000015258789,87.5199966430664,69.52400970458984,170000
85.7699966430664,86.8499984741211,83.94000244140625,84.16000366210938,66.85491943359375,69600
85.62000274658203,85.69999694824219,83.26000213623047,84.12000274658203,66.82312774658203,35100
83.06999969482422,83.79000091552734,81.3499984741211,83.0999984741211,66.01285552978516,61900
83.22000122070312,85.5999984741211,83.22000122070312,85.44999694824219,67.87965393066406,111500
84.43000030517578,84.66000366210938,81.05000305175781,81.61000061035156,64.82923889160156,101200
82.01000213623047,82.73999786376953,78.13999938964844,81.26000213623047,64.55120086669922,111700
79.83000183105469,80.5,77.13999938964844,79.16999816894531,62.89093780517578,104400
78.70999908447266,79.43000030517578,77.79000091552734,78.76000213623047,62.56526184082031,108000
79.19999694824219,81.61000061035156,79.19999694824219,81.3499984741211,64.62269592285156,110000
81.95999908447266,82.31999969482422,80.5,81.33000183105469,64.60680389404297,107500
80.77999877929688,81.68000030517578,80.0999984741211,81.16000366210938,64.47176361083984,90000
81.12999725341797,82.08000183105469,80.38999938964844,81.22000122070312,64.51941680908203,116500
81.0,81.0,77.86000061035156,78.98999786376953,62.747928619384766,151100
78.37000274658203,80.87999725341797,78.01000213623047,79.86000061035156,63.43902969360352,126100
79.33000183105469,80.0,77.8499984741211,78.3499984741211,62.23955154418945,71900
79.2300033569336,80.0,78.5,79.76000213623047,63.35965347290039,27400
79.69999694824219,80.25,77.94000244140625,79.0199966430664,62.77182388305664,101400
79.0999984741211,79.97000122070312,77.9800033569336,79.55000305175781,63.19282150268555,100200
79.94999694824219,81.13999938964844,79.3499984741211,80.83999633789062,64.21755981445312,215900
81.0,82.33000183105469,80.12000274658203,82.01000213623047,65.1469955444336,140100
83.3499984741211,86.9800033569336,82.93000030517578,84.51000213623047,67.13294219970703,292000
84.66999816894531,85.5,83.62000274658203,84.93000030517578,67.46654510498047,110300
82.80999755859375,85.51000213623047,82.79000091552734,83.62000274658203,66.42594146728516,136500
84.80000305175781,86.0,83.18000030517578,85.80999755859375,68.16564178466797,70800
85.30000305175781,87.76000213623047,84.47000122070312,87.62000274658203,69.60346221923828,99600
87.5999984741211,88.18000030517578,86.55999755859375,87.80000305175781,69.74646759033203,55800
88.18000030517578,88.95999908447266,86.08999633789062,88.1500015258789,70.02448272705078,94500
88.02999877929688,88.58000183105469,84.83000183105469,85.23999786376953,67.71283721923828,103600
88.22000122070312,88.22000122070312,83.19000244140625,84.7699966430664,67.33944702148438,140200
85.72000122070312,89.0999984741211,77.12999725341797,78.77999877929688,62.58116149902344,363200
76.6500015258789,76.6500015258789,72.12000274658203,74.08000183105469,58.84756851196289,838000
72.75,72.76000213623047,68.9800033569336,69.06999969482422,54.86771011352539,477600
69.77999877929688,70.52999877929688,65.5199966430664,68.12000274658203,54.11307144165039,388500
68.3499984741211,68.3499984741211,65.8499984741211,66.5999984741211,52.90561294555664,181200
66.75,70.91000366210938,66.0,70.72000122070312,56.17845153808594,336800
70.5999984741211,72.20999908447266,69.23999786376953,69.94000244140625,55.558841705322266,303200
69.0,70.38999938964844,69.0,70.16999816894531,55.74153900146485,147000
69.9800033569336,70.55999755859375,69.44999694824219,69.94000244140625,55.558841705322266,141500
69.25,70.22000122070312,69.0,69.61000061035156,55.29669952392578,209500
70.04000091552734,70.25,68.87999725341797,69.55999755859375,55.2569694519043,118600
69.0,69.62999725341797,68.47000122070312,69.5,55.20930480957031,95600
69.0,69.48999786376953,67.3499984741211,67.37000274658203,53.51728820800781,95500
67.44999694824219,68.30999755859375,66.43000030517578,66.83000183105469,53.08831405639648,150600
65.98999786376953,67.4800033569336,62.15999984741211,62.27999877929688,49.47389602661133,221200
62.06999969482422,63.560001373291016,57.7599983215332,58.5099983215332,46.47908782958984,393700
58.75,60.22999954223633,56.040000915527344,56.060001373291016,44.53285598754883,142100
56.29999923706055,56.29999923706055,52.720001220703125,54.95000076293945,43.651100158691406,326400
53.880001068115234,56.45000076293945,53.77999877929688,56.45000076293945,44.8426628112793,246200
56.04999923706055,56.470001220703125,52.79999923706055,53.810001373291016,42.74550628662109,230200
54.11000061035156,54.709999084472656,53.20000076293945,53.68000030517578,42.64223098754883,221100
52.38999938964844,53.16999816894531,49.88999938964844,50.290000915527344,39.94930648803711,161200
49.630001068115234,51.63999938964844,46.09999847412109,47.04999923706055,37.3755111694336,358600
47.0,47.0,45.380001068115234,45.81999969482422,36.39841842651367,333000
45.84999847412109,47.75,45.09999847412109,46.2400016784668,36.7320671081543,298200
44.400001525878906,46.20000076293945,43.15999984741211,45.02999877929688,35.77086639404297,219500
43.88999938964844,45.25,41.02000045776367,43.97999954223633,34.936763763427734,361200
44.33000183105469,46.130001068115234,43.369998931884766,43.77999877929688,34.77789306640625,261000
42.79999923706055,46.02999877929688,42.75,45.79999923706055,36.38253021240234,346600
45.619998931884766,46.119998931884766,44.56999969482422,45.75,36.34282302856445,354900
46.220001220703125,46.25,44.09999847412109,45.880001068115234,36.446083068847656,294500
45.66999816894531,46.119998931884766,43.7599983215332,44.02999877929688,34.97647857666016,147600
43.34999847412109,45.150001525878906,42.75,44.18000030517578,35.09564208984375,286900
44.470001220703125,47.47999954223633,44.470001220703125,47.29999923706055,37.5741081237793,256700
47.83000183105469,51.34999847412109,47.66999816894531,50.18000030517578,39.861915588378906,351500
49.08000183105469,50.83000183105469,47.4900016784668,48.95000076293945,38.88483428955078,227000
49.43999862670898,51.02000045776367,48.47999954223633,48.540000915527344,38.55912780761719,157900
48.16999816894531,49.880001068115234,47.75,48.84999847412109,38.8054084777832,138300
47.08000183105469,53.13999938964844,46.29999923706055,51.91999816894531,41.2441291809082,586400
51.84000015258789,56.0,51.16999816894531,54.0,42.89644241333008,448900
53.900001525878906,57.63999938964844,53.900001525878906,55.310001373291016,43.93707656860352,308800
55.34999847412109,61.83000183105469,55.34999847412109,59.06999969482422,46.923946380615234,496800
59.70000076293945,60.29999923706055,58.29999923706055,58.65999984741211,46.59825134277344,174000
58.040000915527344,58.20000076293945,55.290000915527344,56.65999984741211,45.00948333740234,295700
57.650001525878906,59.45000076293945,55.86000061035156,56.380001068115234,44.78705978393555,204000
55.77000045776367,58.77000045776367,55.0,58.70000076293945,46.6300163269043,165700
59.02999877929688,59.97999954223633,56.52000045776367,56.81999969482422,45.1365966796875,113300
56.84000015258789,58.88999938964844,55.619998931884766,57.40999984741211,45.605262756347656,180400
57.310001373291016,59.15999984741211,56.84999847412109,58.709999084472656,46.637969970703125,77800
58.29999923706055,60.86000061035156,58.09000015258789,59.18999862670898,47.0192756652832,175300
58.72999954223633,60.77999877929688,58.119998931884766,60.06999969482422,47.71833038330078,147400
59.72999954223633,59.79999923706055,58.130001068115234,59.0,46.86832427978516,126300
58.33000183105469,58.900001525878906,56.290000915527344,56.810001373291016,45.1286506652832,259500
56.68999862670898,59.08000183105469,55.619998931884766,57.77999877929688,45.89918518066406,157200
55.0,58.2400016784668,55.0,57.09999847412109,45.359012603759766,139600
57.29999923706055,58.09999847412109,56.27000045776367,56.880001068115234,45.18425369262695,102700
56.25,57.47999954223633,55.41999816894531,55.97999954223633,44.46931076049805,188900
54.43999862670898,56.59999847412109,54.150001525878906,55.880001068115234,44.389869689941406,135400
55.900001525878906,56.630001068115234,51.22999954223633,51.869998931884766,41.20441818237305,310300
53.11000061035156,53.97999954223633,51.20000076293945,53.93999862670898,42.848777770996094,148800
54.119998931884766,55.25,52.43999862670898,52.77999877929688,41.92729949951172,153600
52.040000915527344,54.18000030517578,51.5,54.0,42.89644241333008,322200
53.959999084472656,54.11000061035156,52.58000183105469,53.220001220703125,42.276832580566406,189000
51.59000015258789,53.22999954223633,50.54999923706055,51.56999969482422,40.96609115600586,171000
52.38999938964844,54.16999816894531,51.220001220703125,53.91999816894531,42.832889556884766,195500
53.97999954223633,54.81999969482422,50.93000030517578,50.93000030517578,40.45769500732422,125900
51.43999862670898,53.0,49.720001220703125,52.02999877929688,41.33150863647461,240800
51.52999877929688,54.22999954223633,50.65999984741211,53.18999862670898,42.25299835205078,136400
53.09000015258789,53.33000183105469,52.11000061035156,53.13999938964844,42.21327972412109,174300
52.47999954223633,55.34000015258789,52.45000076293945,54.90999984741211,43.61931991577149,69600
55.13999938964844,55.84999847412109,54.380001068115234,54.900001525878906,43.61138153076172,100200
54.810001373291016,55.09999847412109,53.70000076293945,54.0,42.89644241333008,126600
53.11000061035156,55.11000061035156,52.619998931884766,54.880001068115234,43.59550094604492,115500
55.119998931884766,56.790000915527344,53.68999862670898,56.400001525878906,44.80294799804688,149800
56.400001525878906,57.95000076293945,55.86000061035156,56.68000030517578,45.02537536621094,153500
56.61000061035156,56.810001373291016,54.900001525878906,55.790000915527344,44.3183822631836,140700
55.31999969482422,58.66999816894531,53.470001220703125,58.43999862670898,46.42348861694336,294800
58.959999084472656,59.72999954223633,57.84000015258789,58.09000015258789,46.14545822143555,144600
57.369998931884766,59.43000030517578,57.369998931884766,59.209999084472656,47.03516006469727,182200
57.34999847412109,59.25,57.34999847412109,58.5,46.47114944458008,159600
58.33000183105469,60.34000015258789,57.869998931884766,59.5,47.26552581787109,233000
58.29999923706055,59.47999954223633,57.2400016784668,57.63999938964844,45.787967681884766,196500
57.20000076293945,57.41999816894531,56.20000076293945,56.900001525878906,45.20014953613281,147700
57.18000030517578,58.04999923706055,56.27999877929688,57.43000030517578,45.62117004394531,54000
58.0,60.16999816894531,58.0,60.0099983215332,47.67065048217773,101800
59.880001068115234,61.63999938964844,59.2599983215332,61.09999847412109,48.53652572631836,173200
62.40999984741211,64.30000305175781,61.91999816894531,63.72999954223633,50.6257438659668,103300
63.09000015258789,64.6500015258789,62.97999954223633,63.63999938964844,50.55425643920898,91700
63.09999847412109,63.470001220703125,61.790000915527344,62.77999877929688,49.8710823059082,80900
63.11000061035156,63.869998931884766,60.5,62.93000030517578,49.99023818969727,190500
62.720001220703125,63.79999923706055,61.5,62.7599983215332,49.85519409179688,157100
63.13999938964844,63.380001068115234,58.619998931884766,63.209999084472656,50.212669372558594,53400
62.9900016784668,64.47000122070312,59.54999923706055,63.619998931884766,50.538368225097656,153800
63.93000030517578,63.93000030517578,61.65999984741211,62.11000061035156,49.33884811401367,96300
62.18000030517578,64.0,62.18000030517578,62.650001525878906,49.76781845092773,77400
62.47999954223633,64.26000213623047,62.47999954223633,64.22000122070312,51.01499176025391,176100
64.73999786376953,65.20999908447266,62.77999877929688,63.380001068115234,50.34770965576172,95300
63.380001068115234,64.0,62.5099983215332,63.040000915527344,50.07762908935547,46600
62.5,63.86000061035156,62.34000015258789,63.5,50.44304275512695,65500
63.70000076293945,63.97999954223633,61.08000183105469,61.5,48.854278564453125,113500
61.54999923706055,63.810001373291016,60.810001373291016,61.79999923706055,49.09259796142578,128400
58.72999954223633,63.290000915527344,58.650001525878906,59.97999954223633,47.64682769775391,315300
59.47999954223633,60.18000030517578,57.95000076293945,60.18000030517578,47.805702209472656,126900
59.56999969482422,61.09999847412109,58.97999954223633,59.869998931884766,47.55944061279297,105300
60.0,61.4900016784668,57.90999984741211,58.18999862670898,46.22489547729492,115600
58.310001373291016,62.290000915527344,57.9900016784668,61.63999938964844,48.96549987792969,175500
62.08000183105469,62.08000183105469,58.70000076293945,61.619998931884766,48.94960021972656,156800
61.83000183105469,63.04999923706055,61.02999877929688,61.54999923706055,48.89399337768555,177400
61.400001525878906,63.630001068115234,60.5099983215332,63.54999923706055,50.48274993896485,190000
63.90999984741211,66.79000091552734,63.90999984741211,65.30999755859375,51.880859375,426300
65.27999877929688,66.4800033569336,65.11000061035156,66.36000061035156,52.714962005615234,176200
65.91000366210938,67.23999786376953,64.08999633789062,65.06999969482422,51.690208435058594,92000
65.8499984741211,68.0999984741211,64.0999984741211,67.18000030517578,53.366355895996094,192800
67.30999755859375,67.30999755859375,65.55000305175781,66.7300033569336,53.008888244628906,127500
66.38999938964844,68.22000122070312,66.36000061035156,67.5,53.62055587768555,98000
67.69999694824219,68.7300033569336,66.70999908447266,68.33000183105469,54.27988815307617,96900
68.38999938964844,68.61000061035156,65.43000030517578,67.12000274658203,53.31869125366211,158800
67.95999908447266,67.95999908447266,66.22000122070312,66.27999877929688,52.65141296386719,157900
65.87999725341797,67.69000244140625,65.33999633789062,65.9000015258789,52.34953308105469,122400
62.900001525878906,63.41999816894531,61.0,62.150001525878906,49.3706169128418,463600
60.459999084472656,62.97999954223633,59.84999847412109,60.08000183105469,47.72626876831055,144700
60.119998931884766,62.18000030517578,59.060001373291016,59.52999877929688,47.28935241699219,120300
58.56999969482422,59.470001220703125,58.04999923706055,58.59000015258789,46.54264831542969,150000
58.27999877929688,58.68000030517578,55.380001068115234,55.540000915527344,44.11978912353516,110000
56.09000015258789,56.77999877929688,53.90999984741211,54.380001068115234,43.19831085205078,142200
55.060001373291016,56.13999938964844,54.68999862670898,56.13999938964844,44.596412658691406,104200
56.040000915527344,56.79999923706055,55.61000061035156,56.41999816894531,44.81883239746094,95300
56.38999938964844,58.09999847412109,55.09999847412109,56.7599983215332,45.08892059326172,108500
56.33000183105469,57.880001068115234,55.72999954223633,56.5,44.88238906860352,71800
56.470001220703125,57.88999938964844,56.0,57.47999954223633,45.660888671875,56800
57.02000045776367,58.06999969482422,56.84000015258789,57.869998931884766,45.97068786621094,169200
58.27000045776367,58.34000015258789,57.27000045776367,58.16999816894531,46.20900344848633,101700
57.619998931884766,60.810001373291016,57.18000030517578,59.56999969482422,47.32112503051758,252200
59.4900016784668,59.77999877929688,54.34000015258789,59.15999984741211,46.99543380737305,190500
58.52000045776367,59.77999877929688,55.310001373291016,57.84000015258789,45.94684600830078,365200
58.0,58.9900016784668,57.130001068115234,58.08000183105469,46.13750076293945,333200
57.9900016784668,58.7400016784668,54.400001525878906,57.54999923706055,45.71648025512695,130500
56.83000183105469,57.720001220703125,55.060001373291016,56.79999923706055,45.12069320678711,121200
56.869998931884766,57.11000061035156,51.630001068115234,52.2599983215332,41.51421737670898,172600
51.869998931884766,51.95000076293945,50.0,50.29999923706055,39.95724487304688,156800
50.38999938964844,50.9900016784668,48.0,49.11000061035156,39.01192855834961,227800
49.34999847412109,50.93000030517578,46.119998931884766,48.7599983215332,38.73390197753906,294300
48.22999954223633,48.84000015258789,45.5099983215332,45.72999954223633,36.326934814453125,192500
45.7599983215332,47.5,44.5,44.68000030517578,35.49283599853516,201000
44.18999862670898,45.84999847412109,43.380001068115234,45.70000076293945,36.303104400634766,348000
46.75,48.97999954223633,46.75,47.75,37.931583404541016,274400
47.310001373291016,49.61000061035156,45.0,45.459999084472656,36.11245346069336,165600
45.54999923706055,48.84000015258789,43.93000030517578,47.45000076293945,37.69325637817383,139600
46.79999923706055,48.06999969482422,45.5099983215332,46.290000915527344,36.77180099487305,193700
46.34000015258789,47.11000061035156,46.18999862670898,46.540000915527344,36.97037887573242,100100
46.900001525878906,47.90999984741211,46.56999969482422,47.20000076293945,37.49467086791992,187800
45.13999938964844,47.400001525878906,45.13999938964844,47.02999877929688,37.35962677001953,114000
46.869998931884766,47.93000030517578,45.2400016784668,45.7400016784668,36.33487319946289,84700
45.77000045776367,47.560001373291016,43.0099983215332,43.77999877929688,34.77789306640625,117800
44.0,46.560001373291016,44.0,44.709999084472656,35.51667022705078,100100
44.68000030517578,46.220001220703125,44.68000030517578,44.84000015258789,35.61993408203125,55200
45.59999847412109,46.22999954223633,44.5099983215332,44.93000030517578,35.69142532348633,92400
45.27999877929688,46.86000061035156,44.84999847412109,46.790000915527344,37.16897964477539,86500
46.310001373291016,48.54999923706055,44.91999816894531,47.43999862670898,37.6853141784668,103300
47.369998931884766,47.369998931884766,44.86000061035156,45.0099983215332,35.754974365234375,66500
44.33000183105469,45.22999954223633,43.70000076293945,44.16999816894531,35.08769226074219,113000
44.18999862670898,45.68000030517578,42.84000015258789,43.0,34.15827560424805,113100
43.459999084472656,44.09999847412109,43.02999877929688,43.38999938964844,34.46807098388672,118900
51.02999877929688,55.54999923706055,48.06999969482422,53.43999862670898,42.45159149169922,786800
54.18000030517578,59.91999816894531,53.68000030517578,59.34999847412109,47.14635848999024,444300
58.5,60.16999816894531,58.34000015258789,59.18000030517578,47.01131820678711,225100
59.11000061035156,60.15999984741211,58.06999969482422,59.72999954223633,47.44822311401367,156300
59.2400016784668,61.15999984741211,58.72999954223633,60.27999877929688,47.88515472412109,85700
59.20000076293945,61.150001525878906,59.15999984741211,60.41999816894531,47.99635696411133,99500
61.09000015258789,62.470001220703125,59.08000183105469,59.970001220703125,47.63887023925781,97000
60.13999938964844,61.02000045776367,58.83000183105469,60.43999862670898,48.01223373413086,98200
60.34000015258789,60.9900016784668,58.459999084472656,58.810001373291016,46.717411041259766,142600
59.02999877929688,60.9900016784668,59.02999877929688,59.65999984741211,47.39261245727539,92500
59.150001525878906,60.0,58.68000030517578,59.619998931884766,47.36084747314453,87900
60.02999877929688,60.959999084472656,57.88999938964844,58.5,46.47114944458008,66800
58.52999877929688,60.02999877929688,56.84000015258789,57.68000030517578,45.81975173950195,121700
57.540000915527344,59.72999954223633,56.810001373291016,57.06999969482422,45.33517837524414,69100
57.09999847412109,59.400001525878906,57.09999847412109,58.38999938964844,46.383766174316406,56900
58.43000030517578,59.5,58.31999969482422,59.09999847412109,46.94776153564453,76600
58.84999847412109,59.20000076293945,58.20000076293945,58.459999084472656,46.43937683105469,54100
58.25,59.09999847412109,56.0099983215332,56.75,45.08098983764648,142800
56.7599983215332,58.81999969482422,55.560001373291016,57.02999877929688,45.30340576171875,107600
56.650001525878906,57.91999816894531,53.97999954223633,54.91999816894531,43.62726593017578,102500
54.470001220703125,56.959999084472656,53.34999847412109,54.88999938964844,43.603424072265625,93600
55.380001068115234,56.93999862670898,53.08000183105469,54.34999847412109,43.17448043823242,104800
54.56999969482422,55.5,51.84000015258789,52.02999877929688,41.33150863647461,100300
52.75,54.5,51.880001068115234,53.220001220703125,42.276832580566406,125100
51.88999938964844,54.27999877929688,51.52999877929688,54.27999877929688,43.118873596191406,70100
54.380001068115234,55.70000076293945,53.65999984741211,54.459999084472656,43.2618522644043,65500
53.95000076293945,54.400001525878906,50.75,51.400001525878906,40.83106231689453,54300
50.630001068115234,54.9900016784668,48.900001525878906,54.869998931884766,43.58755493164063,194400
54.38999938964844,54.93000030517578,52.56999969482422,53.34000015258789,42.37214279174805,144300
54.22999954223633,54.9900016784668,49.36000061035156,54.5,43.29363632202149,306800
55.72999954223633,55.810001373291016,52.02999877929688,55.0,43.69081878662109,362400
54.81999969482422,55.9900016784668,52.150001525878906,53.08000183105469,42.16561508178711,159900
53.220001220703125,54.18999862670898,51.060001373291016,51.16999816894531,40.64834976196289,170300
51.13999938964844,53.13999938964844,50.0,50.0,39.71892547607422,122300
50.36000061035156,52.220001220703125,50.0,51.040000915527344,40.54508590698242,236000
50.84000015258789,52.13999938964844,50.0,50.70000076293945,40.274993896484375,211500
50.04999923706055,50.5099983215332,44.41999816894531,46.02999877929688,36.56523132324219,108700
46.02000045776367,48.65999984741211,44.150001525878906,46.83000183105469,37.20074844360352,87700
46.5,46.5,44.88999938964844,45.790000915527344,36.37459182739258,82700
45.4900016784668,46.11000061035156,40.58000183105469,40.83000183105469,32.43446731567383,164000
41.38999938964844,41.91999816894531,37.97999954223633,38.40999984741211,30.5120792388916,236200
37.5,38.790000915527344,33.27000045776367,35.459999084472656,28.168664932250977,184800
35.790000915527344,36.90999984741211,31.68000030517578,31.940000534057617,25.372447967529297,134200
31.450000762939453,31.86000061035156,26.149999618530277,28.479999542236328,22.623903274536133,308800
28.51000022888184,30.959999084472656,25.950000762939453,26.239999771118164,20.8444938659668,175500
25.270000457763672,27.0,22.809999465942383,25.59000015258789,20.328144073486328,258800
26.11000061035156,27.3700008392334,25.5,27.26000022888184,21.654762268066406,171500
27.979999542236328,27.979999542236328,25.01000022888184,25.670000076293945,20.391700744628903,307200
24.88999938964844,24.979999542236328,21.780000686645508,21.979999542236328,17.460439682006836,230900
22.26000022888184,23.940000534057617,22.1200008392334,22.649999618530277,17.992673873901367,496100
21.950000762939453,23.46999931335449,21.950000762939453,22.399999618530277,17.794078826904297,351200
22.690000534057617,24.209999084472656,22.690000534057617,23.57999992370605,18.731443405151367,253200
23.32999992370605,24.25,22.8799991607666,23.56999969482422,18.723506927490234,150900
23.09000015258789,23.09000015258789,21.049999237060547,21.75,17.27773094177246,190300
21.86000061035156,22.57999992370605,19.020000457763672,20.280000686645508,16.10999298095703,188700
19.0,19.940000534057617,18.51000022888184,18.729999542236328,14.878710746765137,389100
18.540000915527344,19.700000762939453,17.790000915527344,17.950000762939453,14.2590970993042,189200
18.309999465942383,19.989999771118164,17.079999923706055,18.940000534057617,15.045527458190918,194400
18.989999771118164,21.34000015258789,18.90999984741211,20.8700008392334,16.57868194580078,249500
21.420000076293945,24.149999618530277,21.09000015258789,24.11000061035156,19.1524658203125,186400
24.1200008392334,26.270000457763672,22.34000015258789,25.309999465942383,20.105722427368164,176200
25.350000381469727,26.270000457763672,24.76000022888184,24.96999931335449,19.83563232421875,85200
25.670000076293945,28.149999618530277,24.46999931335449,26.209999084472656,20.82067108154297,224600
25.90999984741211,26.38999938964844,24.09000015258789,24.18000030517578,19.20807266235352,68500
24.06999969482422,25.170000076293945,22.6299991607666,22.63999938964844,17.984725952148438,93100
22.84000015258789,23.940000534057617,22.32999992370605,23.36000061035156,18.55668258666992,74100
23.75,25.399999618530277,22.479999542236328,23.049999237060547,18.310426712036133,61200
22.799999237060547,22.799999237060547,19.350000381469727,20.34000015258789,16.15765953063965,144000
20.059999465942383,20.1200008392334,17.510000228881836,17.520000457763672,13.917510032653809,131400
17.639999389648438,21.18000030517578,16.059999465942383,20.84000015258789,16.554841995239258,184700
20.600000381469727,21.520000457763672,18.65999984741211,18.950000762939453,15.053481101989746,114400
18.86000061035156,19.3799991607666,18.049999237060547,18.06999969482422,14.35442066192627,58100
18.149999618530277,18.200000762939453,16.3799991607666,17.190000534057617,13.655366897583008,102000
17.209999084472656,18.010000228881836,15.359999656677246,15.380000114440918,12.217541694641112,71600
15.239999771118164,15.550000190734863,13.34000015258789,13.390000343322754,10.636728286743164,127900
13.670000076293944,16.920000076293945,13.390000343322754,16.530000686645508,13.131075859069824,362600
16.670000076293945,19.989999771118164,16.43000030517578,16.950000762939453,13.464716911315918,190600
13.449999809265137,15.119999885559082,12.489999771118164,15.0600004196167,11.963337898254396,466100
14.5600004196167,18.88999938964844,14.06999969482422,18.809999465942383,14.942259788513184,299600
18.540000915527344,18.950000762939453,17.8700008392334,18.229999542236328,14.48151683807373,52100
17.579999923706055,18.65999984741211,16.700000762939453,17.0,13.504435539245604,230900
17.520000457763672,19.270000457763672,17.299999237060547,18.950000762939453,15.053481101989746,220900
18.5,19.809999465942383,17.610000610351562,19.729999542236328,15.673088073730469,200000
19.450000762939453,20.959999084472656,19.01000022888184,20.280000686645508,16.10999298095703,257300
19.940000534057617,19.940000534057617,18.940000534057617,19.82999992370605,15.752523422241213,164900
20.290000915527344,24.270000457763672,20.059999465942383,23.280000686645508,18.49313163757324,191200
22.299999237060547,23.93000030517578,20.559999465942383,22.1299991607666,17.57959747314453,154000
22.38999938964844,24.5,21.559999465942383,24.030000686645508,19.08891868591309,107700
23.530000686645508,25.100000381469727,22.350000381469727,22.63999938964844,17.984725952148438,141500
22.0,23.799999237060547,22.0,23.770000457763672,18.88238525390625,135700
23.940000534057617,24.209999084472656,21.90999984741211,22.450000762939453,17.833797454833984,99000
22.920000076293945,25.0,22.209999084472656,24.8700008392334,19.756196975708008,115800
24.51000022888184,26.1299991607666,22.690000534057617,25.290000915527344,20.08983993530273,139700
26.32999992370605,26.32999992370605,24.600000381469727,25.530000686645508,20.280481338500977,180800
26.299999237060547,26.57999992370605,24.68000030517578,25.21999931335449,20.03422164916992,162600
25.40999984741211,26.299999237060547,22.0,22.90999984741211,18.19920921325684,143700
23.15999984741211,24.21999931335449,21.979999542236328,22.25,17.674922943115234,155100
22.32999992370605,23.43000030517578,21.86000061035156,22.3700008392334,17.77025604248047,43700
22.459999084472656,22.959999084472656,21.76000022888184,22.75,18.07210922241211,43100
22.649999618530277,22.649999618530277,21.790000915527344,22.57999992370605,17.937070846557617,75000
22.65999984741211,25.40999984741211,22.65999984741211,24.63999938964844,19.573486328125,124700
24.770000457763672,25.280000686645508,24.489999771118164,24.6200008392334,19.557600021362305,79500
24.790000915527344,25.5,23.63999938964844,25.1200008392334,19.95478820800781,60400
25.040000915527344,25.809999465942383,24.1200008392334,25.489999771118164,20.24871253967285,53800
25.850000381469727,26.40999984741211,24.5,25.649999618530277,20.375804901123047,134200
25.280000686645508,25.549999237060547,24.31999969482422,24.950000762939453,19.819747924804688,79600
24.90999984741211,25.18000030517578,24.09000015258789,24.899999618530277,19.78001976013184,65500
24.780000686645508,24.780000686645508,22.700000762939453,22.82999992370605,18.135665893554688,96400
22.799999237060547,22.84000015258789,21.979999542236328,22.280000686645508,17.698753356933594,114500
22.1299991607666,22.649999618530277,21.989999771118164,22.25,17.674922943115234,58100
22.0,22.61000061035156,19.8700008392334,19.8700008392334,15.784302711486816,139100
20.030000686645508,20.690000534057617,18.530000686645508,20.06999969482422,15.943182945251465,218900
20.709999084472656,20.709999084472656,18.5,19.649999618530277,15.609539985656738,110800
19.40999984741211,19.459999084472656,18.690000534057617,18.71999931335449,14.870767593383787,159500
18.989999771118164,20.26000022888184,18.51000022888184,20.15999984741211,16.014673233032227,72400
19.56999969482422,19.68000030517578,18.700000762939453,18.809999465942383,14.942259788513184,71100
18.239999771118164,19.63999938964844,18.239999771118164,19.34000015258789,15.363273620605469,48400
19.440000534057617,20.790000915527344,19.38999938964844,19.56999969482422,15.54598903656006,51100
19.709999084472656,20.780000686645508,19.440000534057617,20.200000762939453,16.046445846557617,59000
20.549999237060547,20.549999237060547,19.690000534057617,20.34000015258789,16.15765953063965,70800
20.100000381469727,20.989999771118164,19.489999771118164,19.530000686645508,15.51421356201172,65600
19.84000015258789,19.989999771118164,18.059999465942383,18.270000457763672,14.513301849365234,113700
18.0,18.8700008392334,17.56999969482422,18.299999237060547,14.53712558746338,125100
18.440000534057617,19.40999984741211,17.860000610351562,19.149999618530277,15.21235466003418,149900
19.100000381469727,20.3799991607666,18.76000022888184,19.75,15.688976287841797,239200
19.6299991607666,20.290000915527344,18.90999984741211,19.93000030517578,15.83195972442627,76700
19.93000030517578,20.850000381469727,19.479999542236328,20.65999984741211,16.411861419677734,93800
20.489999771118164,20.709999084472656,19.520000457763672,19.690000534057617,15.641315460205078,109300
15.0,17.40999984741211,15.0,17.25,13.703025817871094,527500
17.0,18.270000457763672,16.110000610351562,17.0,13.504435539245604,351500
16.649999618530273,17.969999313354492,16.479999542236328,17.309999465942383,13.750694274902344,159400
17.280000686645508,17.93000030517578,16.59000015258789,16.760000228881836,13.313780784606934,97100
16.940000534057617,17.6299991607666,15.06999969482422,15.359999656677246,12.201654434204102,206500
15.6899995803833,15.880000114440918,14.609999656677246,14.65999984741211,11.645588874816896,169400
14.770000457763672,15.789999961853027,14.75,14.93000030517578,11.86007308959961,186500
14.579999923706056,15.199999809265137,13.779999732971191,14.270000457763672,11.335783004760742,133200
14.470000267028809,14.470000267028809,12.880000114440918,13.0,10.326919555664062,139900
13.270000457763672,14.31999969482422,12.920000076293944,14.039999961853027,11.153075218200684,177300
14.0,14.170000076293944,13.380000114440918,13.4399995803833,10.676446914672852,144800
13.630000114440918,14.09000015258789,13.06999969482422,13.130000114440918,10.430191040039062,75000
12.880000114440918,13.729999542236328,12.880000114440918,13.5,10.72411060333252,154200
13.020000457763672,13.079999923706056,12.0,12.220000267028809,9.707305908203123,150600
12.449999809265137,12.609999656677246,11.149999618530272,11.149999618530272,8.857318878173828,140900
11.960000038146973,12.09000015258789,11.4399995803833,12.020000457763672,9.548429489135742,303200
11.720000267028809,11.859999656677246,10.979999542236328,11.09000015258789,8.80965805053711,183100
11.260000228881836,11.65999984741211,10.920000076293944,11.350000381469728,9.016196250915527,162000
11.229999542236328,11.920000076293944,11.0600004196167,11.15999984741211,8.865264892578125,146000
11.489999771118164,12.84000015258789,11.079999923706056,12.800000190734863,10.168047904968262,241600
12.979999542236328,14.239999771118164,12.699999809265137,13.739999771118164,10.91475772857666,159300
13.649999618530272,14.68000030517578,13.15999984741211,14.520000457763672,11.534375190734863,111500
14.40999984741211,14.81999969482422,14.029999732971191,14.5600004196167,11.566149711608888,79800
14.65999984741211,15.039999961853027,14.130000114440918,14.34000015258789,11.391385078430176,91000
14.399999618530272,14.399999618530272,13.649999618530272,14.260000228881836,11.327838897705078,150800
14.220000267028809,15.270000457763672,14.079999923706056,15.010000228881836,11.923622131347656,119700
15.3100004196167,15.779999732971191,15.039999961853027,15.170000076293944,12.050724029541016,104500
15.359999656677246,15.5600004196167,14.34000015258789,14.880000114440918,11.82034969329834,153500
15.4399995803833,16.5,14.989999771118164,16.5,13.107244491577148,227600
16.149999618530273,16.15999984741211,15.8100004196167,15.960000038146973,12.6782808303833,162700
16.030000686645508,17.6200008392334,15.729999542236328,17.350000381469727,13.782469749450684,150300
17.579999923706055,18.850000381469727,17.190000534057617,18.739999771118164,14.8866548538208,95200
18.1200008392334,19.57999992370605,17.950000762939453,19.18000030517578,15.23617935180664,195000
18.530000686645508,18.709999084472656,17.010000228881836,17.399999618530273,13.822187423706056,285600
17.81999969482422,18.690000534057617,17.299999237060547,17.81999969482422,14.1558256149292,103300
17.5,19.030000686645508,17.170000076293945,18.940000534057617,15.045527458190918,202300
19.450000762939453,21.76000022888184,18.940000534057617,20.75,16.483356475830078,181000
20.75,21.440000534057617,20.32999992370605,20.38999938964844,16.197378158569336,208900
20.049999237060547,21.46999931335449,19.43000030517578,21.31999969482422,16.9361515045166,229800
20.93000030517578,21.170000076293945,19.649999618530277,19.68000030517578,15.633374214172363,125400
19.959999084472656,20.75,19.690000534057617,20.700000762939453,16.443635940551758,188900
21.149999618530277,23.479999542236328,21.149999618530277,22.81999969482422,18.127723693847656,205100
22.399999618530277,22.75,21.049999237060547,21.57999992370605,17.142690658569336,368000
21.190000534057617,22.100000381469727,20.530000686645508,20.86000061035156,16.57073402404785,141700
20.780000686645508,21.31999969482422,20.690000534057617,21.25,16.880544662475586,61800
21.61000061035156,21.899999618530277,20.71999931335449,21.59000015258789,17.150634765625,106200
21.709999084472656,22.200000762939453,20.950000762939453,21.700000762939453,17.238018035888672,159700
21.170000076293945,21.209999084472656,20.13999938964844,20.709999084472656,16.45157814025879,108800
20.5,21.770000457763672,20.5,21.440000534057617,17.031475067138672,122100
21.07999992370605,23.020000457763672,21.07999992370605,21.8700008392334,17.37306022644043,104300
21.8799991607666,22.56999969482422,21.1200008392334,21.770000457763672,17.293624877929688,94300
22.06999969482422,23.190000534057617,21.84000015258789,22.700000762939453,18.03239250183105,95400
22.020000457763672,22.309999465942383,20.15999984741211,20.790000915527344,16.5151309967041,81300
20.479999542236328,21.63999938964844,19.57999992370605,21.299999237060547,16.920263290405273,122300
21.420000076293945,22.450000762939453,21.21999931335449,22.1200008392334,17.571653366088867,134800
22.43000030517578,23.59000015258789,22.040000915527344,22.57999992370605,17.937070846557617,75300
22.59000015258789,23.739999771118164,22.239999771118164,23.13999938964844,18.38192176818848,79200
23.38999938964844,25.530000686645508,23.3799991607666,24.96999931335449,19.83563232421875,156500
24.700000762939453,24.700000762939453,23.190000534057617,23.950000762939453,19.025367736816406,57400
24.21999931335449,24.71999931335449,23.38999938964844,24.38999938964844,19.374897003173828,48700
24.850000381469727,25.040000915527344,21.700000762939453,23.06999969482422,18.326311111450195,120600
21.739999771118164,22.38999938964844,20.90999984741211,21.729999542236328,17.2618408203125,222600
21.25,21.549999237060547,19.65999984741211,20.1200008392334,15.982895851135254,222100
20.0,20.479999542236328,19.290000915527344,20.209999084472656,16.05438995361328,174700
19.440000534057617,20.3799991607666,18.799999237060547,19.68000030517578,15.633374214172363,141400
19.850000381469727,20.59000015258789,19.18000030517578,20.309999465942383,16.133827209472656,90200
20.290000915527344,20.290000915527344,18.940000534057617,19.34000015258789,15.363273620605469,99000
19.71999931335449,21.209999084472656,19.239999771118164,20.81999969482422,16.53896713256836,82000
20.549999237060547,20.920000076293945,19.90999984741211,20.46999931335449,16.260929107666016,76100
20.739999771118164,21.76000022888184,20.46999931335449,20.709999084472656,16.45157814025879,88000
20.31999969482422,21.290000915527344,19.38999938964844,20.11000061035156,15.974957466125488,71000
20.209999084472656,21.65999984741211,20.209999084472656,20.88999938964844,16.594568252563477,87400
20.68000030517578,22.709999084472656,20.68000030517578,22.3799991607666,17.778194427490234,68100
22.13999938964844,22.600000381469727,21.38999938964844,21.5,17.079137802124023,49000
21.61000061035156,22.15999984741211,20.940000534057617,21.809999465942383,17.325401306152344,53500
21.959999084472656,23.020000457763672,21.559999465942383,22.950000762939453,18.23098945617676,95200
23.18000030517578,25.299999237060547,23.07999992370605,24.950000762939453,19.819747924804688,141500
24.76000022888184,25.96999931335449,24.51000022888184,25.36000061035156,20.14543914794922,142300
25.0,25.540000915527344,23.440000534057617,23.84000015258789,18.937986373901367,78700
23.8799991607666,25.290000915527344,23.56999969482422,25.209999084472656,20.02628517150879,79100
25.32999992370605,26.299999237060547,25.32999992370605,26.149999618530277,20.772998809814453,134900
25.88999938964844,26.700000762939453,25.799999237060547,26.190000534057617,20.80477523803711,137600
26.38999938964844,27.32999992370605,26.38999938964844,27.26000022888184,21.654762268066406,80400
27.43000030517578,27.63999938964844,26.520000457763672,26.96999931335449,21.424388885498047,141000
26.850000381469727,28.25,26.450000762939453,26.5,21.0510368347168,146400
26.549999237060547,26.559999465942383,25.559999465942383,25.959999084472656,20.6220645904541,186100
25.670000076293945,25.71999931335449,24.299999237060547,25.100000381469727,19.93889808654785,233900
25.479999542236328,25.780000686645508,23.57999992370605,23.61000061035156,18.75528335571289,172000
23.690000534057617,24.57999992370605,22.920000076293945,23.75,18.86649513244629,230000
23.82999992370605,24.40999984741211,23.229999542236328,24.13999938964844,19.17629814147949,48500
24.459999084472656,24.739999771118164,23.59000015258789,23.739999771118164,18.858545303344727,114100
23.559999465942383,23.56999969482422,21.239999771118164,21.3799991607666,16.983814239501953,151700
21.520000457763672,22.38999938964844,21.280000686645508,21.309999465942383,16.92820930480957,96200
21.5,22.549999237060547,21.11000061035156,22.09000015258789,17.547821044921875,83300
21.809999465942383,23.13999938964844,21.809999465942383,23.13999938964844,18.38192176818848,63300
22.82999992370605,23.729999542236328,22.36000061035156,23.690000534057617,18.818828582763672,314200
23.65999984741211,25.030000686645508,23.11000061035156,24.670000076293945,19.59731674194336,157000
24.43000030517578,25.06999969482422,23.6299991607666,23.700000762939453,18.826770782470703,114400
24.01000022888184,24.5,23.3700008392334,23.559999465942383,18.715557098388672,72100
23.13999938964844,23.170000076293945,22.280000686645508,22.59000015258789,17.945011138916016,44700
22.530000686645508,22.979999542236328,22.25,22.76000022888184,18.080059051513672,99300
22.86000061035156,23.209999084472656,21.440000534057617,21.530000686645508,17.10297203063965,104300
21.71999931335449,21.8799991607666,20.57999992370605,21.040000915527344,16.713729858398438,77600
21.170000076293945,23.06999969482422,21.170000076293945,22.540000915527344,17.90529441833496,78800
22.299999237060547,23.350000381469727,21.84000015258789,22.76000022888184,18.080059051513672,47200
22.81999969482422,23.6200008392334,21.93000030517578,23.56999969482422,18.723506927490234,87400
23.56999969482422,23.700000762939453,22.770000457763672,23.049999237060547,18.310426712036133,54500
23.46999931335449,25.65999984741211,23.459999084472656,25.1299991607666,19.96273422241211,87400
25.07999992370605,25.899999618530277,24.6299991607666,25.6200008392334,20.351980209350582,70300
25.690000534057617,26.07999992370605,25.040000915527344,25.11000061035156,19.94684600830078,59200
25.36000061035156,25.8799991607666,24.8799991607666,25.43000030517578,20.20104217529297,64400
25.6200008392334,25.6200008392334,24.399999618530277,25.1200008392334,19.95478820800781,79700
25.059999465942383,25.459999084472656,24.229999542236328,24.3700008392334,19.359006881713867,102000
24.399999618530277,25.020000457763672,24.399999618530277,24.799999237060547,19.700584411621094,188900
24.559999465942383,25.0,24.5,24.770000457763672,19.676759719848636,147100
24.530000686645508,24.96999931335449,23.700000762939453,24.0,19.06507873535156,242000
23.799999237060547,24.21999931335449,23.46999931335449,23.780000686645508,18.89031791687012,191600
23.56999969482422,23.770000457763672,22.799999237060547,22.96999931335449,18.246871948242188,214500
23.239999771118164,23.649999618530277,22.549999237060547,22.8799991607666,18.175376892089844,259100
22.76000022888184,24.040000915527344,22.76000022888184,23.030000686645508,18.294538497924805,146700
23.36000061035156,25.030000686645508,23.26000022888184,25.030000686645508,19.88329696655273,251700
24.729999542236328,26.420000076293945,24.670000076293945,26.26000022888184,20.860382080078125,176300
26.36000061035156,26.770000457763672,24.690000534057617,25.940000534057617,20.606178283691406,191300
26.01000022888184,26.270000457763672,25.440000534057617,26.0,20.653839111328125,88600
25.75,27.07999992370605,23.18000030517578,26.420000076293945,20.98748016357422,296400
25.989999771118164,26.0,24.399999618530277,24.979999542236328,19.84358024597168,147900
24.8799991607666,26.82999992370605,24.440000534057617,26.780000686645508,21.273456573486328,168400
26.88999938964844,28.059999465942383,26.299999237060547,27.6200008392334,21.940736770629883,87800
27.739999771118164,27.93000030517578,26.940000534057617,27.209999084472656,21.61504554748535,73500
27.239999771118164,27.36000061035156,25.440000534057617,25.709999084472656,20.42346572875977,61700
25.149999618530277,26.190000534057617,23.530000686645508,23.729999542236328,18.850605010986328,123100
23.979999542236328,24.5,23.65999984741211,23.940000534057617,19.01742553710937,130400
23.59000015258789,24.649999618530277,23.38999938964844,24.6200008392334,19.557600021362305,60100
24.46999931335449,25.920000076293945,24.46999931335449,25.09000015258789,19.930957794189453,58700
25.549999237060547,26.530000686645508,25.0,26.43000030517578,20.99542617797852,113900
26.5,27.049999237060547,26.059999465942383,26.290000915527344,20.88421630859375,73400
26.3700008392334,27.200000762939453,25.899999618530277,26.32999992370605,20.915987014770508,61200
26.25,26.59000015258789,26.0,26.31999969482422,20.90804481506348,59500
26.399999618530277,27.989999771118164,25.59000015258789,27.799999237060547,22.083724975585938,156000
28.11000061035156,28.979999542236328,26.63999938964844,27.1299991607666,21.551488876342773,85500
26.8799991607666,27.399999618530277,26.5,27.11000061035156,21.535600662231445,74100
26.809999465942383,28.07999992370605,26.65999984741211,26.8700008392334,21.344953536987305,193700
26.979999542236328,27.46999931335449,26.36000061035156,27.01000022888184,21.456167221069336,141800
27.100000381469727,27.780000686645508,26.36000061035156,27.459999084472656,21.81363296508789,59600
27.3799991607666,28.0,27.149999618530277,27.809999465942383,22.091670989990234,55700
28.030000686645508,28.670000076293945,27.459999084472656,27.93000030517578,22.186992645263672,83000
27.850000381469727,28.899999618530277,27.36000061035156,28.51000022888184,22.64773368835449,52500
28.5,29.690000534057617,28.489999771118164,29.489999771118164,23.42622375488281,37800
29.709999084472656,30.530000686645508,29.479999542236328,30.26000022888184,24.03789520263672,97500
30.21999931335449,30.43000030517578,29.459999084472656,30.3700008392334,24.125274658203125,65600
30.200000762939453,31.549999237060547,30.1299991607666,31.51000022888184,25.03086853027344,52500
31.700000762939453,32.27000045776367,31.38999938964844,32.209999084472656,25.58693122863769,51400
32.209999084472656,34.0,32.209999084472656,33.52000045776367,26.627561569213867,66900
33.18000030517578,33.38999938964844,31.32999992370605,32.72999954223633,26.00000762939453,146400
32.52000045776367,33.0,31.43000030517578,31.700000762939453,25.181798934936523,56200
31.93000030517578,33.029998779296875,31.690000534057617,32.599998474121094,25.896743774414062,34800
32.59000015258789,34.66999816894531,31.959999084472656,33.029998779296875,26.238327026367188,77000
33.11000061035156,33.4900016784668,31.850000381469727,32.08000183105469,25.48366355895996,31700
31.86000061035156,32.38999938964844,31.350000381469727,31.489999771118164,25.01498031616211,30000
31.6200008392334,33.08000183105469,31.479999542236328,32.400001525878906,25.737873077392575,42900
32.33000183105469,32.68000030517578,31.76000022888184,31.780000686645508,25.24535751342773,24900
31.899999618530277,32.41999816894531,30.86000061035156,31.81999969482422,25.27712821960449,73400
31.690000534057617,31.790000915527344,31.030000686645508,31.11000061035156,24.713117599487305,60400
30.59000015258789,31.76000022888184,30.59000015258789,31.1299991607666,24.72900009155273,73400
31.07999992370605,31.959999084472656,30.770000457763672,31.809999465942383,25.269184112548828,72000
32.18000030517578,32.849998474121094,31.540000915527344,32.34000015258789,25.69020271301269,61500
32.2400016784668,32.59000015258789,31.540000915527344,32.27000045776367,25.63459587097168,30400
32.650001525878906,33.18000030517578,32.25,32.439998626708984,25.769636154174805,50200
32.31999969482422,33.5,32.31999969482422,33.4900016784668,26.603740692138672,41900
33.56999969482422,33.869998931884766,31.809999465942383,32.130001068115234,25.523387908935547,46200
32.16999816894531,32.70000076293945,31.76000022888184,32.04999923706055,25.4598331451416,41300
32.5099983215332,32.88999938964844,32.25,32.599998474121094,25.896743774414062,84900
32.36000061035156,32.810001373291016,32.36000061035156,32.540000915527344,25.849077224731445,60200
32.349998474121094,32.97999954223633,32.0,32.75,26.015893936157227,121100
33.0,33.650001525878906,32.720001220703125,33.36000061035156,26.500469207763672,62700
33.33000183105469,33.43000030517578,32.720001220703125,32.810001373291016,26.063560485839844,84600
32.83000183105469,34.9900016784668,32.83000183105469,33.40999984741211,26.54018783569336,106700
33.16999816894531,34.34000015258789,32.529998779296875,33.77000045776367,26.82615852355957,41700
33.880001068115234,34.47999954223633,31.86000061035156,32.11000061035156,25.507495880126957,83300
32.060001373291016,33.2400016784668,30.489999771118164,30.790000915527344,24.458913803100582,111700
31.030000686645508,31.36000061035156,30.5,30.600000381469727,24.307981491088867,112800
30.6200008392334,30.979999542236328,29.11000061035156,29.18000030517578,23.17997169494629,102200
29.5,30.190000534057617,29.399999618530277,30.020000457763672,23.847244262695312,56900
29.790000915527344,29.90999984741211,28.270000457763672,28.31999969482422,22.496795654296875,104600
28.489999771118164,29.200000762939453,27.13999938964844,27.549999237060547,21.8851318359375,101400
27.200000762939453,27.43000030517578,26.6200008392334,27.200000762939453,21.60709381103516,87600
27.31999969482422,27.399999618530277,26.479999542236328,26.56999969482422,21.106639862060547,82700
26.850000381469727,28.0,26.790000915527344,27.6200008392334,21.940736770629883,92200
27.299999237060547,28.07999992370605,26.82999992370605,27.0,21.44822120666504,97600
27.0,27.90999984741211,26.81999969482422,27.0,21.44822120666504,123800
26.729999542236328,27.280000686645508,25.26000022888184,25.700000762939453,20.415531158447266,107900
26.100000381469727,27.09000015258789,26.100000381469727,26.76000022888184,21.257570266723636,47700
26.61000061035156,27.229999542236328,25.600000381469727,25.82999992370605,20.518798828125,47400
25.8799991607666,27.32999992370605,25.729999542236328,26.540000915527344,21.082807540893555,49500
26.8799991607666,28.420000076293945,26.8799991607666,27.950000762939453,22.202882766723636,58300
27.75,27.82999992370605,26.40999984741211,27.07999992370605,21.511768341064453,122300
27.040000915527344,28.06999969482422,26.5,26.979999542236328,21.43233108520508,48600
26.690000534057617,27.270000457763672,25.46999931335449,26.51000022888184,21.058979034423828,54700
26.15999984741211,27.040000915527344,26.0,26.90999984741211,21.376724243164062,75300
27.440000534057617,28.559999465942383,26.950000762939453,27.57999992370605,21.908966064453125,88200
25.809999465942383,26.6200008392334,24.75,25.489999771118164,20.24871253967285,388000
25.530000686645508,26.1200008392334,25.38999938964844,25.920000076293945,20.59029006958008,248900
25.1200008392334,25.96999931335449,24.76000022888184,25.71999931335449,20.431411743164062,55900
25.90999984741211,26.84000015258789,25.63999938964844,26.799999237060547,21.289350509643555,128400
27.040000915527344,27.209999084472656,26.229999542236328,26.3799991607666,21.113265991210938,99300
26.489999771118164,28.040000915527344,26.3700008392334,26.71999931335449,21.38538360595703,115200
26.989999771118164,27.46999931335449,26.0,26.100000381469727,20.88916778564453,82800
26.790000915527344,27.450000762939453,25.51000022888184,26.799999237060547,21.449413299560547,92300
26.71999931335449,27.770000457763672,25.950000762939453,27.770000457763672,22.225757598876957,59000
27.43000030517578,27.8799991607666,26.940000534057617,27.25,21.809574127197266,152600
27.200000762939453,27.950000762939453,26.670000076293945,27.71999931335449,22.18573760986328,64100
27.950000762939453,27.979999542236328,26.700000762939453,27.059999465942383,21.65750312805176,61500
27.34000015258789,27.86000061035156,26.770000457763672,27.43000030517578,21.953636169433597,39600
27.739999771118164,29.059999465942383,27.26000022888184,28.920000076293945,23.146160125732425,71400
28.790000915527344,29.15999984741211,27.6200008392334,27.81999969482422,22.265771865844727,119600
28.1299991607666,28.559999465942383,27.899999618530277,28.34000015258789,22.68195343017578,111000
28.170000076293945,28.770000457763672,28.020000457763672,28.3799991607666,22.713964462280277,70600
28.780000686645508,29.75,28.440000534057617,28.93000030517578,23.154163360595703,150800
29.040000915527344,30.420000076293945,28.65999984741211,30.209999084472656,24.178613662719727,55600
30.190000534057617,32.83000183105469,30.190000534057617,31.600000381469727,25.291105270385746,151300
31.84000015258789,32.70000076293945,31.43000030517578,32.619998931884766,26.10745620727539,70400
32.68000030517578,33.4900016784668,32.68000030517578,32.9900016784668,26.40359306335449,19500
32.959999084472656,33.189998626708984,32.56999969482422,32.7599983215332,26.219505310058597,33300
32.959999084472656,33.25,32.619998931884766,33.0,26.41159439086914,25300
32.720001220703125,33.33000183105469,32.4900016784668,33.25,26.611690521240234,44300
33.13999938964844,33.720001220703125,32.7599983215332,32.959999084472656,26.37958335876465,55700
33.56999969482422,35.38999938964844,33.56999969482422,34.58000183105469,27.67615509033203,51400
34.54999923706055,34.79999923706055,33.939998626708984,34.52000045776367,27.628135681152344,46000
34.40999984741211,35.310001373291016,34.40999984741211,35.099998474121094,28.09233283996582,48500
35.349998474121094,35.560001373291016,33.79999923706055,34.0,27.211936950683597,59400
33.95000076293945,35.16999816894531,33.95000076293945,34.86000061035156,27.90024757385254,30300
35.209999084472656,35.619998931884766,33.72999954223633,34.0,27.211936950683597,42100
33.58000183105469,33.63999938964844,32.95000076293945,33.36000061035156,26.69972419738769,44800
33.599998474121094,33.650001525878906,33.0,33.470001220703125,26.787761688232425,26100
33.22999954223633,33.38999938964844,32.5099983215332,32.83000183105469,26.275535583496094,33700
32.9900016784668,33.2400016784668,31.63999938964844,32.209999084472656,25.77931404113769,47200
31.729999542236328,33.40999984741211,31.729999542236328,33.0,26.41159439086914,50000
32.72999954223633,32.72999954223633,31.21999931335449,31.51000022888184,25.219070434570312,89600
31.51000022888184,31.739999771118164,30.280000686645508,30.709999084472656,24.57879638671875,68700
31.71999931335449,31.71999931335449,30.43000030517578,30.46999931335449,24.38670539855957,64900
30.75,31.739999771118164,30.540000915527344,31.420000076293945,25.14703941345215,40700
31.190000534057617,31.450000762939453,30.440000534057617,30.540000915527344,24.44273376464844,43200
30.43000030517578,31.11000061035156,30.239999771118164,31.040000915527344,24.842905044555664,30200
31.040000915527344,31.979999542236328,29.700000762939453,29.96999931335449,23.98653221130371,65800
30.200000762939453,30.68000030517578,29.290000915527344,29.290000915527344,23.44229507446289,61500
29.46999931335449,29.8799991607666,29.239999771118164,29.549999237060547,23.65037727355957,45700
29.530000686645508,31.1299991607666,29.51000022888184,30.809999465942383,24.65882110595703,44100
30.739999771118164,31.239999771118164,29.950000762939453,31.0,24.810890197753903,51600
30.790000915527344,30.790000915527344,28.88999938964844,29.020000457763672,23.2261962890625,127300
29.01000022888184,29.46999931335449,28.15999984741211,28.959999084472656,23.17817497253418,37500
28.93000030517578,29.21999931335449,27.049999237060547,27.170000076293945,21.745548248291016,105800
27.059999465942383,29.0,27.059999465942383,28.56999969482422,22.866039276123047,57300
28.5,28.68000030517578,27.040000915527344,28.1299991607666,22.51388168334961,57500
27.93000030517578,29.979999542236328,27.799999237060547,29.670000076293945,23.746417999267575,66700
29.290000915527344,30.1200008392334,29.209999084472656,29.790000915527344,23.84246826171875,51500
29.989999771118164,29.989999771118164,29.11000061035156,29.5,23.610361099243164,44600
29.709999084472656,30.290000915527344,28.96999931335449,29.559999465942383,23.65838432312012,59500
29.59000015258789,29.690000534057617,28.86000061035156,29.600000381469727,23.690393447875977,35400
29.59000015258789,29.729999542236328,29.239999771118164,29.540000915527344,23.642383575439453,128500
29.600000381469727,29.670000076293945,29.200000762939453,29.600000381469727,23.690393447875977,53400
29.600000381469727,29.600000381469727,28.200000762939453,28.530000686645508,22.83402442932129,72500
28.709999084472656,29.1200008392334,28.1200008392334,28.8700008392334,23.10614776611328,120900
28.299999237060547,29.46999931335449,27.540000915527344,29.200000762939453,23.53328895568848,45400
29.170000076293945,29.31999969482422,28.18000030517578,29.040000915527344,23.40434455871582,40500
29.32999992370605,29.71999931335449,28.84000015258789,29.459999084472656,23.74283218383789,37700
29.600000381469727,29.600000381469727,29.100000381469727,29.56999969482422,23.831485748291016,46700
29.549999237060547,29.979999542236328,29.450000762939453,29.90999984741211,24.105504989624023,301200
30.149999618530277,31.489999771118164,29.76000022888184,31.0,24.983966827392575,120300
31.149999618530277,32.88999938964844,31.149999618530277,32.75,26.39435577392578,161800
32.84000015258789,33.9900016784668,32.84000015258789,33.56999969482422,27.055219650268555,99900
33.56999969482422,34.58000183105469,33.56999969482422,33.959999084472656,27.369537353515625,75300
34.18000030517578,34.970001220703125,34.0,34.16999816894531,27.53878593444824,35000
33.79999923706055,34.36000061035156,33.16999816894531,34.31999969482422,27.659677505493164,77300
33.209999084472656,34.849998474121094,33.209999084472656,34.5,27.804725646972656,38300
34.33000183105469,34.33000183105469,33.529998779296875,34.040000915527344,27.434017181396484,27000
34.31999969482422,34.34000015258789,33.77000045776367,34.25,27.60325050354004,35000
34.41999816894531,34.790000915527344,34.0,34.2599983215332,27.611316680908203,28300
34.36000061035156,34.709999084472656,33.81999969482422,34.130001068115234,27.506547927856445,40400
33.70000076293945,34.599998474121094,33.2400016784668,33.70000076293945,27.159992218017575,97200
33.220001220703125,34.31999969482422,33.119998931884766,34.02000045776367,27.41788673400879,28100
33.939998626708984,34.529998779296875,33.720001220703125,34.29999923706055,27.6435604095459,121900
34.0099983215332,35.38999938964844,33.790000915527344,33.95000076293945,27.361473083496094,64400
34.470001220703125,34.77000045776367,32.97999954223633,33.220001220703125,26.77315139770508,86700
33.470001220703125,34.099998474121094,33.439998626708984,33.84000015258789,27.272823333740234,75500
33.93000030517578,34.68000030517578,33.790000915527344,34.65999984741211,27.933683395385746,82500
35.65999984741211,36.59000015258789,34.810001373291016,35.16999816894531,28.34471702575684,141400
34.86000061035156,36.40999984741211,34.86000061035156,35.529998779296875,28.634849548339844,74200
35.77000045776367,36.33000183105469,34.86000061035156,35.220001220703125,28.3850212097168,60800
35.20000076293945,36.7400016784668,34.86000061035156,36.59000015258789,29.489147186279297,45400
36.209999084472656,37.31999969482422,36.209999084472656,37.02000045776367,29.835697174072266,66400
36.70000076293945,38.18999862670898,36.70000076293945,38.13999938964844,30.738344192504883,138200
38.0,38.470001220703125,37.880001068115234,38.02999877929688,30.64969062805176,38000
38.0099983215332,38.43999862670898,37.77000045776367,38.02999877929688,30.64969062805176,54000
38.0,38.18000030517578,37.72999954223633,37.86000061035156,30.512680053710938,47900
37.83000183105469,37.83000183105469,37.22999954223633,37.369998931884766,30.11777114868164,45100
37.72999954223633,38.15999984741211,37.15999984741211,38.130001068115234,30.73029136657715,38600
38.18999862670898,38.25,37.45000076293945,37.52999877929688,30.246721267700195,43900
37.5,37.90999984741211,36.52000045776367,36.84000015258789,29.690624237060547,88100
36.52999877929688,37.0,36.150001525878906,36.20000076293945,29.174829483032227,75600
36.52000045776367,36.59000015258789,35.56999969482422,36.119998931884766,29.110349655151367,82100
36.130001068115234,36.25,35.77000045776367,36.18999862670898,29.16677474975586,57800
35.7400016784668,37.2400016784668,35.61000061035156,36.9900016784668,29.811525344848636,36800
37.0099983215332,38.0,36.75,38.0,30.62550544738769,29500
37.83000183105469,38.880001068115234,37.68000030517578,38.150001525878906,30.746397018432617,48200
37.93999862670898,38.77999877929688,36.65999984741211,36.709999084472656,29.585857391357425,141500
37.06999969482422,37.83000183105469,36.38999938964844,36.720001220703125,29.59391593933105,47800
36.970001220703125,37.400001525878906,36.560001373291016,37.20000076293945,29.98076629638672,46300
37.09000015258789,37.310001373291016,35.66999816894531,35.90999984741211,28.941112518310547,49000
36.04999923706055,36.380001068115234,34.939998626708984,36.310001373291016,29.26349639892578,43700
35.56999969482422,35.56999969482422,34.40999984741211,34.97999954223633,28.191593170166016,53800
34.41999816894531,34.529998779296875,33.349998474121094,33.369998931884766,26.89402198791504,64400
33.349998474121094,34.59000015258789,29.489999771118164,31.489999771118164,25.37887954711914,92600
31.440000534057617,33.84000015258789,30.030000686645508,32.2400016784668,25.983327865600582,100700
34.130001068115234,35.470001220703125,32.84000015258789,35.310001373291016,28.457550048828125,112900
34.72999954223633,36.66999816894531,34.72999954223633,36.060001373291016,29.062000274658203,61600
36.08000183105469,37.90999984741211,35.939998626708984,37.540000915527344,30.25478172302246,61300
37.27999877929688,38.31999969482422,36.59999847412109,37.4900016784668,30.214487075805664,42800
37.16999816894531,37.16999816894531,34.470001220703125,35.27000045776367,28.42531013488769,101500
35.47999954223633,36.0,33.0099983215332,34.63999938964844,27.91758155822754,63400
35.290000915527344,35.34000015258789,32.72999954223633,33.0,26.59584045410156,60900
32.88999938964844,32.88999938964844,31.46999931335449,31.940000534057617,25.741548538208008,83800
30.82999992370605,31.76000022888184,30.170000076293945,30.38999938964844,24.49234771728516,87100
29.57999992370605,30.84000015258789,29.57999992370605,30.600000381469727,24.661596298217773,106800
30.700000762939453,32.41999816894531,30.57999992370605,30.76000022888184,24.79054832458496,113500
29.8799991607666,31.82999992370605,29.3799991607666,31.59000015258789,25.459470748901367,50200
31.76000022888184,32.5,30.61000061035156,30.65999984741211,24.70995140075684,71100
31.46999931335449,33.68000030517578,31.01000022888184,33.400001525878906,27.09496116638184,63200
33.09000015258789,33.540000915527344,31.75,31.75,25.756437301635746,46100
31.450000762939453,31.86000061035156,29.700000762939453,29.799999237060547,24.174543380737305,116100
29.920000076293945,31.1299991607666,29.26000022888184,31.11000061035156,25.23724937438965,100700
31.020000457763672,31.489999771118164,29.76000022888184,30.3700008392334,24.636940002441406,69400
29.299999237060547,30.850000381469727,28.09000015258789,28.270000457763672,22.933368682861328,129700
28.3799991607666,28.76000022888184,27.280000686645508,27.38999938964844,22.219486236572266,83700
27.790000915527344,28.020000457763672,26.61000061035156,27.07999992370605,21.968006134033203,63000
27.399999618530277,27.8700008392334,26.76000022888184,27.040000915527344,21.935565948486328,59400
27.709999084472656,29.13999938964844,27.700000762939453,29.1200008392334,23.622900009155277,68500
28.540000915527344,29.8799991607666,28.540000915527344,29.780000686645508,24.15831756591797,58200
30.270000457763672,32.08000183105469,29.88999938964844,30.549999237060547,24.7829647064209,81400
31.059999465942383,32.650001525878906,30.520000457763672,32.189998626708984,26.113374710083008,75900
31.729999542236328,32.0,31.040000915527344,31.350000381469727,25.431947708129883,69200
31.649999618530277,31.65999984741211,30.21999931335449,30.43000030517578,24.68561172485352,56100
30.59000015258789,31.11000061035156,30.34000015258789,30.65999984741211,24.87219619750977,91200
31.149999618530277,31.770000457763672,30.06999969482422,30.350000381469727,24.620716094970703,72200
30.40999984741211,32.86000061035156,30.40999984741211,31.90999984741211,25.886234283447266,169300
31.809999465942383,32.4900016784668,31.200000762939453,32.04999923706055,25.999805450439453,51800
31.649999618530277,32.470001220703125,31.57999992370605,32.0,25.959238052368164,83700
32.310001373291016,33.81999969482422,31.959999084472656,33.5099983215332,27.18419075012207,221600
33.38999938964844,33.88999938964844,32.77000045776367,33.06999969482422,26.82725715637207,74200
32.459999084472656,32.61000061035156,30.280000686645508,30.63999938964844,24.85597419738769,236100
30.549999237060547,31.479999542236328,30.549999237060547,30.82999992370605,25.01011276245117,113200
30.850000381469727,31.40999984741211,29.43000030517578,29.71999931335449,24.109642028808597,187600
29.920000076293945,31.030000686645508,28.809999465942383,28.84000015258789,23.39576530456543,52700
29.31999969482422,29.670000076293945,28.280000686645508,28.3700008392334,23.01449012756348,141800
28.440000534057617,28.96999931335449,28.1200008392334,28.549999237060547,23.160511016845703,126000
29.030000686645508,29.739999771118164,28.71999931335449,29.65999984741211,24.060976028442383,29000
29.489999771118164,30.649999618530277,29.489999771118164,30.6299991607666,24.847862243652344,28800
30.46999931335449,30.68000030517578,29.0,29.059999465942383,23.5742301940918,37800
29.68000030517578,30.399999618530277,29.350000381469727,29.38999938964844,23.841936111450195,152200
29.31999969482422,29.81999969482422,29.100000381469727,29.38999938964844,23.841936111450195,81800
29.520000457763672,29.88999938964844,28.309999465942383,29.18000030517578,23.671581268310547,115300
28.82999992370605,28.82999992370605,27.57999992370605,27.649999618530277,22.430408477783203,79300
28.06999969482422,30.020000457763672,28.06999969482422,29.559999465942383,23.979848861694336,177100
29.0,30.8799991607666,28.979999542236328,30.690000534057617,24.89653778076172,79400
30.959999084472656,31.450000762939453,30.1200008392334,30.229999542236328,24.523365020751957,51100
30.920000076293945,33.08000183105469,30.479999542236328,32.58000183105469,26.42974853515625,148700
32.27000045776367,33.58000183105469,32.27000045776367,33.0099983215332,26.77858161926269,98800
33.0,33.66999816894531,32.61000061035156,33.59000015258789,27.249095916748047,61300
33.939998626708984,34.31999969482422,33.33000183105469,33.70000076293945,27.338327407836918,64100
33.689998626708984,34.040000915527344,32.70000076293945,33.540000915527344,27.20852851867676,47100
33.849998474121094,34.29999923706055,32.20000076293945,33.95000076293945,27.5411319732666,63700
33.150001525878906,34.459999084472656,33.150001525878906,33.65999984741211,27.305883407592773,28700
34.439998626708984,35.310001373291016,34.0099983215332,35.029998779296875,28.417255401611328,39300
34.77000045776367,35.38999938964844,33.88999938964844,34.060001373291016,27.63037109375,66700
34.41999816894531,35.040000915527344,33.970001220703125,34.90999984741211,28.319904327392575,89600
34.459999084472656,34.689998626708984,33.72999954223633,33.779998779296875,27.403221130371094,53000
33.189998626708984,34.459999084472656,33.099998474121094,34.369998931884766,27.8818473815918,88500
34.810001373291016,35.34000015258789,34.2599983215332,34.689998626708984,28.14144325256348,94500
34.0099983215332,34.0099983215332,32.560001373291016,33.290000915527344,27.005727767944336,80500
32.279998779296875,32.290000915527344,29.950000762939453,30.200000762939453,24.499032974243164,113600
29.38999938964844,30.350000381469727,28.479999542236328,28.799999237060547,23.363319396972656,99300
28.57999992370605,29.56999969482422,28.030000686645508,29.34000015258789,23.801382064819336,88900
29.290000915527344,30.780000686645508,28.93000030517578,30.3799991607666,24.645057678222656,62400
30.8799991607666,32.470001220703125,30.8799991607666,32.119998931884766,26.05658531188965,64200
32.20000076293945,32.970001220703125,31.600000381469727,32.939998626708984,26.721792221069336,126600
32.86000061035156,32.88999938964844,30.709999084472656,30.729999542236328,24.92898750305176,101600
30.530000686645508,31.21999931335449,30.530000686645508,31.11000061035156,25.23724937438965,72800
31.299999237060547,31.540000915527344,29.489999771118164,29.51000022888184,23.939289093017575,84800
29.21999931335449,29.479999542236328,28.6299991607666,28.68000030517578,23.26597023010254,75300
28.309999465942383,29.5,27.959999084472656,29.38999938964844,23.841936111450195,58000
29.540000915527344,29.81999969482422,28.09000015258789,28.350000381469727,22.998262405395508,46700
28.940000534057617,30.270000457763672,28.26000022888184,30.11000061035156,24.42602157592773,61800
29.82999992370605,30.09000015258789,29.290000915527344,29.670000076293945,24.23002243041992,64500
29.709999084472656,30.170000076293945,28.96999931335449,29.280000686645508,23.91153335571289,48800
29.979999542236328,30.75,29.51000022888184,30.690000534057617,25.06301498413086,75000
30.76000022888184,31.600000381469727,30.290000915527344,31.0,25.31616973876953,47400
31.6200008392334,31.6200008392334,30.86000061035156,31.21999931335449,25.495830535888672,47200
31.1299991607666,31.190000534057617,30.549999237060547,30.709999084472656,25.079347610473636,46100
30.920000076293945,31.65999984741211,30.68000030517578,31.270000457763672,25.536670684814453,24200
31.86000061035156,31.86000061035156,30.13999938964844,30.450000762939453,24.86701011657715,20300
30.51000022888184,30.989999771118164,29.59000015258789,30.100000381469727,24.5811824798584,27100
30.440000534057617,31.940000534057617,30.149999618530277,31.709999084472656,25.895998001098636,28300
31.459999084472656,32.099998474121094,31.170000076293945,31.940000534057617,26.08382606506348,39500
31.84000015258789,32.06999969482422,31.25,31.770000457763672,25.94499397277832,26200
31.600000381469727,31.84000015258789,30.51000022888184,30.600000381469727,24.9895133972168,46300
31.1200008392334,31.1200008392334,30.209999084472656,30.8700008392334,25.21000289916992,50900
30.88999938964844,31.799999237060547,30.299999237060547,31.770000457763672,25.94499397277832,56100
31.770000457763672,31.8700008392334,30.959999084472656,31.3799991607666,25.626495361328125,26800
31.25,32.09000015258789,30.989999771118164,32.06999969482422,26.18999290466309,33100
31.649999618530277,31.709999084472656,30.93000030517578,31.43000030517578,25.667329788208008,105300
32.11000061035156,33.4900016784668,32.11000061035156,33.47999954223633,27.341459274291992,36400
33.400001525878906,33.97999954223633,32.9900016784668,33.77000045776367,27.578289031982425,68400
33.81999969482422,34.18000030517578,32.79999923706055,34.15999984741211,27.89678192138672,25900
33.93000030517578,34.97999954223633,33.54999923706055,34.93000030517578,28.525606155395508,40900
35.06999969482422,35.25,33.88999938964844,34.91999816894531,28.517438888549805,48300
35.439998626708984,35.560001373291016,34.5,35.18000030517578,28.729774475097656,33000
35.060001373291016,35.5,33.970001220703125,34.27000045776367,27.986618041992188,52100
34.970001220703125,35.59000015258789,33.970001220703125,35.529998779296875,29.015594482421875,69700
35.31999969482422,35.869998931884766,35.25,35.83000183105469,29.260602951049805,27400
36.0,36.0,35.06999969482422,35.5099983215332,28.999271392822266,29000
35.7400016784668,36.400001525878906,35.529998779296875,35.970001220703125,29.37493133544922,44800
35.52000045776367,36.16999816894531,35.41999816894531,35.52000045776367,29.00742721557617,31500
35.2599983215332,35.2599983215332,34.15999984741211,34.90999984741211,28.50927352905273,52600
35.06999969482422,35.58000183105469,34.83000183105469,35.2599983215332,28.79510498046875,71700
35.2599983215332,36.34999847412109,35.2599983215332,36.310001373291016,29.652603149414062,18000
36.869998931884766,36.95000076293945,35.7599983215332,36.040000915527344,29.432090759277344,54600
36.20000076293945,37.18999862670898,35.7599983215332,37.08000183105469,30.28141021728516,26100
36.18999862670898,37.150001525878906,35.2400016784668,35.709999084472656,29.162599563598636,39000
36.0,37.72999954223633,35.79999923706055,37.18999862670898,30.371240615844727,74500
37.560001373291016,37.75,36.33000183105469,37.09999847412109,30.2977352142334,88200
37.43999862670898,37.43999862670898,36.310001373291016,36.52000045776367,29.824087142944336,25600
37.0,37.0,36.20000076293945,36.470001220703125,29.78325080871582,33700
36.06999969482422,36.45000076293945,35.400001525878906,36.209999084472656,29.570913314819336,24000
35.88999938964844,36.15999984741211,34.2599983215332,35.130001068115234,28.688936233520508,42600
35.65999984741211,36.290000915527344,34.900001525878906,35.61000061035156,29.0809326171875,15900
35.34000015258789,36.59999847412109,35.34000015258789,36.2599983215332,29.61175537109375,44600
36.22999954223633,37.0099983215332,36.13999938964844,36.630001068115234,29.913911819458008,22300
37.369998931884766,38.20000076293945,37.369998931884766,38.09999847412109,31.11438751220703,29000
38.18999862670898,38.220001220703125,35.959999084472656,37.0,30.216068267822266,26300
37.95000076293945,38.720001220703125,36.77999877929688,38.630001068115234,31.54722023010254,51200
38.869998931884766,38.869998931884766,38.150001525878906,38.34999847412109,31.318546295166016,17600
38.2599983215332,38.5,37.70000076293945,38.27999877929688,31.26137924194336,26300
38.34999847412109,38.34999847412109,35.939998626708984,36.43999862670898,29.75874328613281,32200
36.630001068115234,36.709999084472656,35.75,36.560001373291016,29.85675621032715,32100
36.02000045776367,37.4900016784668,36.02000045776367,37.290000915527344,30.45289802551269,18400
36.66999816894531,37.400001525878906,36.290000915527344,36.93000030517578,30.15890121459961,35700
36.86000061035156,37.20000076293945,36.77000045776367,36.900001525878906,30.1344051361084,10800
36.380001068115234,36.380001068115234,35.630001068115234,35.88999938964844,29.309593200683597,39600
36.130001068115234,36.83000183105469,36.119998931884766,36.56999969482422,29.86491584777832,38500
37.27000045776367,37.54999923706055,36.900001525878906,37.08000183105469,30.28141021728516,51700
37.0,37.650001525878906,36.970001220703125,37.58000183105469,30.68972587585449,64100
37.59000015258789,40.900001525878906,37.5,40.650001525878906,33.196861267089844,79700
39.79999923706055,40.83000183105469,39.15999984741211,40.2599983215332,32.878353118896484,28900
40.95000076293945,41.20000076293945,40.40999984741211,41.02999877929688,33.507171630859375,57900
40.63999938964844,41.7400016784668,40.63999938964844,41.59999847412109,33.97266387939453,10800
41.59000015258789,41.72999954223633,40.4900016784668,40.84000015258789,33.513126373291016,37900
39.869998931884766,39.869998931884766,38.0,38.66999816894531,31.732437133789062,83500
39.70000076293945,40.560001373291016,39.34999847412109,40.290000915527344,33.06181335449219,72700
40.40999984741211,40.619998931884766,40.0,40.29999923706055,33.07002258300781,46500
40.0,40.93999862670898,40.0,40.7599983215332,33.44749450683594,32400
40.52999877929688,40.77999877929688,40.150001525878906,40.380001068115234,33.13566207885742,25300
40.9900016784668,41.560001373291016,40.52000045776367,40.790000915527344,33.47211456298828,30200
41.06999969482422,41.31999969482422,40.79999923706055,41.09000015258789,33.71828842163086,54200
41.33000183105469,41.33000183105469,40.72999954223633,41.09999847412109,33.72649002075195,34300
41.0099983215332,41.52000045776367,40.63999938964844,41.5,34.05473327636719,67800
41.75,41.75,41.04999923706055,41.09000015258789,33.71828842163086,36000
41.400001525878906,41.68999862670898,40.880001068115234,41.400001525878906,33.97267532348633,33100
41.470001220703125,42.18999862670898,41.060001373291016,41.290000915527344,33.88241195678711,28400
41.59000015258789,41.59000015258789,40.810001373291016,41.040000915527344,33.67725372314453,86000
40.95000076293945,42.09000015258789,40.310001373291016,41.400001525878906,33.97267532348633,107100
41.52999877929688,41.880001068115234,40.72999954223633,41.54999923706055,34.09576416015625,84400
41.91999816894531,42.650001525878906,41.709999084472656,42.61000061035156,34.96558380126953,36500
42.86000061035156,42.95000076293945,41.90999984741211,42.84000015258789,35.154327392578125,33100
42.7400016784668,43.25,41.79999923706055,42.18000030517578,34.612735748291016,45700
42.18999862670898,42.68999862670898,41.5,42.5099983215332,34.88353729248047,25600
42.459999084472656,42.54999923706055,41.65999984741211,42.18999862670898,34.62093734741211,21300
42.02000045776367,42.470001220703125,41.79999923706055,42.310001373291016,34.719417572021484,15500
42.33000183105469,42.5099983215332,41.91999816894531,42.0099983215332,34.473236083984375,32500
41.97999954223633,42.36000061035156,41.619998931884766,41.83000183105469,34.325523376464844,9500
42.33000183105469,43.209999084472656,42.220001220703125,42.75,35.080467224121094,46500
43.0,43.27000045776367,40.66999816894531,41.130001068115234,33.75111389160156,36700
40.75,41.56999969482422,40.75,41.27999877929688,33.87419509887695,76500
41.18000030517578,41.34999847412109,40.56999969482422,41.04999923706055,33.68545913696289,55400
41.0099983215332,41.400001525878906,40.2400016784668,41.13999938964844,33.759315490722656,39400
41.0,41.380001068115234,40.5,40.84999847412109,33.52134323120117,36700
41.040000915527344,42.11000061035156,41.040000915527344,41.81999969482422,34.31730270385742,29600
42.720001220703125,42.84999847412109,42.09999847412109,42.810001373291016,35.12970733642578,41100
42.86000061035156,42.86000061035156,42.02000045776367,42.5,34.87531661987305,31600
42.540000915527344,43.16999816894531,42.369998931884766,42.9900016784668,35.27741241455078,55800
42.70000076293945,43.36000061035156,42.34999847412109,42.810001373291016,35.12970733642578,44000
42.900001525878906,43.40999984741211,41.869998931884766,42.36000061035156,34.76044464111328,80400
41.88999938964844,42.619998931884766,41.70000076293945,41.93000030517578,34.4075927734375,68900
42.310001373291016,42.56999969482422,41.83000183105469,42.02999877929688,34.48963928222656,54300
42.02999877929688,42.7599983215332,41.84000015258789,42.52999877929688,34.899940490722656,567900
42.27000045776367,43.91999816894531,42.2400016784668,43.84000015258789,35.97492980957031,62800
44.15999984741211,49.36000061035156,44.15999984741211,48.2599983215332,39.6019401550293,418100
48.29999923706055,49.09000015258789,46.91999816894531,48.77999877929688,40.02866363525391,152700
48.810001373291016,48.810001373291016,46.72999954223633,48.0,39.38859558105469,111200
48.52000045776367,49.70000076293945,48.08000183105469,48.720001220703125,39.97943115234375,138400
49.13999938964844,52.650001525878906,48.84000015258789,52.63999938964844,43.19616317749024,108400
52.09000015258789,52.77000045776367,50.65999984741211,51.470001220703125,42.23606872558594,117100
51.81999969482422,51.81999969482422,50.59999847412109,50.900001525878906,41.768333435058594,61200
50.5,50.5,48.7400016784668,49.880001068115234,40.93131637573242,306300
49.970001220703125,51.900001525878906,49.90999984741211,51.650001525878906,42.38377380371094,78100
51.47999954223633,52.84999847412109,50.869998931884766,52.84999847412109,43.368499755859375,47900
52.459999084472656,53.0,51.470001220703125,52.220001220703125,42.85151672363281,79300
51.70000076293945,53.29999923706055,51.70000076293945,53.27999877929688,43.721336364746094,65900
52.84999847412109,55.5,52.84999847412109,55.5,45.54307174682617,66400
55.45000076293945,57.84999847412109,55.34999847412109,57.81999969482422,47.44684982299805,91700
57.68999862670898,58.220001220703125,55.47999954223633,55.7400016784668,45.740013122558594,165300
55.900001525878906,55.91999816894531,51.36000061035156,51.84999847412109,42.54789352416992,130800
51.650001525878906,53.869998931884766,50.84000015258789,53.79999923706055,44.14805603027344,64300
54.18000030517578,54.709999084472656,52.93999862670898,53.90999984741211,44.23831558227539,76500
52.7599983215332,53.86000061035156,51.34999847412109,51.52000045776367,42.277099609375,59500
51.84999847412109,52.060001373291016,50.0,50.59999847412109,41.52215194702149,75200
50.290000915527344,51.209999084472656,50.11000061035156,50.97999954223633,41.833980560302734,77100
50.83000183105469,51.59000015258789,50.5099983215332,51.15999984741211,42.14703750610352,53600
51.45000076293945,51.93000030517578,50.959999084472656,51.84000015258789,42.70722961425781,52800
51.9900016784668,51.9900016784668,50.34000015258789,50.40999984741211,41.52916717529297,70600
50.25,52.09000015258789,49.790000915527344,50.84999847412109,41.89165496826172,309400
51.61000061035156,51.70000076293945,50.5099983215332,51.0,42.01522064208984,99500
50.93000030517578,51.400001525878906,50.27000045776367,51.22999954223633,42.20469665527344,61600
51.29999923706055,51.72999954223633,49.369998931884766,50.27999877929688,41.42205810546875,50000
50.18000030517578,52.72999954223633,49.5,51.27000045776367,42.23765563964844,113200
51.2599983215332,51.27000045776367,50.09000015258789,50.119998931884766,41.290260314941406,24900
49.43000030517578,49.43000030517578,47.5,47.900001525878906,39.46134948730469,76900
47.650001525878906,48.18000030517578,47.22999954223633,47.88999938964844,39.4531135559082,55200
47.040000915527344,48.220001220703125,46.869998931884766,47.91999816894531,39.47782516479492,73300
45.9900016784668,49.130001068115234,45.9900016784668,49.0,40.36756134033203,125200
48.720001220703125,50.34999847412109,48.720001220703125,49.72999954223633,40.96895217895508,117800
50.61000061035156,51.13999938964844,49.90999984741211,50.81999969482422,41.86693572998047,148800
51.43000030517578,52.40999984741211,50.56999969482422,50.58000183105469,41.669219970703125,735000
51.97999954223633,54.4900016784668,51.15999984741211,54.41999816894531,44.83271408081055,153100
54.41999816894531,54.56999969482422,52.720001220703125,53.369998931884766,43.96768951416016,162600
53.13999938964844,54.52000045776367,52.5,53.79999923706055,44.32194137573242,82700
54.06999969482422,54.06999969482422,52.11000061035156,52.95000076293945,43.6216926574707,101200
53.15999984741211,54.900001525878906,52.66999816894531,52.9900016784668,43.65464782714844,40500
53.209999084472656,53.880001068115234,52.41999816894531,52.470001220703125,43.22624969482422,51200
52.43999862670898,53.959999084472656,52.43999862670898,53.900001525878906,44.4043197631836,42300
54.130001068115234,54.4900016784668,52.900001525878906,53.7599983215332,44.28898239135742,41800
53.650001525878906,56.79999923706055,53.650001525878906,55.45000076293945,45.6812629699707,160500
55.84999847412109,55.84999847412109,53.45000076293945,53.81999969482422,44.33840560913086,65500
53.81999969482422,54.29999923706055,53.25,54.0099983215332,44.49493408203125,51300
54.0,54.52000045776367,53.7400016784668,54.060001373291016,44.53613662719727,92400
54.52999877929688,54.52999877929688,52.77999877929688,53.68000030517578,44.223087310791016,38100
53.650001525878906,54.41999816894531,52.470001220703125,52.709999084472656,43.42396545410156,61200
53.220001220703125,53.220001220703125,51.22999954223633,51.2599983215332,42.22941207885742,156700
51.45000076293945,51.45000076293945,48.70000076293945,49.5099983215332,40.787715911865234,144700
49.040000915527344,50.150001525878906,48.900001525878906,49.36000061035156,40.66415023803711,53600
49.880001068115234,50.02000045776367,49.150001525878906,49.369998931884766,40.67238235473633,48800
48.959999084472656,50.68999862670898,48.959999084472656,49.61000061035156,40.87010955810547,65600
49.369998931884766,50.880001068115234,49.2599983215332,50.77000045776367,41.82573318481445,47500
49.68000030517578,49.880001068115234,49.0,49.619998931884766,40.87833404541016,66700
49.79999923706055,50.93999862670898,48.59999847412109,48.75,40.16161346435547,80500
49.290000915527344,50.16999816894531,49.09999847412109,49.88999938964844,41.10077667236328,47000
50.43000030517578,50.54999923706055,49.43000030517578,50.36000061035156,41.48797607421875,23200
50.08000183105469,50.08000183105469,48.34999847412109,49.2599983215332,40.581764221191406,23600
49.40999984741211,50.34000015258789,48.68000030517578,49.95000076293945,41.15020751953125,141000
49.93000030517578,51.61000061035156,49.27000045776367,51.2599983215332,42.22941207885742,47100
51.220001220703125,53.290000915527344,50.560001373291016,53.290000915527344,43.90177917480469,74600
53.380001068115234,54.15999984741211,52.70000076293945,54.040000915527344,44.519657135009766,61000
54.5,54.5,52.470001220703125,52.59999847412109,43.33333969116211,80200
52.470001220703125,52.54999923706055,50.31999969482422,51.130001068115234,42.122314453125,75300
51.15999984741211,51.88999938964844,49.0,49.34999847412109,40.6558952331543,65000
48.720001220703125,51.369998931884766,48.52000045776367,50.75,41.809268951416016,91300
51.630001068115234,57.810001373291016,50.40999984741211,56.869998931884766,46.85109329223633,232000
56.9900016784668,57.79999923706055,56.13999938964844,57.27999877929688,47.18886566162109,160200
57.310001373291016,61.09000015258789,57.310001373291016,60.88999938964844,50.162879943847656,173800
60.18000030517578,60.45000076293945,57.22999954223633,58.540000915527344,48.22688293457031,109900
58.68999862670898,60.33000183105469,57.650001525878906,58.52000045776367,48.21040344238281,77300
58.68000030517578,59.470001220703125,55.08000183105469,55.869998931884766,46.02725982666016,57700
55.27999877929688,56.18000030517578,53.83000183105469,54.81999969482422,45.16224670410156,97000
54.310001373291016,54.7599983215332,52.43999862670898,54.56999969482422,44.95628356933594,128300
54.959999084472656,56.90999984741211,54.04999923706055,55.66999816894531,45.86249923706055,52600
55.290000915527344,55.75,51.650001525878906,54.47999954223633,44.88214874267578,199100
53.97999954223633,54.13999938964844,52.150001525878906,53.400001525878906,43.99240112304688,77200
51.970001220703125,52.5099983215332,50.52999877929688,51.880001068115234,42.74019241333008,117300
52.29999923706055,53.970001220703125,51.65999984741211,52.790000915527344,43.4898681640625,138000
52.560001373291016,55.16999816894531,52.25,54.31999969482422,44.750335693359375,57100
54.220001220703125,55.290000915527344,53.209999084472656,54.369998931884766,44.79152297973633,59900
54.36000061035156,54.86000061035156,53.56999969482422,54.540000915527344,45.09746170043945,39400
54.9900016784668,56.369998931884766,53.84000015258789,56.27000045776367,46.52794647216797,107100
56.0,56.52000045776367,53.29999923706055,54.0,44.65094757080078,153900
54.16999816894531,56.86000061035156,53.34999847412109,54.54999923706055,45.10573196411133,80900
53.290000915527344,53.54999923706055,51.91999816894531,52.75,43.617374420166016,157000
51.59000015258789,53.709999084472656,51.59000015258789,52.84000015258789,43.69178009033203,103700
53.61000061035156,54.90999984741211,53.119998931884766,53.59999847412109,44.32019805908203,88000
53.25,54.2400016784668,52.68999862670898,52.970001220703125,43.79928588867188,89300
53.11000061035156,53.470001220703125,51.68000030517578,52.0,42.9972038269043,75000
51.5,52.0,49.40999984741211,49.900001525878906,41.260780334472656,67300
49.41999816894531,50.58000183105469,48.84000015258789,50.02999877929688,41.368289947509766,120900
52.83000183105469,54.880001068115234,52.20000076293945,54.040000915527344,44.68402099609375,314000
53.2599983215332,53.84000015258789,52.09999847412109,52.91999816894531,43.75794219970703,175900
52.84999847412109,53.5099983215332,51.43000030517578,53.09000015258789,43.89849090576172,1844700
53.58000183105469,55.13999938964844,53.060001373291016,53.41999816894531,44.17136764526367,424500
53.150001525878906,55.959999084472656,52.68000030517578,55.18999862670898,45.63492584228516,164300
56.119998931884766,57.77999877929688,55.290000915527344,57.540000915527344,47.57807159423828,190900
57.0099983215332,58.27000045776367,56.27999877929688,56.459999084472656,46.68505096435547,133100
55.310001373291016,57.790000915527344,54.060001373291016,57.720001220703125,47.72690200805664,133700
57.709999084472656,58.84999847412109,56.54999923706055,57.040000915527344,47.164642333984375,486900
56.7599983215332,57.08000183105469,55.5099983215332,56.650001525878906,46.84215927124024,135200
57.09999847412109,58.95000076293945,56.93999862670898,58.29999923706055,48.20649337768555,91100
58.81999969482422,60.459999084472656,58.34000015258789,60.13999938964844,49.72794342041016,138700
60.13999938964844,62.59000015258789,60.119998931884766,61.93000030517578,51.2080307006836,145000
61.720001220703125,63.90999984741211,60.95000076293945,62.959999084472656,52.05970001220703,115000
62.959999084472656,63.5099983215332,62.13999938964844,62.90999984741211,52.01836013793945,110100
63.06999969482422,63.06999969482422,61.59999847412109,62.040000915527344,51.29898071289063,87300
63.380001068115234,65.01000213623047,62.630001068115234,63.61000061035156,52.5971794128418,108600
62.20000076293945,63.0,61.41999816894531,62.400001525878906,51.59665298461914,91400
61.11000061035156,61.33000183105469,59.45000076293945,60.68999862670898,50.182708740234375,66100
60.68999862670898,62.63999938964844,59.0,61.02000045776367,50.45558166503906,85500
61.52999877929688,64.33999633789062,61.20000076293945,63.0099983215332,52.101036071777344,95300
63.220001220703125,63.220001220703125,61.33000183105469,61.36000061035156,50.73670959472656,165500
61.52999877929688,62.130001068115234,60.47999954223633,62.09000015258789,51.34032440185547,76900
61.709999084472656,62.63999938964844,60.08000183105469,61.36000061035156,50.73670959472656,77000
62.2599983215332,64.9800033569336,60.900001525878906,64.91000366210938,53.6721076965332,75600
65.0,65.0,62.13999938964844,63.20000076293945,52.25815200805664,61400
63.540000915527344,66.43000030517578,61.77000045776367,66.22000122070312,54.75529861450195,121900
66.18000030517578,67.22000122070312,64.72000122070312,67.0,55.40026092529297,83600
66.18000030517578,67.70999908447266,65.6500015258789,66.30999755859375,54.8297119140625,248600
66.20999908447266,66.30000305175781,64.69999694824219,65.48999786376953,54.15167999267578,87200
64.72000122070312,64.72000122070312,63.02000045776367,63.310001373291016,52.3491096496582,104900
63.58000183105469,64.26000213623047,61.86000061035156,62.09000015258789,51.34032440185547,59600
61.09000015258789,62.68000030517578,60.72999954223633,62.63999938964844,51.79510116577149,109000
63.4900016784668,63.77999877929688,60.959999084472656,61.93999862670898,51.2162971496582,95100
61.34000015258789,63.41999816894531,60.02999877929688,60.75,50.232330322265625,121100
60.810001373291016,62.81999969482422,57.27000045776367,62.68000030517578,51.82817459106445,104500
61.7400016784668,61.810001373291016,56.09999847412109,56.77000045776367,46.94137954711914,148100
54.56999969482422,62.16999816894531,54.56999969482422,57.5,47.54498672485352,254100
55.02000045776367,59.02999877929688,51.90999984741211,51.90999984741211,42.92280578613281,219800
54.29999923706055,56.2400016784668,50.88999938964844,55.95000076293945,46.26335144042969,274100
53.650001525878906,55.27000045776367,51.43000030517578,52.63999938964844,43.526405334472656,167400
53.16999816894531,57.5099983215332,53.16999816894531,56.83000183105469,46.990997314453125,137300
57.66999816894531,57.66999816894531,55.34000015258789,56.130001068115234,46.41218566894531,83300
56.84999847412109,58.15999984741211,56.84999847412109,57.900001525878906,47.87574768066406,45900
57.02999877929688,57.18999862670898,55.290000915527344,55.58000183105469,45.95740509033203,87600
55.880001068115234,56.97999954223633,54.22999954223633,54.86000061035156,45.362064361572266,64200
52.41999816894531,53.16999816894531,51.470001220703125,51.84999847412109,42.87318801879883,111500
51.0099983215332,53.68000030517578,47.869998931884766,48.08000183105469,39.755889892578125,204900
50.040000915527344,50.119998931884766,46.02000045776367,46.56999969482422,38.50731658935547,227600
46.68000030517578,48.77000045776367,46.290000915527344,48.720001220703125,40.28507232666016,154200
48.720001220703125,50.68999862670898,47.91999816894531,50.27999877929688,41.57500457763672,101600
50.7599983215332,50.7599983215332,48.88999938964844,49.459999084472656,40.896968841552734,82800
48.88999938964844,51.65999984741211,48.630001068115234,51.34999847412109,42.45974349975586,64300
52.08000183105469,55.95000076293945,50.880001068115234,55.810001373291016,46.147579193115234,117000
54.9900016784668,57.650001525878906,52.95000076293945,56.81999969482422,47.15169906616211,173600
57.65999984741211,58.43999862670898,56.36000061035156,58.02999877929688,48.15580749511719,172800
57.97999954223633,59.45000076293945,56.650001525878906,56.95000076293945,47.25956726074219,181200
55.20000076293945,56.41999816894531,52.68000030517578,53.02000045776367,43.99830627441406,87700
50.83000183105469,52.040000915527344,49.88999938964844,51.34000015258789,42.60416412353516,114000
52.650001525878906,54.56999969482422,51.5099983215332,54.52000045776367,45.24305725097656,75100
54.02999877929688,54.38999938964844,52.040000915527344,52.52999877929688,43.59167098999024,48100
51.77000045776367,52.310001373291016,48.47999954223633,50.18000030517578,41.64154815673828,94100
49.45000076293945,50.52000045776367,47.7599983215332,49.25,40.86977767944336,82000
49.540000915527344,52.25,49.2599983215332,51.79999923706055,42.98589324951172,91300
51.93000030517578,54.2599983215332,49.54999923706055,53.060001373291016,44.03148651123047,130000
53.869998931884766,55.470001220703125,52.84000015258789,54.790000915527344,45.46710968017578,58000
55.459999084472656,55.75,53.41999816894531,54.119998931884766,44.91111373901367,348700
53.5,53.619998931884766,51.33000183105469,52.9900016784668,43.97340393066406,98400
53.619998931884766,53.619998931884766,49.0,49.4900016784668,41.068939208984375,138000
49.27000045776367,49.27000045776367,44.72999954223633,45.09999847412109,37.42593765258789,255000
42.93999862670898,43.97999954223633,41.310001373291016,42.130001068115234,34.96129608154297,246700
42.060001373291016,44.02999877929688,41.27999877929688,43.43999862670898,36.04839706420898,226800
44.209999084472656,44.9900016784668,41.70000076293945,44.93000030517578,37.28486251831055,98600
46.5099983215332,50.630001068115234,45.09000015258789,48.310001373291016,40.089725494384766,147100
48.27000045776367,49.40999984741211,43.060001373291016,44.0099983215332,36.52140808105469,159000
45.59000015258789,46.5099983215332,44.0,45.720001220703125,37.94043731689453,87900
44.619998931884766,45.650001525878906,43.040000915527344,43.45000076293945,36.05669403076172,91200
42.68999862670898,44.560001373291016,39.709999084472656,39.900001525878906,33.110748291015625,127900
39.20000076293945,44.130001068115234,37.720001220703125,43.900001525878906,36.43012237548828,121300
44.38999938964844,49.400001525878906,44.02000045776367,47.150001525878906,39.12710952758789,171100
47.27999877929688,49.869998931884766,45.86000061035156,49.70000076293945,41.24322128295898,155600
50.0,51.52999877929688,49.0,50.0099983215332,41.50045776367188,205700
51.29999923706055,52.58000183105469,50.81999969482422,52.56999969482422,43.62485885620117,69500
51.93000030517578,54.59000015258789,51.65999984741211,53.34000015258789,44.26383972167969,133000
53.81999969482422,56.13999938964844,53.56999969482422,54.93999862670898,45.59158706665039,113900
54.220001220703125,54.5099983215332,52.29999923706055,53.83000183105469,44.67047119140625,63300
54.970001220703125,55.79999923706055,54.06999969482422,55.47999954223633,46.03970718383789,72600
55.27000045776367,55.27000045776367,52.02000045776367,52.52000045776367,43.58337020874024,62300
52.619998931884766,57.209999084472656,51.58000183105469,56.31999969482422,46.736778259277344,113600
56.0,56.40999984741211,52.34999847412109,53.2400016784668,44.18087387084961,79000
52.90999984741211,54.34000015258789,52.34999847412109,53.79999923706055,44.64556503295898,86000
55.130001068115234,57.959999084472656,54.5099983215332,57.790000915527344,47.956642150878906,133000
59.18000030517578,61.130001068115234,58.22999954223633,60.5099983215332,50.21381378173828,108200
60.02000045776367,60.02000045776367,55.33000183105469,55.869998931884766,46.36334991455078,106400
57.470001220703125,57.470001220703125,52.84000015258789,56.540000915527344,46.91933822631836,87900
59.38999938964844,65.0,56.63999938964844,62.959999084472656,52.24692535400391,220800
62.68000030517578,64.7300033569336,62.04999923706055,63.66999816894531,52.83611679077149,100000
64.45999908447266,64.47000122070312,58.27000045776367,58.4900016784668,48.53754425048828,133300
55.58000183105469,57.27999877929688,53.38999938964844,56.59999847412109,46.9691276550293,143600
57.869998931884766,58.619998931884766,55.310001373291016,57.18999862670898,47.458744049072266,132000
58.060001373291016,59.150001525878906,56.27999877929688,58.75,48.7532958984375,129700
57.86000061035156,58.79999923706055,56.060001373291016,58.25,48.33837890625,60300
58.02000045776367,58.709999084472656,55.95000076293945,57.459999084472656,47.68279647827149,67000
58.16999816894531,58.77999877929688,56.59999847412109,57.900001525878906,48.04792785644531,61000
55.79999923706055,57.0,51.790000915527344,52.59000015258789,43.64145660400391,101000
54.04999923706055,54.75,51.7599983215332,53.47999954223633,44.380027770996094,47600
54.310001373291016,57.84000015258789,54.310001373291016,55.93000030517578,46.41313934326172,73900
55.22999954223633,56.31999969482422,54.91999816894531,55.5,46.05630111694336,58900
54.869998931884766,57.150001525878906,54.47999954223633,56.52000045776367,46.90275192260742,66700
55.52000045776367,56.56999969482422,53.09000015258789,53.34000015258789,44.26383972167969,78700
53.310001373291016,55.08000183105469,52.0,54.75,45.43392562866211,197000
53.95000076293945,56.5,53.13999938964844,55.869998931884766,46.36334991455078,215100
56.16999816894531,58.290000915527344,55.86000061035156,57.22999954223633,47.49192810058594,226600
57.38999938964844,59.93000030517578,57.36000061035156,58.70000076293945,48.71181488037109,125100
58.130001068115234,58.4900016784668,55.41999816894531,55.880001068115234,46.37165069580078,137900
55.470001220703125,56.650001525878906,53.56999969482422,53.81999969482422,44.66217803955078,35000
55.47999954223633,56.9900016784668,54.75,56.84999847412109,47.17659378051758,112100
56.59000015258789,57.15999984741211,55.5099983215332,56.130001068115234,46.76005935668945,48500
59.27999877929688,62.16999816894531,57.619998931884766,59.959999084472656,49.95070266723633,226400
59.63999938964844,60.22999954223633,57.75,58.77000045776367,48.95935821533203,168300
59.77000045776367,59.959999084472656,57.68999862670898,57.86000061035156,48.20125961303711,124800
59.5,59.5,57.310001373291016,57.91999816894531,48.25124740600586,122200
58.16999816894531,59.93999862670898,56.59000015258789,58.63999938964844,48.85105895996094,76100
58.209999084472656,59.04999923706055,56.470001220703125,58.63999938964844,48.85105895996094,62500
57.91999816894531,58.63999938964844,56.47999954223633,57.09000015258789,47.55979919433594,107600
57.540000915527344,59.93000030517578,56.06999969482422,58.720001220703125,48.91770553588867,99500
57.290000915527344,57.290000915527344,55.869998931884766,56.84000015258789,47.35154342651367,104600
57.43999862670898,57.650001525878906,52.52999877929688,53.040000915527344,44.18587493896485,194100
52.18999862670898,53.68000030517578,51.0,51.59000015258789,42.97792816162109,145900
52.77999877929688,52.83000183105469,50.720001220703125,51.34000015258789,42.7696647644043,119500
52.0099983215332,53.959999084472656,50.20000076293945,51.88999938964844,43.22786331176758,544300
52.25,52.72999954223633,49.93000030517578,50.18000030517578,41.80331802368164,100200
51.7599983215332,55.119998931884766,51.59000015258789,54.70000076293945,45.56877136230469,91600
54.83000183105469,55.02000045776367,52.93999862670898,54.77999877929688,45.63541793823242,52300
55.02999877929688,57.18999862670898,54.34999847412109,55.810001373291016,46.49348449707031,60100
56.04999923706055,56.09999847412109,54.95000076293945,55.56999969482422,46.29354095458984,45100
55.27000045776367,56.380001068115234,55.16999816894531,55.88999938964844,46.56011581420898,27300
55.84999847412109,56.290000915527344,53.310001373291016,53.58000183105469,44.635738372802734,55900
53.7599983215332,55.0099983215332,53.720001220703125,54.4900016784668,45.393821716308594,45500
54.31999969482422,56.310001373291016,54.31999969482422,54.59999847412109,45.48545455932617,54300
56.540000915527344,58.93999862670898,56.18000030517578,58.0099983215332,48.32622909545898,88800
57.31999969482422,57.33000183105469,55.33000183105469,56.15999984741211,46.78504943847656,96300
57.060001373291016,57.47999954223633,54.45000076293945,56.95000076293945,47.443172454833984,76300
57.04999923706055,58.65999984741211,55.720001220703125,57.79999923706055,48.15128326416016,121500
58.040000915527344,58.34000015258789,56.79999923706055,57.5,47.9013557434082,71600
58.369998931884766,61.0099983215332,57.88999938964844,60.90999984741211,50.74212265014648,188800
60.7400016784668,61.47999954223633,59.52000045776367,61.040000915527344,50.85042190551758,107700
61.0,61.209999084472656,59.150001525878906,60.84000015258789,50.68381118774414,128600
59.59999847412109,60.06999969482422,58.400001525878906,58.95000076293945,49.10930633544922,105000
59.54999923706055,61.09999847412109,58.79999923706055,59.5,49.5675048828125,60600
59.59000015258789,61.59999847412109,58.810001373291016,60.70000076293945,50.56718063354492,105900
60.90999984741211,61.68000030517578,60.20000076293945,61.13999938964844,50.9337272644043,99100
61.119998931884766,61.52000045776367,59.060001373291016,59.95000076293945,49.9423713684082,150500
60.040000915527344,61.20000076293945,59.25,60.86000061035156,50.7004508972168,58000
60.400001525878906,61.470001220703125,59.720001220703125,61.34999847412109,51.1086540222168,74100
61.040000915527344,62.34000015258789,59.15999984741211,61.7400016784668,51.43356704711914,71200
62.18999862670898,62.90999984741211,60.65999984741211,60.9900016784668,50.80875396728516,98800
60.5,61.959999084472656,60.33000183105469,60.59999847412109,50.48387908935547,114100
59.619998931884766,61.97999954223633,59.27000045776367,59.65999984741211,49.70079040527344,57600
60.02000045776367,61.13999938964844,58.22999954223633,60.7599983215332,50.617164611816406,88300
61.43999862670898,63.560001373291016,60.36000061035156,62.95000076293945,52.44157028198242,114100
63.65999984741211,64.76000213623047,62.81999969482422,64.16999816894531,53.45792770385742,62900
54.20000076293945,65.33999633789062,52.77000045776367,64.94999694824219,54.107704162597656,425900
64.0,66.63999938964844,63.06999969482422,64.55000305175781,53.77449035644531,87500
64.5999984741211,65.41000366210938,62.959999084472656,63.540000915527344,52.933082580566406,59100
63.93999862670898,64.58000183105469,62.41999816894531,62.900001525878906,52.3999137878418,83600
62.88999938964844,62.88999938964844,61.04999923706055,61.34999847412109,51.1086540222168,83800
60.34000015258789,60.66999816894531,58.90999984741211,59.880001068115234,49.88406753540039,111900
60.790000915527344,60.88999938964844,59.43999862670898,60.15999984741211,50.1173210144043,69500
59.77000045776367,61.09000015258789,58.540000915527344,61.04999923706055,50.85875701904297,169200
61.369998931884766,62.0,59.84999847412109,60.29999923706055,50.23394393920898,80300
60.02000045776367,62.63999938964844,59.709999084472656,62.29999923706055,51.90008544921875,74300
62.75,63.65999984741211,62.06999969482422,62.40999984741211,51.9917221069336,74200
62.77000045776367,63.880001068115234,62.33000183105469,63.43000030517578,52.84144973754883,140000
63.20000076293945,63.900001525878906,62.650001525878906,62.95000076293945,52.44157028198242,111400
62.93000030517578,64.62999725341797,62.45000076293945,64.1500015258789,53.44126510620117,117800
64.37999725341797,64.62999725341797,63.5,64.06999969482422,53.37461471557617,84700
63.31999969482422,64.56999969482422,62.63999938964844,64.01000213623047,53.32462310791016,58200
62.720001220703125,63.86000061035156,62.41999816894531,63.7400016784668,53.2828483581543,91000
63.0,64.73999786376953,63.0,63.290000915527344,52.90666580200195,118400
63.9900016784668,65.12000274658203,63.619998931884766,64.08999633789062,53.57541275024414,72500
64.0,64.69999694824219,63.790000915527344,64.12999725341797,53.608848571777344,144600
63.7599983215332,64.04000091552734,62.709999084472656,63.56999969482422,53.14072799682617,96200
62.5,62.93000030517578,61.16999816894531,61.68000030517578,51.560791015625,112700
62.0,62.06999969482422,61.130001068115234,61.709999084472656,51.58587646484375,36400
62.09999847412109,62.150001525878906,60.880001068115234,61.9900016784668,51.81993103027344,98800
61.97999954223633,64.48999786376953,61.5,62.90999984741211,52.58900451660156,119200
62.68000030517578,62.79999923706055,61.5099983215332,61.63999938964844,51.52737045288086,54000
62.400001525878906,63.54999923706055,62.040000915527344,63.38999938964844,52.99024200439453,115500
63.11000061035156,63.11000061035156,61.150001525878906,61.81999969482422,51.67782211303711,80400
62.119998931884766,62.43000030517578,60.900001525878906,62.060001373291016,51.87845230102539,71800
62.27999877929688,63.7400016784668,62.0,62.290000915527344,52.07072448730469,188800
62.31999969482422,67.19000244140625,62.310001373291016,65.47000122070312,54.729000091552734,192300
64.95999908447266,65.61000061035156,63.52000045776367,64.47000122070312,53.8930778503418,134500
64.55000305175781,65.37000274658203,62.66999816894531,62.959999084472656,52.63079452514648,74900
61.9900016784668,63.02000045776367,58.38999938964844,59.43999862670898,49.68828201293945,159900
59.27999877929688,61.68000030517578,58.90999984741211,61.150001525878906,51.11775207519531,95000
61.900001525878906,63.34000015258789,61.36000061035156,63.060001373291016,52.71439743041992,57400
63.150001525878906,63.880001068115234,62.40999984741211,62.90999984741211,52.58900451660156,60100
62.83000183105469,63.09000015258789,62.369998931884766,62.95000076293945,52.6224365234375,111500
62.16999816894531,63.79999923706055,62.040000915527344,63.4900016784668,53.0738410949707,97200
64.2300033569336,64.30999755859375,63.09999847412109,63.34999847412109,52.956817626953125,131800
62.970001220703125,64.69000244140625,62.45000076293945,64.61000061035156,54.01010513305664,130900
64.26000213623047,64.26000213623047,62.15999984741211,62.880001068115234,52.56392288208008,66900
61.90999984741211,61.90999984741211,60.09000015258789,61.43000030517578,51.351806640625,85000
60.91999816894531,62.27999877929688,60.20000076293945,61.900001525878906,51.74470901489258,79800
60.59000015258789,62.400001525878906,60.59000015258789,61.720001220703125,51.594234466552734,64400
61.77999877929688,62.209999084472656,56.95000076293945,58.2400016784668,48.68516159057617,164600
58.970001220703125,59.5099983215332,57.77000045776367,58.380001068115234,48.80218505859375,59800
58.310001373291016,62.5,58.310001373291016,62.119998931884766,51.92861175537109,63800
61.72999954223633,61.72999954223633,58.84000015258789,59.150001525878906,49.44585800170898,75100
59.90999984741211,61.58000183105469,59.09000015258789,60.45000076293945,50.53258514404297,78000
61.119998931884766,63.31999969482422,60.09000015258789,61.2400016784668,51.1929817199707,87700
60.95000076293945,61.15999984741211,59.27000045776367,59.540000915527344,49.771881103515625,49400
59.7400016784668,60.470001220703125,57.869998931884766,58.369998931884766,48.7938346862793,113000
59.619998931884766,60.25,58.869998931884766,59.29999923706055,49.57126235961914,120200
58.040000915527344,58.84000015258789,56.58000183105469,57.459999084472656,48.03312683105469,49900
57.54999923706055,59.59000015258789,57.06999969482422,59.18999862670898,49.479305267333984,49500
60.369998931884766,62.34000015258789,58.95000076293945,61.86000061035156,51.71126556396485,99800
61.58000183105469,62.38999938964844,61.04999923706055,62.060001373291016,51.87845230102539,59500
62.41999816894531,64.05000305175781,61.77999877929688,63.150001525878906,52.78961944580078,63000
62.79999923706055,63.31999969482422,61.75,62.369998931884766,52.13759231567383,68700
62.15999984741211,65.58000183105469,62.15999984741211,62.880001068115234,52.56392288208008,77000
61.970001220703125,62.56999969482422,61.02999877929688,62.52999877929688,52.27134323120117,49000
62.36000061035156,63.22999954223633,61.52999877929688,63.150001525878906,52.78961944580078,102600
62.70000076293945,63.290000915527344,62.11000061035156,62.43999862670898,52.19610977172852,99200
62.08000183105469,62.869998931884766,61.5,62.040000915527344,51.86173629760742,59800
61.18999862670898,62.43000030517578,59.5,61.9900016784668,51.81993103027344,123400
60.790000915527344,61.9900016784668,60.20000076293945,60.77999877929688,50.80843734741211,41900
61.43999862670898,62.0,60.18999862670898,61.63999938964844,51.52737045288086,52000
60.84000015258789,62.45000076293945,60.130001068115234,60.880001068115234,50.892051696777344,48600
59.77999877929688,60.11000061035156,58.5,58.560001373291016,48.95266342163086,53000
58.61000061035156,58.880001068115234,57.13999938964844,57.59000015258789,48.14180755615234,36700
57.880001068115234,58.560001373291016,56.0,56.0,46.81266021728516,43000
56.22999954223633,57.040000915527344,54.84999847412109,54.86000061035156,45.85968399047852,60800
54.65999984741211,57.34999847412109,53.63999938964844,54.84000015258789,45.84295654296875,79000
55.040000915527344,57.209999084472656,54.900001525878906,56.93000030517578,47.59008407592773,48600
57.0099983215332,57.060001373291016,53.720001220703125,54.459999084472656,45.52530288696289,65300
53.43999862670898,56.91999816894531,51.77999877929688,56.79999923706055,47.48141098022461,133600
56.790000915527344,57.40999984741211,55.0,55.75,46.60366821289063,70100
55.68000030517578,55.84000015258789,53.959999084472656,54.61000061035156,45.650691986083984,81900
55.52000045776367,56.47999954223633,53.79999923706055,54.43000030517578,45.50021743774414,79400
53.380001068115234,53.709999084472656,51.84000015258789,52.2599983215332,43.86353302001953,66000
52.22999954223633,52.22999954223633,49.560001373291016,51.0,42.80596923828125,130500
49.43000030517578,51.33000183105469,49.43000030517578,50.36000061035156,42.26880645751953,79000
50.93000030517578,51.02000045776367,48.369998931884766,49.72999954223633,41.74000930786133,106000
49.34000015258789,50.40999984741211,49.34000015258789,50.290000915527344,42.21004486083984,62900
50.66999816894531,51.36000061035156,50.04999923706055,50.810001373291016,42.64650344848633,49800
51.720001220703125,53.119998931884766,51.18999862670898,51.40999984741211,43.15009307861328,82400
51.119998931884766,51.900001525878906,49.630001068115234,50.56999969482422,42.44504928588867,71700
51.40999984741211,51.81999969482422,49.15999984741211,49.29999923706055,41.37911224365234,90800
49.70000076293945,50.72999954223633,48.65999984741211,50.34000015258789,42.25202178955078,98900
50.04999923706055,51.15999984741211,49.369998931884766,50.41999816894531,42.31915283203125,81900
50.63999938964844,51.66999816894531,50.27999877929688,51.43999862670898,43.17527770996094,73200
51.40999984741211,51.47999954223633,50.20000076293945,51.16999816894531,42.94866180419922,218300
50.88999938964844,51.060001373291016,49.560001373291016,50.040000915527344,42.00020599365234,70900
50.4900016784668,53.04999923706055,50.43000030517578,52.45000076293945,44.02301025390625,76400
52.22999954223633,52.90999984741211,50.61000061035156,51.11000061035156,42.8983039855957,65900
51.130001068115234,51.15999984741211,48.209999084472656,48.880001068115234,41.02658462524414,60100
49.369998931884766,49.68999862670898,48.040000915527344,49.34999847412109,41.42106628417969,81300
48.459999084472656,48.84000015258789,45.77000045776367,46.720001220703125,39.21363067626953,126200
46.59999847412109,47.060001373291016,45.630001068115234,46.0,38.60931015014648,130300
45.84000015258789,47.2599983215332,45.84000015258789,46.650001525878906,39.154876708984375,87000
46.06999969482422,46.16999816894531,45.22999954223633,46.16999816894531,38.751991271972656,281100
47.08000183105469,51.310001373291016,46.880001068115234,50.93999862670898,42.75561141967773,104000
51.13999938964844,51.13999938964844,49.70000076293945,50.84000015258789,42.67167663574219,92600
50.720001220703125,53.36000061035156,50.720001220703125,53.02999877929688,44.50982284545898,40900
52.720001220703125,53.52000045776367,52.060001373291016,52.09999847412109,43.72924423217773,53100
51.41999816894531,51.470001220703125,50.209999084472656,50.59000015258789,42.46184539794922,31800
52.97999954223633,53.630001068115234,50.0,50.43000030517578,42.32754898071289,137500
50.459999084472656,52.08000183105469,48.43999862670898,49.22999954223633,41.32034683227539,127200
49.209999084472656,50.84000015258789,48.9900016784668,50.540000915527344,42.41987228393555,54300
49.84000015258789,51.47999954223633,48.91999816894531,50.83000183105469,42.66328430175781,54600
50.9900016784668,53.13999938964844,50.9900016784668,53.02000045776367,44.50143432617188,96300
52.59999847412109,53.209999084472656,52.22999954223633,52.5099983215332,44.07335662841797,57300
52.900001525878906,52.900001525878906,51.040000915527344,51.36000061035156,43.10812377929688,51800
51.2599983215332,52.619998931884766,50.880001068115234,52.18999862670898,43.804779052734375,27900
52.5099983215332,53.060001373291016,51.810001373291016,52.560001373291016,44.115325927734375,64800
52.02000045776367,52.02000045776367,50.22999954223633,50.38999938964844,42.29397964477539,60400
48.900001525878906,49.27999877929688,48.52000045776367,48.81999969482422,40.97622299194336,55700
49.20000076293945,49.41999816894531,47.27000045776367,47.810001373291016,40.12850189208984,42400
48.4900016784668,48.4900016784668,46.40999984741211,46.54999923706055,39.0709342956543,82300
47.459999084472656,48.59999847412109,46.47999954223633,46.5,39.02897644042969,80500
46.7400016784668,49.400001525878906,46.59999847412109,48.900001525878906,41.04337692260742,59600
48.810001373291016,48.810001373291016,47.65999984741211,48.119998931884766,40.38869857788086,35600
49.5099983215332,49.88999938964844,48.02000045776367,48.18999862670898,40.44744110107422,59800
48.63999938964844,48.9900016784668,47.4900016784668,48.13999938964844,40.40548324584961,58000
47.43999862670898,49.5,47.33000183105469,48.27000045776367,40.51459503173828,60900
46.20000076293945,48.58000183105469,45.04999923706055,46.91999816894531,39.38148880004883,154600
46.9900016784668,46.9900016784668,45.84999847412109,46.02999877929688,38.63448333740234,168200
46.380001068115234,46.54999923706055,45.68999862670898,45.77000045776367,38.41626739501953,109400
45.75,47.40999984741211,45.58000183105469,46.40999984741211,38.95343780517578,96900
46.470001220703125,47.29999923706055,45.84000015258789,46.79999923706055,39.28076934814453,66500
46.790000915527344,47.06999969482422,45.77000045776367,46.83000183105469,39.305946350097656,55500
46.83000183105469,47.43999862670898,45.5099983215332,46.25,38.81913757324219,87100
46.45000076293945,46.63999938964844,45.52000045776367,46.47999954223633,39.01218795776367,95200
46.2599983215332,47.56999969482422,45.86000061035156,47.56999969482422,39.92706680297852,55500
47.560001373291016,49.5099983215332,46.43000030517578,49.0,41.12730026245117,86300
49.09999847412109,51.560001373291016,49.0,51.310001373291016,43.06616973876953,110500
51.33000183105469,51.59999847412109,50.150001525878906,50.5,42.38631057739258,96500
50.88999938964844,52.59999847412109,50.470001220703125,51.7599983215332,43.44384765625,71400
51.290000915527344,52.11000061035156,51.290000915527344,51.70000076293945,43.39350891113281,116200
51.70000076293945,51.75,50.68999862670898,51.34999847412109,43.099735260009766,94200
51.400001525878906,51.93999862670898,50.5,51.36000061035156,43.10812377929688,66100
51.5,51.95000076293945,50.22999954223633,50.43000030517578,42.32754898071289,74700
50.150001525878906,50.34000015258789,48.290000915527344,49.02000045776367,41.14408874511719,72500
49.0,49.15999984741211,47.810001373291016,48.63999938964844,40.82514190673828,56500
48.0099983215332,48.25,47.06999969482422,48.08000183105469,40.53848648071289,55500
48.68999862670898,49.06999969482422,48.040000915527344,48.75,41.1033821105957,50100
48.75,48.77999877929688,47.15999984741211,47.810001373291016,40.31082534790039,103200
47.45000076293945,47.650001525878906,46.61000061035156,46.7599983215332,39.425514221191406,75600
47.18000030517578,48.33000183105469,46.7400016784668,48.09000015258789,40.546913146972656,145400
48.52999877929688,51.630001068115234,47.720001220703125,51.2599983215332,43.21967697143555,52100
51.119998931884766,53.31999969482422,51.119998931884766,53.06999969482422,44.74578094482422,128400
52.97999954223633,54.18999862670898,52.83000183105469,53.72999954223633,45.3022575378418,86100
54.310001373291016,54.58000183105469,53.150001525878906,54.22999954223633,45.72382736206055,76300
54.15999984741211,57.63999938964844,53.90999984741211,56.31999969482422,47.48600769042969,122200
56.93999862670898,58.02000045776367,56.29999923706055,57.5,48.48091506958008,96400
57.2400016784668,57.2400016784668,55.15999984741211,55.400001525878906,46.71030044555664,87100
55.060001373291016,55.400001525878906,54.2400016784668,54.75,46.16226577758789,100800
54.88999938964844,54.88999938964844,54.02000045776367,54.47999954223633,45.93460464477539,44000
53.47999954223633,54.77999877929688,52.68000030517578,54.20000076293945,45.69853591918945,45800
55.02000045776367,55.09000015258789,53.79999923706055,54.13999938964844,45.64794158935547,177500
53.47999954223633,54.95000076293945,52.7599983215332,54.4900016784668,45.94304275512695,50000
54.68999862670898,54.9900016784668,52.709999084472656,52.84000015258789,44.551856994628906,51000
53.38999938964844,54.0099983215332,52.34999847412109,53.16999816894531,44.8300895690918,74600
53.70000076293945,53.70000076293945,52.459999084472656,52.9900016784668,44.6783332824707,80600
52.619998931884766,53.29999923706055,52.13999938964844,52.150001525878906,43.97006988525391,42100
52.79999923706055,54.709999084472656,52.68000030517578,54.130001068115234,45.6395149230957,49900
54.36000061035156,54.380001068115234,52.560001373291016,53.209999084472656,44.86381530761719,92300
53.22999954223633,53.22999954223633,51.70000076293945,52.5,44.26519012451172,119200
52.75,52.75,51.70000076293945,52.400001525878906,44.18087005615234,47400
52.77999877929688,53.0,51.09999847412109,51.40999984741211,43.34614944458008,63100
51.0,51.619998931884766,50.5,51.34999847412109,43.29556274414063,62900
51.25,51.650001525878906,50.58000183105469,51.0099983215332,43.00888442993164,45200
51.119998931884766,51.119998931884766,49.84999847412109,50.29999923706055,42.41025924682617,123400
50.72999954223633,50.77000045776367,49.91999816894531,50.15999984741211,42.29222106933594,52800
50.11000061035156,50.38999938964844,49.5,49.720001220703125,41.921234130859375,28600
49.79999923706055,50.20000076293945,49.09000015258789,49.83000183105469,42.01398086547852,48100
50.27000045776367,50.880001068115234,50.06999969482422,50.7599983215332,42.79811477661133,37400
50.869998931884766,52.790000915527344,50.02000045776367,51.70000076293945,43.59067153930664,52500
51.52999877929688,52.18999862670898,51.150001525878906,51.619998931884766,43.523216247558594,65400
51.2400016784668,51.70000076293945,50.7599983215332,51.45000076293945,43.379878997802734,107000
51.560001373291016,51.84000015258789,50.72999954223633,51.66999816894531,43.56536865234375,45600
51.09000015258789,51.09000015258789,49.77999877929688,50.81999969482422,42.84870147705078,134200
51.61000061035156,52.47999954223633,50.91999816894531,51.34999847412109,43.29556274414063,198500
51.9900016784668,51.9900016784668,51.06999969482422,51.619998931884766,43.523216247558594,62900
51.630001068115234,51.650001525878906,50.560001373291016,50.869998931884766,42.89085006713867,158800
51.09999847412109,51.09999847412109,50.27999877929688,50.68000030517578,42.73066711425781,27500
51.0,51.65999984741211,50.81999969482422,51.33000183105469,43.278690338134766,144900
51.459999084472656,51.720001220703125,49.81999969482422,50.400001525878906,42.49457931518555,81800
50.33000183105469,51.29999923706055,50.25,50.63999938964844,42.69692611694336,30400
50.86000061035156,51.59999847412109,50.540000915527344,51.27000045776367,43.22811508178711,40100
50.27999877929688,51.08000183105469,49.900001525878906,50.65999984741211,42.71379089355469,54800
50.7599983215332,50.7599983215332,49.72999954223633,50.02000045776367,42.1741943359375,33200
49.63999938964844,51.09999847412109,49.58000183105469,50.09999847412109,42.24163055419922,39500
50.40999984741211,52.130001068115234,49.13999938964844,49.90999984741211,42.08143615722656,40700
49.31999969482422,50.06999969482422,48.81999969482422,49.310001373291016,41.57554626464844,43100
49.310001373291016,49.630001068115234,47.869998931884766,48.15999984741211,40.60592651367188,34000
48.31999969482422,49.31999969482422,46.43999862670898,46.790000915527344,39.4508171081543,81300
44.880001068115234,49.0,44.880001068115234,47.40999984741211,39.97356796264648,159200
47.59999847412109,48.5099983215332,46.9900016784668,47.959999084472656,40.437294006347656,33500
47.790000915527344,47.790000915527344,46.880001068115234,47.150001525878906,39.75434494018555,32900
47.25,47.84000015258789,47.04999923706055,47.52999877929688,40.074745178222656,22600
47.77999877929688,48.36000061035156,47.11000061035156,47.619998931884766,40.15062713623047,30600
47.45000076293945,47.70000076293945,47.15999984741211,47.400001525878906,39.96514129638672,28000
46.97999954223633,47.77000045776367,46.34000015258789,46.34999847412109,39.07983016967773,80600
46.369998931884766,47.0099983215332,45.33000183105469,46.630001068115234,39.315914154052734,125300
46.9900016784668,46.9900016784668,46.59999847412109,46.68999862670898,39.55310821533203,68800
46.70000076293945,47.0,46.5,46.540000915527344,39.42604064941406,199900
46.70000076293945,47.08000183105469,46.11000061035156,46.66999816894531,39.53617858886719,122800
46.619998931884766,47.93000030517578,46.59999847412109,47.84999847412109,40.53579330444336,81300
47.97999954223633,48.81999969482422,47.619998931884766,48.0099983215332,40.671348571777344,71200
47.970001220703125,48.75,47.0099983215332,48.08000183105469,40.73065185546875,56900
48.470001220703125,48.70000076293945,47.93000030517578,48.38999938964844,40.99327087402344,17200
48.31999969482422,49.36000061035156,48.31999969482422,48.75,41.29823303222656,75400
49.2400016784668,49.84999847412109,48.880001068115234,49.52999877929688,41.9589958190918,34600
49.959999084472656,50.75,49.470001220703125,49.7400016784668,42.13689422607422,42000
50.34000015258789,50.380001068115234,49.02999877929688,49.2400016784668,41.71332931518555,39300
49.09999847412109,50.11000061035156,48.91999816894531,50.11000061035156,42.45034408569336,104800
50.209999084472656,51.29999923706055,50.130001068115234,51.209999084472656,43.382205963134766,52300
51.790000915527344,52.970001220703125,50.650001525878906,52.720001220703125,44.6613883972168,121800
52.650001525878906,52.650001525878906,51.650001525878906,52.09999847412109,44.13615798950195,41900
52.25,52.4900016784668,51.540000915527344,52.380001068115234,44.37335586547852,40500
51.95000076293945,51.95000076293945,50.06999969482422,51.790000915527344,43.87353515625,224500
51.4900016784668,52.5,50.84000015258789,52.290000915527344,44.29711532592773,20800
52.310001373291016,52.41999816894531,51.04999923706055,51.18000030517578,43.356781005859375,30400
51.119998931884766,51.5,49.709999084472656,51.16999816894531,43.34830856323242,36600
50.86000061035156,51.41999816894531,50.54999923706055,50.900001525878906,43.11959457397461,28700
50.880001068115234,52.66999816894531,50.560001373291016,51.869998931884766,43.941314697265625,44500
53.380001068115234,55.150001525878906,52.20000076293945,54.790000915527344,46.414981842041016,107700
55.0,55.16999816894531,53.470001220703125,54.13999938964844,45.86433792114258,48400
54.4900016784668,55.209999084472656,53.83000183105469,54.63999938964844,46.28790664672852,39700
54.06999969482422,55.38999938964844,54.06999969482422,54.93999862670898,46.54205703735352,46200
55.060001373291016,55.41999816894531,54.58000183105469,54.72999954223633,46.364139556884766,44900
55.09999847412109,56.5099983215332,55.09999847412109,55.93999862670898,47.3891830444336,51800
47.060001373291016,53.38999938964844,47.060001373291016,52.31999969482422,44.322540283203125,201000
52.56999969482422,52.880001068115234,51.52000045776367,51.7400016784668,43.83118438720703,90400
51.45000076293945,51.45000076293945,50.27000045776367,50.41999816894531,42.71294784545898,105800
49.90999984741211,50.83000183105469,49.90999984741211,50.5099983215332,42.78920364379883,85100
50.34000015258789,50.36000061035156,49.810001373291016,50.0,42.35716247558594,95600
50.09999847412109,50.18999862670898,49.83000183105469,50.09999847412109,42.44186401367188,66500
50.04999923706055,51.52000045776367,49.95000076293945,50.02000045776367,42.37410736083984,60000
50.04999923706055,50.150001525878906,49.5099983215332,50.060001373291016,42.40798568725586,59100
50.060001373291016,51.0,49.650001525878906,50.18999862670898,42.51811981201172,94900
50.40999984741211,50.54999923706055,49.709999084472656,50.2400016784668,42.56047821044922,50400
50.25,50.4900016784668,49.630001068115234,50.34000015258789,42.64519500732422,62300
50.5,52.9900016784668,50.18999862670898,50.52000045776367,42.79767608642578,51800
50.40999984741211,51.220001220703125,50.40999984741211,50.75,42.99251937866211,29600
50.54999923706055,51.81999969482422,50.34000015258789,50.52000045776367,42.79767608642578,52500
50.34999847412109,51.369998931884766,50.34999847412109,51.119998931884766,43.30596160888672,42300
51.5,54.83000183105469,51.130001068115234,54.09999847412109,45.83043670654297,79100
53.58000183105469,53.81999969482422,51.290000915527344,51.790000915527344,43.87353515625,65900
51.95000076293945,52.400001525878906,50.91999816894531,51.369998931884766,43.51774597167969,57200
51.25,54.27999877929688,51.0,52.20000076293945,44.22088241577149,65300
51.91999816894531,52.380001068115234,51.09999847412109,52.04999923706055,44.09380340576172,19500
52.33000183105469,53.45000076293945,52.33000183105469,53.18999862670898,45.05953979492188,17100
52.93999862670898,53.380001068115234,51.16999816894531,53.22999954223633,45.09343719482422,26600
53.20000076293945,53.81999969482422,52.70000076293945,53.380001068115234,45.22050857543945,28700
53.59000015258789,53.72999954223633,52.77000045776367,53.68000030517578,45.474647521972656,27800
53.720001220703125,53.77999877929688,52.7599983215332,53.75,45.5339469909668,20900
54.13999938964844,54.13999938964844,52.81999969482422,53.45000076293945,45.27980041503906,37200
53.790000915527344,54.970001220703125,53.02999877929688,53.7599983215332,45.54241943359375,46500
53.88999938964844,53.88999938964844,51.25,51.70000076293945,43.79730224609375,70200
51.83000183105469,53.16999816894531,51.36000061035156,51.52999877929688,43.65328979492188,22100
51.95000076293945,52.81999969482422,51.15999984741211,52.560001373291016,44.52585220336914,19700
52.9900016784668,52.9900016784668,50.2400016784668,50.34999847412109,42.65366744995117,46900
50.86000061035156,51.720001220703125,50.5,51.13999938964844,43.32290267944336,39800
51.31999969482422,53.33000183105469,51.31999969482422,52.59999847412109,44.75225067138672,32600
52.36000061035156,52.45000076293945,51.29999923706055,51.5,43.81637573242188,42800
51.0,51.7599983215332,50.5,51.58000183105469,43.88442993164063,90900
51.09000015258789,51.400001525878906,50.77999877929688,51.0099983215332,43.39947128295898,58200
51.65999984741211,53.84000015258789,51.119998931884766,51.2599983215332,43.61216354370117,40400
51.27999877929688,53.18999862670898,51.27999877929688,53.060001373291016,45.14363098144531,32000
52.90999984741211,53.0,52.06999969482422,52.7400016784668,44.871368408203125,25800
53.31999969482422,54.5,52.52000045776367,54.34000015258789,46.23265075683594,68700
54.04999923706055,54.04999923706055,52.7400016784668,53.27999877929688,45.3307991027832,33900
53.27999877929688,53.900001525878906,52.970001220703125,53.33000183105469,45.37333679199219,48100
53.56999969482422,54.2400016784668,53.04999923706055,53.77999877929688,45.75620269775391,51100
53.61000061035156,54.959999084472656,53.59000015258789,54.709999084472656,46.54744720458984,30900
55.16999816894531,55.869998931884766,54.68999862670898,55.4900016784668,47.211082458496094,139300
54.93000030517578,55.380001068115234,54.900001525878906,55.16999816894531,46.93882369995117,45200
54.9900016784668,55.34999847412109,54.310001373291016,54.91999816894531,46.72612380981445,58300
55.25,55.61000061035156,54.38999938964844,55.470001220703125,47.19405746459961,38900
54.84000015258789,55.75,54.20000076293945,54.68000030517578,46.52192306518555,29300
54.70000076293945,55.09999847412109,54.11000061035156,54.880001068115234,46.69209671020508,37000
55.2400016784668,55.65999984741211,54.459999084472656,54.959999084472656,46.7601432800293,30500
55.52000045776367,55.66999816894531,54.380001068115234,55.66999816894531,47.36421203613281,21600
54.900001525878906,55.54999923706055,54.650001525878906,55.36000061035156,47.1004753112793,11300
55.52999877929688,55.810001373291016,54.900001525878906,55.29999923706055,47.0494270324707,44300
55.29999923706055,55.43999862670898,53.66999816894531,54.93999862670898,46.74313735961914,76700
55.33000183105469,55.36000061035156,54.2599983215332,54.369998931884766,46.2581672668457,74300
54.400001525878906,54.400001525878906,52.20000076293945,52.709999084472656,44.8458366394043,78200
52.650001525878906,54.040000915527344,52.650001525878906,53.54999923706055,45.56051254272461,61400
52.619998931884766,53.869998931884766,52.619998931884766,53.810001373291016,45.781715393066406,36900
54.11000061035156,54.22999954223633,53.25,53.77000045776367,45.74769973754883,29400
54.0099983215332,54.90999984741211,53.54999923706055,53.77000045776367,45.74769973754883,50900
53.95000076293945,54.540000915527344,53.70000076293945,54.29999923706055,46.198612213134766,87500
54.130001068115234,54.61000061035156,53.65999984741211,54.45000076293945,46.32623672485352,29100
54.25,54.97999954223633,53.52999877929688,54.95000076293945,46.75163269042969,31700
54.43999862670898,54.70000076293945,52.369998931884766,52.869998931884766,44.98196792602539,70900
53.18000030517578,54.0099983215332,52.470001220703125,53.060001373291016,45.14363098144531,65800
52.18999862670898,52.18999862670898,49.7599983215332,50.58000183105469,43.03362655639648,69500
50.470001220703125,50.81999969482422,49.18000030517578,49.7400016784668,42.31895065307617,70000
49.77000045776367,51.5,49.7599983215332,51.119998931884766,43.49306106567383,71300
50.7400016784668,50.77999877929688,49.36000061035156,49.91999816894531,42.47209930419922,89400
50.209999084472656,50.40999984741211,49.20000076293945,50.40999984741211,42.88898468017578,59100
50.2599983215332,52.400001525878906,50.2599983215332,51.79999923706055,44.07159805297852,110600
51.77000045776367,52.63999938964844,51.52000045776367,51.84999847412109,44.1141471862793,91500
51.88999938964844,51.88999938964844,49.79999923706055,50.720001220703125,43.15273284912109,61300
48.20000076293945,49.630001068115234,47.86000061035156,49.34000015258789,41.978641510009766,56600
49.38999938964844,49.38999938964844,48.16999816894531,48.61000061035156,41.357547760009766,77500
49.04999923706055,49.04999923706055,46.7599983215332,47.09000015258789,40.0643310546875,76300
47.2400016784668,47.52999877929688,46.56999969482422,46.84999847412109,39.86012649536133,97700
46.29999923706055,47.02999877929688,45.11000061035156,46.38999938964844,39.46875381469727,255300
46.54999923706055,47.4900016784668,46.0,47.04999923706055,40.03028869628906,41500
47.02999877929688,47.95000076293945,46.810001373291016,47.27999877929688,40.22596740722656,50900
47.27999877929688,49.20000076293945,46.75,48.5,41.26395797729492,45700
48.209999084472656,48.630001068115234,47.560001373291016,48.130001068115234,40.94917297363281,42200
48.18999862670898,48.56999969482422,47.34000015258789,48.470001220703125,41.23843383789063,19900
48.31999969482422,48.41999816894531,47.630001068115234,47.90999984741211,40.761985778808594,32800
47.709999084472656,48.400001525878906,47.66999816894531,48.20000076293945,41.00870895385742,34800
47.86000061035156,48.06999969482422,47.59999847412109,48.0,40.83855438232422,25200
47.65999984741211,48.81999969482422,47.25,47.540000915527344,40.44718551635742,25400
47.7400016784668,48.810001373291016,47.70000076293945,48.66999816894531,41.408599853515625,37600
48.369998931884766,49.27999877929688,47.91999816894531,48.88999938964844,41.59577178955078,32200
48.84999847412109,48.84999847412109,48.34999847412109,48.59999847412109,41.34903717041016,21100
48.5,49.0,47.38999938964844,47.88999938964844,40.74495697021485,26300
47.45000076293945,47.959999084472656,46.900001525878906,47.83000183105469,40.69392395019531,31600
47.709999084472656,48.119998931884766,47.29999923706055,48.040000915527344,40.872589111328125,25700
48.880001068115234,50.2400016784668,48.709999084472656,49.630001068115234,42.22536849975586,49400
49.43999862670898,49.790000915527344,48.400001525878906,49.22999954223633,41.88504409790039,43700
49.34999847412109,50.68000030517578,48.9900016784668,50.459999084472656,43.124244689941406,99800
49.880001068115234,51.04999923706055,48.75,48.93999862670898,41.8252182006836,47200
49.25,49.95000076293945,48.970001220703125,49.470001220703125,42.27817153930664,89300
49.29999923706055,49.83000183105469,48.18000030517578,48.47999954223633,41.43209457397461,32400
47.790000915527344,48.27000045776367,47.400001525878906,47.790000915527344,40.8424186706543,46100
47.880001068115234,48.380001068115234,47.2599983215332,48.27999877929688,41.261173248291016,28100
48.7599983215332,48.7599983215332,47.59999847412109,48.0099983215332,41.030418395996094,22700
48.0099983215332,48.56999969482422,47.310001373291016,48.52000045776367,41.46627426147461,21200
47.790000915527344,48.83000183105469,47.36000061035156,47.52000045776367,40.611663818359375,14100
48.040000915527344,48.2599983215332,46.77999877929688,47.2400016784668,40.37236404418945,11200
47.43999862670898,49.2400016784668,47.34999847412109,48.75,41.662841796875,29900
48.75,49.18000030517578,47.790000915527344,47.90999984741211,40.944950103759766,24900
48.61000061035156,48.61000061035156,47.540000915527344,48.0,41.02187728881836,31900
47.900001525878906,48.70000076293945,47.63999938964844,48.34999847412109,41.32098007202149,31800
48.43000030517578,48.43000030517578,47.400001525878906,47.75,40.808223724365234,23100
46.95000076293945,47.0099983215332,45.41999816894531,45.93000030517578,39.25280380249024,88600
46.08000183105469,47.68999862670898,45.43000030517578,46.5,39.73993682861328,106500
46.02000045776367,46.86000061035156,45.25,46.369998931884766,39.628849029541016,51000
46.79999923706055,47.34999847412109,46.040000915527344,46.75,39.9536018371582,30900
47.04999923706055,47.59999847412109,46.36000061035156,46.790000915527344,39.98777770996094,28600
47.2599983215332,47.81999969482422,46.970001220703125,47.369998931884766,40.48346710205078,27200
47.2599983215332,48.18000030517578,46.130001068115234,47.869998931884766,40.910770416259766,377300
48.09999847412109,49.0,47.5,48.459999084472656,41.41499710083008,40700
48.4900016784668,48.869998931884766,47.18000030517578,48.31999969482422,41.295352935791016,32000
48.08000183105469,48.45000076293945,47.43999862670898,48.34999847412109,41.32098007202149,11700
49.209999084472656,49.52000045776367,48.369998931884766,49.45000076293945,42.261077880859375,23000
49.72999954223633,49.97999954223633,48.27000045776367,48.619998931884766,41.55172348022461,34400
49.02000045776367,49.75,48.68000030517578,48.88999938964844,41.7824821472168,34100
48.91999816894531,49.27000045776367,48.29999923706055,49.0,41.87648391723633,43300
49.75,49.9900016784668,48.43999862670898,49.470001220703125,42.27817153930664,47300
49.36000061035156,49.36000061035156,48.45000076293945,48.84000015258789,41.73975372314453,36500
49.119998931884766,49.59999847412109,49.0099983215332,49.33000183105469,42.15852355957031,22400
49.380001068115234,49.70000076293945,48.70000076293945,48.97999954223633,41.8593978881836,24500
49.15999984741211,49.220001220703125,48.5,48.93999862670898,41.8252182006836,36900
49.0,49.59999847412109,48.119998931884766,48.81999969482422,41.72266006469727,30800
48.86000061035156,49.0,47.86000061035156,48.77999877929688,41.68848419189453,37000
48.58000183105469,49.25,48.58000183105469,48.93000030517578,41.816673278808594,24000
49.04999923706055,49.150001525878906,48.790000915527344,48.88999938964844,41.7824821472168,56700
49.15999984741211,49.34000015258789,48.25,48.380001068115234,41.346622467041016,38800
48.09000015258789,48.58000183105469,48.04999923706055,48.4900016784668,41.44064331054688,61400
47.93999862670898,48.93000030517578,47.93999862670898,48.70000076293945,41.62010955810547,12500
48.4900016784668,48.709999084472656,47.93000030517578,48.31999969482422,41.295352935791016,12400
48.5,48.95000076293945,48.119998931884766,48.40999984741211,41.37226104736328,26200
48.43999862670898,48.880001068115234,47.97999954223633,48.09999847412109,41.10733795166016,26500
48.869998931884766,49.0,48.04999923706055,48.43000030517578,41.38936614990234,36900
47.709999084472656,49.0,47.619998931884766,48.2400016784668,41.22697448730469,31000
47.970001220703125,48.90999984741211,47.83000183105469,48.5099983215332,41.45772171020508,70500
48.41999816894531,48.63999938964844,47.84000015258789,48.43999862670898,41.39789962768555,21200
48.119998931884766,49.0,48.119998931884766,48.65999984741211,41.58592224121094,30200
49.0,50.0,48.13999938964844,49.33000183105469,42.15852355957031,51700
48.59999847412109,49.58000183105469,47.34000015258789,47.630001068115234,40.70567321777344,63200
47.20000076293945,48.2400016784668,47.20000076293945,47.81999969482422,40.868045806884766,19200
47.619998931884766,48.15999984741211,47.5099983215332,47.75,40.808223724365234,23900
48.650001525878906,48.650001525878906,47.59999847412109,47.72999954223633,40.7911262512207,23500
47.0099983215332,47.18999862670898,46.47999954223633,46.61000061035156,39.83395385742188,36600
46.31999969482422,46.400001525878906,45.75,46.22999954223633,39.50919342041016,62600
45.970001220703125,46.709999084472656,44.66999816894531,44.72999954223633,38.22726058959961,21900
45.0,45.22999954223633,44.790000915527344,44.93999862670898,38.40672302246094,58100
44.77000045776367,45.18000030517578,44.310001373291016,44.59000015258789,38.107608795166016,47000
44.93000030517578,47.5,44.93000030517578,46.36000061035156,39.62029647827149,24500
46.38999938964844,46.900001525878906,45.75,45.93000030517578,39.25280380249024,20800
45.959999084472656,46.5099983215332,45.150001525878906,46.18999862670898,39.47501754760742,17800
45.70000076293945,45.9900016784668,44.369998931884766,44.720001220703125,38.218711853027344,24100
44.59999847412109,45.29999923706055,44.4900016784668,44.70000076293945,38.20162582397461,8400
44.540000915527344,45.5,44.310001373291016,45.43000030517578,39.01752471923828,25500
45.119998931884766,45.869998931884766,43.79999923706055,44.22999954223633,37.986907958984375,34800
44.75,45.880001068115234,43.77000045776367,44.43999862670898,38.16726303100586,21200
44.43999862670898,44.66999816894531,43.95000076293945,44.36000061035156,38.09856033325195,12400
44.34000015258789,44.90999984741211,44.04999923706055,44.290000915527344,38.03844833374024,20900
44.43999862670898,44.77000045776367,43.7599983215332,44.22999954223633,37.986907958984375,24500
44.86000061035156,45.119998931884766,44.380001068115234,45.040000915527344,38.682579040527344,68900
45.36000061035156,46.130001068115234,45.36000061035156,45.43000030517578,39.01752471923828,59900
45.5,46.400001525878906,45.290000915527344,46.15999984741211,39.64448165893555,27600
46.02999877929688,46.27999877929688,45.470001220703125,46.02999877929688,39.5328369140625,19700
46.25,46.58000183105469,45.38999938964844,45.790000915527344,39.32670974731445,39000
46.59000015258789,46.7599983215332,45.459999084472656,45.81999969482422,39.35247421264648,24900
46.22999954223633,46.310001373291016,45.34999847412109,45.68999862670898,39.24082565307617,43500
45.93999862670898,46.290000915527344,45.45000076293945,45.83000183105469,39.361061096191406,51600
46.11000061035156,46.11000061035156,45.310001373291016,45.40999984741211,39.00034332275391,35900
45.400001525878906,45.77000045776367,45.130001068115234,45.369998931884766,38.96599578857422,113400
45.41999816894531,45.900001525878906,44.880001068115234,45.11000061035156,38.7426872253418,39600
45.09999847412109,45.4900016784668,44.84999847412109,44.95000076293945,38.60527038574219,28500
44.560001373291016,45.31999969482422,44.560001373291016,44.720001220703125,38.4077377319336,23800
44.91999816894531,45.31999969482422,44.29999923706055,44.97999954223633,38.63104248046875,120800
44.54999923706055,45.040000915527344,43.36000061035156,45.0,38.648223876953125,41800
44.380001068115234,45.43999862670898,44.380001068115234,45.25,38.862937927246094,49100
45.68000030517578,46.790000915527344,45.61000061035156,46.2599983215332,39.73036956787109,112100
46.060001373291016,47.04999923706055,45.97999954223633,46.86000061035156,40.24568176269531,71000
46.75,46.959999084472656,45.77999877929688,45.880001068115234,39.40401077270508,31100
45.81999969482422,47.52000045776367,45.81999969482422,46.84999847412109,40.23708724975586,33400
46.38999938964844,47.209999084472656,46.060001373291016,46.119998931884766,39.610137939453125,22400
46.29999923706055,46.77000045776367,46.20000076293945,46.59000015258789,40.0137939453125,56500
46.61000061035156,48.220001220703125,46.5,47.91999816894531,41.15606689453125,74200
48.790000915527344,49.52000045776367,47.70000076293945,49.2400016784668,42.28974533081055,55000
49.25,50.65999984741211,49.25,50.650001525878906,43.50072860717773,48800
50.02000045776367,50.77999877929688,49.93000030517578,50.5099983215332,43.380470275878906,40900
50.540000915527344,51.220001220703125,50.36000061035156,50.84000015258789,43.66389083862305,45700
51.43000030517578,51.720001220703125,50.619998931884766,51.040000915527344,43.83566284179688,28000
50.75,51.650001525878906,50.75,51.4900016784668,44.22215270996094,36000
51.90999984741211,52.95000076293945,51.58000183105469,52.810001373291016,45.3558464050293,82100
53.11000061035156,53.36000061035156,52.619998931884766,52.83000183105469,45.373008728027344,24300
50.52000045776367,53.5,50.52000045776367,53.130001068115234,45.63066864013672,34400
53.02000045776367,53.5099983215332,52.52999877929688,53.33000183105469,45.802433013916016,23800
53.2599983215332,53.90999984741211,53.08000183105469,53.5099983215332,45.95703125,24700
53.70000076293945,53.7599983215332,52.84000015258789,53.619998931884766,46.05149841308594,28100
54.4900016784668,54.709999084472656,53.900001525878906,54.560001373291016,46.85884094238281,14700
54.9900016784668,55.56999969482422,54.08000183105469,55.040000915527344,47.27106475830078,52000
54.56999969482422,55.310001373291016,54.040000915527344,54.22999954223633,46.57538986206055,26200
54.36000061035156,54.709999084472656,53.75,53.900001525878906,46.29197311401367,27100
53.79999923706055,54.380001068115234,53.4900016784668,53.900001525878906,46.29197311401367,46500
53.88999938964844,54.90999984741211,53.61000061035156,54.630001068115234,46.9189338684082,39400
53.93000030517578,54.709999084472656,53.68000030517578,54.20000076293945,46.54963684082031,54000
54.400001525878906,54.959999084472656,54.34999847412109,54.40999984741211,46.72999954223633,41200
54.52999877929688,54.9900016784668,53.18999862670898,53.43000030517578,45.8883171081543,22600
53.43999862670898,53.54999923706055,52.77000045776367,53.09000015258789,45.596317291259766,69500
53.130001068115234,56.0,52.4900016784668,52.5099983215332,45.09817886352539,49900
52.34000015258789,53.15999984741211,51.09000015258789,51.369998931884766,44.11909103393555,19000
50.95000076293945,51.61000061035156,50.310001373291016,51.36000061035156,44.11050415039063,27300
51.29999923706055,51.29999923706055,50.27000045776367,50.59999847412109,43.4577751159668,16600
50.61000061035156,51.81999969482422,50.45000076293945,51.40999984741211,44.1534423828125,16300
51.290000915527344,51.810001373291016,50.93999862670898,51.40999984741211,44.1534423828125,18300
51.29999923706055,52.5099983215332,51.0,51.31999969482422,44.07614517211914,11300
50.790000915527344,51.959999084472656,50.790000915527344,51.36000061035156,44.11050415039063,13400
51.75,53.43000030517578,50.68000030517578,53.04999923706055,45.56195831298828,45300
51.5,54.0,51.34000015258789,53.380001068115234,45.84538269042969,52400
53.52999877929688,53.66999816894531,52.52999877929688,52.77999877929688,45.33006286621094,24900
52.27000045776367,53.70000076293945,52.27000045776367,53.65999984741211,46.08586120605469,64700
53.68000030517578,54.29999923706055,53.22999954223633,54.04999923706055,46.61191177368164,40100
54.59000015258789,54.59000015258789,53.77000045776367,54.220001220703125,46.75852584838867,14700
53.95000076293945,54.310001373291016,52.59999847412109,53.22999954223633,45.904762268066406,25300
53.060001373291016,54.25,52.5099983215332,53.25,45.92200469970703,37000
53.540000915527344,54.0,52.08000183105469,53.25,45.92200469970703,26600
53.09000015258789,54.02000045776367,52.77000045776367,53.630001068115234,46.24971008300781,40000
53.959999084472656,54.34999847412109,53.79999923706055,54.13999938964844,46.68952178955078,29900
54.02000045776367,54.59000015258789,52.790000915527344,53.540000915527344,46.17209243774414,33700
52.91999816894531,53.310001373291016,51.68999862670898,52.220001220703125,45.03375625610352,30700
52.5,52.5,51.27999877929688,51.810001373291016,44.68016815185547,26600
51.68000030517578,52.400001525878906,51.09000015258789,51.52000045776367,44.43008041381836,32100
51.79999923706055,52.5,51.20000076293945,51.79999923706055,44.67154693603516,18700
51.88999938964844,52.36000061035156,51.27000045776367,52.34000015258789,45.137237548828125,32300
52.02999877929688,52.52000045776367,51.70000076293945,52.08000183105469,44.91300964355469,38100
52.09999847412109,52.77000045776367,51.88999938964844,52.5099983215332,45.28384017944336,29100
50.93999862670898,52.91999816894531,50.93999862670898,52.34999847412109,45.14585876464844,24600
52.650001525878906,52.790000915527344,50.59000015258789,52.75,45.490814208984375,125400
52.619998931884766,53.18000030517578,52.060001373291016,52.90999984741211,45.628787994384766,43300
53.0,54.75,53.0,54.470001220703125,46.974117279052734,11400
54.68000030517578,54.900001525878906,54.29999923706055,54.61000061035156,47.09484100341797,16600
54.900001525878906,55.0,53.75,54.75,47.21558380126953,39400
54.52000045776367,55.09999847412109,54.2599983215332,55.0099983215332,47.439788818359375,26500
55.119998931884766,55.619998931884766,54.61000061035156,55.2400016784668,47.638145446777344,46000
54.77000045776367,55.47999954223633,53.33000183105469,53.56999969482422,46.19796752929688,58400
53.470001220703125,54.0099983215332,53.0,53.77000045776367,46.37044525146485,39300
53.869998931884766,54.04999923706055,52.56999969482422,53.619998931884766,46.2410888671875,42600
53.900001525878906,54.22999954223633,52.59000015258789,53.02999877929688,45.73228073120117,47200
52.97999954223633,53.560001373291016,51.209999084472656,52.70000076293945,45.447696685791016,82600
52.7599983215332,53.5,51.09999847412109,52.0,44.844024658203125,39500
52.11000061035156,52.31999969482422,51.400001525878906,51.54999923706055,44.45595169067383,43000
51.75,53.09000015258789,51.619998931884766,52.75,45.490814208984375,73900
52.7599983215332,54.70000076293945,52.7599983215332,53.63999938964844,46.258338928222656,35100
53.54999923706055,54.43999862670898,53.54999923706055,54.119998931884766,46.67228698730469,19600
53.2400016784668,54.7400016784668,53.2400016784668,54.31999969482422,46.844764709472656,18500
54.40999984741211,54.40999984741211,53.33000183105469,53.84999847412109,46.43943786621094,14300
54.04999923706055,54.130001068115234,52.47999954223633,53.470001220703125,46.111724853515625,33900
52.18000030517578,54.369998931884766,52.18000030517578,53.470001220703125,46.111724853515625,20600
54.11000061035156,54.47999954223633,52.25,53.22999954223633,45.904762268066406,44200
52.65999984741211,52.65999984741211,51.630001068115234,52.04999923706055,44.88715362548828,45800
52.04999923706055,52.04999923706055,51.209999084472656,51.52999877929688,44.43870162963867,40900
51.16999816894531,51.70000076293945,50.68999862670898,51.36000061035156,44.2921028137207,39000
51.08000183105469,51.90999984741211,50.61000061035156,51.20000076293945,44.154109954833984,24000
51.970001220703125,51.970001220703125,51.0,51.43000030517578,44.35245513916016,28100
50.720001220703125,51.41999816894531,50.369998931884766,51.13999938964844,44.10237503051758,37400
51.11000061035156,53.65999984741211,48.40999984741211,50.02000045776367,43.136497497558594,61300
50.150001525878906,51.220001220703125,50.0,50.61000061035156,43.64530944824219,35300
50.540000915527344,50.540000915527344,49.709999084472656,50.02999877929688,43.14512634277344,37900
50.630001068115234,50.630001068115234,50.29999923706055,50.40999984741211,43.47282409667969,30200
47.18999862670898,50.79999923706055,47.18999862670898,50.09999847412109,43.20549011230469,102900
51.869998931884766,51.869998931884766,49.59999847412109,50.02999877929688,43.14512634277344,60400
49.9900016784668,50.58000183105469,49.97999954223633,50.34999847412109,43.42107772827149,62900
50.400001525878906,50.54999923706055,50.13999938964844,50.4900016784668,43.54182052612305,67900
50.27999877929688,50.5,50.04999923706055,50.34999847412109,43.42107772827149,65300
50.43999862670898,50.5,50.209999084472656,50.34999847412109,43.42107772827149,75300
50.25,50.459999084472656,50.25,50.34999847412109,43.42107772827149,32300
50.2599983215332,50.5,49.470001220703125,49.84999847412109,42.98989486694336,54600
50.0,50.52000045776367,49.91999816894531,50.220001220703125,43.30897903442383,22000
50.400001525878906,50.400001525878906,49.369998931884766,49.52000045776367,42.70531845092773,62500
49.4900016784668,50.41999816894531,49.38999938964844,49.900001525878906,43.03302001953125,30400
49.88999938964844,50.0,49.2400016784668,49.7400016784668,42.89503479003906,36300
49.93999862670898,50.18000030517578,49.31999969482422,49.75,42.903656005859375,45900
49.5,49.810001373291016,49.209999084472656,49.75,43.09422302246094,97600
49.880001068115234,50.310001373291016,49.52999877929688,49.52999877929688,42.90365982055664,46900
49.18999862670898,49.369998931884766,49.02999877929688,49.290000915527344,42.69576644897461,33500
49.709999084472656,50.9900016784668,48.72999954223633,50.290000915527344,43.56199264526367,90600
50.0099983215332,50.0099983215332,49.2599983215332,49.58000183105469,42.94697189331055,41100
49.810001373291016,50.25,49.68000030517578,49.95000076293945,43.26746368408203,31700
50.25,50.25,49.709999084472656,49.93999862670898,43.2588005065918,31100
50.0,50.5099983215332,49.68999862670898,50.5,43.74388122558594,52500
50.40999984741211,50.97999954223633,50.02000045776367,50.369998931884766,43.63127899169922,80800
50.220001220703125,50.61000061035156,49.83000183105469,50.130001068115234,43.42338180541992,25200
50.25,50.470001220703125,49.56999969482422,49.77000045776367,43.11154556274414,25500
49.70000076293945,50.22999954223633,49.470001220703125,49.84999847412109,43.180850982666016,24100
49.91999816894531,50.459999084472656,49.45000076293945,50.209999084472656,43.49268341064453,39100
50.06999969482422,51.18000030517578,50.06999969482422,51.16999816894531,44.324256896972656,87300
51.18000030517578,53.0099983215332,50.869998931884766,51.97999954223633,45.0258903503418,47500
52.0,52.18999862670898,51.869998931884766,51.970001220703125,45.017215728759766,38300
52.13999938964844,53.119998931884766,52.06999969482422,52.970001220703125,45.8834342956543,95900
53.40999984741211,54.31999969482422,53.060001373291016,54.02000045776367,46.792964935302734,32600
54.25,54.83000183105469,54.06999969482422,54.400001525878906,47.12212753295898,34700
54.75,54.75,52.220001220703125,53.130001068115234,46.02203750610352,32200
53.25,53.25,52.86000061035156,53.0099983215332,45.91809844970703,32400
52.970001220703125,53.63999938964844,52.7400016784668,53.06999969482422,45.97005844116211,31000
53.18999862670898,54.34000015258789,53.13999938964844,54.0,46.77564239501953,42400
53.93000030517578,54.119998931884766,53.040000915527344,53.68999862670898,46.50711441040039,52500
53.880001068115234,54.59999847412109,53.68999862670898,54.0,46.77564239501953,50800
53.43000030517578,54.27000045776367,53.38999938964844,53.84999847412109,46.64570999145508,42500
54.33000183105469,54.33000183105469,52.34000015258789,52.43000030517578,45.41568756103516,35000
52.22999954223633,52.2400016784668,50.83000183105469,51.150001525878906,44.30693435668945,52500
51.36000061035156,52.380001068115234,51.36000061035156,52.209999084472656,45.22511291503906,26800
52.209999084472656,52.790000915527344,51.900001525878906,52.18999862670898,45.20777893066406,87700
51.40999984741211,52.310001373291016,50.7599983215332,51.18000030517578,44.33290863037109,43900
50.66999816894531,51.27000045776367,50.619998931884766,50.810001373291016,44.01240539550781,40800
51.34000015258789,51.81999969482422,51.08000183105469,51.540000915527344,44.644752502441406,28700
51.869998931884766,52.29999923706055,50.84999847412109,51.869998931884766,44.93059539794922,41700
52.29999923706055,52.36000061035156,51.720001220703125,52.290000915527344,45.29441833496094,28400
51.9900016784668,53.93999862670898,51.52999877929688,53.290000915527344,46.16063690185547,28100
53.63999938964844,53.63999938964844,52.84000015258789,53.130001068115234,46.02203750610352,12800
53.02000045776367,53.150001525878906,52.560001373291016,52.97999954223633,45.89209747314453,23300
52.77999877929688,53.2599983215332,52.310001373291016,52.59000015258789,45.55427551269531,30600
52.88999938964844,53.16999816894531,52.470001220703125,52.77000045776367,45.71019744873047,17900
52.380001068115234,53.150001525878906,51.77000045776367,52.31999969482422,45.32040023803711,39700
52.45000076293945,52.83000183105469,52.09999847412109,52.58000183105469,45.54561233520508,29500
52.70000076293945,53.25,52.27999877929688,52.630001068115234,45.58892440795898,30700
52.630001068115234,53.22999954223633,52.290000915527344,53.04999923706055,45.952735900878906,36700
52.84999847412109,53.2400016784668,52.13999938964844,53.040000915527344,45.94408416748047,50400
53.25,53.29999923706055,52.709999084472656,52.91999816894531,45.840126037597656,28300
52.650001525878906,53.15999984741211,52.209999084472656,52.52000045776367,45.49364471435547,24700
52.33000183105469,52.90999984741211,52.11000061035156,52.369998931884766,45.36370468139648,55300
52.619998931884766,53.33000183105469,52.27999877929688,53.150001525878906,46.039363861083984,23900
53.13999938964844,54.79999923706055,53.130001068115234,54.68999862670898,47.37334060668945,64400
51.540000915527344,55.0,51.540000915527344,55.0,47.641849517822266,55700
54.72999954223633,59.36000061035156,54.72999954223633,59.13999938964844,51.22799682617188,115200
59.02000045776367,59.34999847412109,58.040000915527344,58.040000915527344,50.275146484375,80300
57.77999877929688,58.2400016784668,55.93000030517578,56.02000045776367,48.5254020690918,44900
55.59999847412109,56.2400016784668,54.400001525878906,54.869998931884766,47.52924728393555,48600
54.66999816894531,54.880001068115234,53.7599983215332,54.40999984741211,47.13079452514648,63800
54.43000030517578,54.970001220703125,54.209999084472656,54.5,47.20875549316406,37200
53.40999984741211,53.95000076293945,52.97999954223633,53.209999084472656,46.09132766723633,81200
53.75,53.75,52.869998931884766,53.630001068115234,46.45514297485352,31400
53.61000061035156,53.77999877929688,53.310001373291016,53.75,46.5590934753418,20400
53.869998931884766,54.93000030517578,53.869998931884766,54.4900016784668,47.20009231567383,24200
54.84999847412109,57.18999862670898,53.79999923706055,55.68000030517578,48.23088073730469,25600
55.33000183105469,56.060001373291016,54.650001525878906,54.709999084472656,47.39065933227539,26600
54.369998931884766,54.709999084472656,52.68999862670898,53.84000015258789,46.82533645629883,27400
53.66999816894531,53.95000076293945,52.81999969482422,53.09999847412109,46.18174743652344,30300
53.380001068115234,53.380001068115234,52.58000183105469,53.09000015258789,46.17305755615234,27900
53.0,53.43000030517578,52.77999877929688,53.130001068115234,46.20784759521485,33300
52.83000183105469,53.43000030517578,52.75,53.290000915527344,46.34700393676758,38400
53.650001525878906,55.470001220703125,53.5,55.34999847412109,48.13860321044922,37600
55.790000915527344,56.66999816894531,55.790000915527344,56.43999862670898,49.08659744262695,27400
56.15999984741211,57.619998931884766,55.880001068115234,56.61000061035156,49.23444366455078,22300
56.25,57.119998931884766,55.47999954223633,55.93000030517578,48.64303588867188,12400
55.83000183105469,56.29999923706055,54.20000076293945,55.09999847412109,47.92117691040039,31300
55.150001525878906,55.59000015258789,53.27000045776367,53.56999969482422,46.590518951416016,22300
53.95000076293945,54.2400016784668,53.04999923706055,53.7599983215332,46.75576400756836,17600
53.88999938964844,53.95000076293945,52.90999984741211,53.83000183105469,46.81664657592773,40800
54.0099983215332,55.540000915527344,53.36000061035156,55.5,48.26906967163086,32500
55.4900016784668,56.119998931884766,55.15999984741211,55.68000030517578,48.42560958862305,16100
55.56999969482422,56.02000045776367,55.56999969482422,55.68000030517578,48.42560958862305,18300
56.11000061035156,56.11000061035156,55.13999938964844,55.470001220703125,48.24296951293945,66100
55.709999084472656,55.709999084472656,54.5099983215332,54.619998931884766,47.50372314453125,14600
54.84999847412109,55.56999969482422,53.90999984741211,54.27999877929688,47.2080192565918,20500
53.84999847412109,54.90999984741211,53.59000015258789,54.77000045776367,47.63417816162109,19600
54.9900016784668,55.65999984741211,54.52999877929688,55.43999862670898,48.21688079833984,25800
54.88999938964844,56.150001525878906,54.869998931884766,55.90999984741211,48.62565231323242,115500
56.0099983215332,56.90999984741211,55.43999862670898,56.59000015258789,49.2170524597168,43700
56.61000061035156,58.540000915527344,56.61000061035156,57.68999862670898,50.17372894287109,42400
57.52999877929688,57.68000030517578,55.630001068115234,56.65999984741211,49.27792739868164,80300
56.869998931884766,58.150001525878906,56.869998931884766,57.9900016784668,50.43465042114258,27100
57.72999954223633,57.72999954223633,56.18999862670898,56.619998931884766,49.24314880371094,38100
56.77000045776367,56.77000045776367,55.38999938964844,55.7599983215332,48.49518203735352,41300
56.20000076293945,56.29999923706055,55.02000045776367,55.540000915527344,48.303855895996094,48100
54.56999969482422,54.75,53.0,53.09000015258789,46.17305755615234,74200
53.0,53.869998931884766,52.18000030517578,53.09999847412109,46.18174743652344,40200
53.880001068115234,54.5099983215332,53.0,53.31999969482422,46.373085021972656,30600
53.13999938964844,53.540000915527344,52.540000915527344,53.150001525878906,46.225242614746094,52300
53.2599983215332,54.08000183105469,53.16999816894531,53.56999969482422,46.590518951416016,55100
53.060001373291016,53.9900016784668,52.400001525878906,52.56999969482422,45.72079849243164,72700
52.38999938964844,53.68000030517578,52.38999938964844,53.47999954223633,46.51224899291992,39400
52.91999816894531,53.02000045776367,51.119998931884766,52.790000915527344,45.91215133666992,24900
52.97999954223633,54.119998931884766,52.72999954223633,52.93000030517578,46.03390502929688,63900
52.5099983215332,53.470001220703125,51.68000030517578,52.13999938964844,45.34682846069336,61700
52.22999954223633,52.68999862670898,51.310001373291016,51.63999938964844,44.91196823120117,42200
51.08000183105469,52.0,50.88999938964844,51.310001373291016,44.62496566772461,58900
51.25,51.75,50.59999847412109,51.25,44.572784423828125,54700
51.15999984741211,51.41999816894531,50.77999877929688,50.93999862670898,44.30317306518555,27000
51.4900016784668,51.630001068115234,50.59999847412109,50.61000061035156,44.01616287231445,49300
49.59000015258789,50.7599983215332,49.40999984741211,49.79999923706055,43.31170272827149,52600
49.970001220703125,50.400001525878906,49.119998931884766,49.43000030517578,42.98990249633789,61100
49.4900016784668,50.2400016784668,49.29999923706055,50.20000076293945,43.65958786010742,49500
49.77000045776367,50.58000183105469,49.619998931884766,50.09999847412109,43.57261657714844,43600
49.720001220703125,50.5,49.720001220703125,50.0099983215332,43.49433898925781,42100
50.0,50.09999847412109,49.310001373291016,49.66999816894531,43.19863510131836,45300
49.290000915527344,51.25,48.5,50.70000076293945,44.09444427490234,74500
51.22999954223633,51.75,50.41999816894531,50.75,44.137943267822266,32000
50.369998931884766,50.790000915527344,49.650001525878906,49.97999954223633,43.4682502746582,23200
49.81999969482422,50.52999877929688,49.7599983215332,50.27000045776367,43.72046661376953,33200
50.33000183105469,50.86000061035156,50.09000015258789,50.79999923706055,44.18141174316406,33200
51.33000183105469,51.33000183105469,49.709999084472656,49.900001525878906,43.39867401123047,56500
50.54999923706055,51.66999816894531,50.18000030517578,51.15999984741211,44.494510650634766,24100
51.650001525878906,52.04999923706055,51.2400016784668,51.4900016784668,44.781524658203125,16300
51.29999923706055,51.630001068115234,50.02000045776367,50.29999923706055,43.74656295776367,19000
50.369998931884766,50.97999954223633,49.560001373291016,50.810001373291016,44.19011306762695,19400
50.58000183105469,51.5,50.150001525878906,50.220001220703125,43.67698287963867,22600
50.45000076293945,50.790000915527344,49.77000045776367,50.369998931884766,43.80744171142578,16900
50.09000015258789,51.65999984741211,50.09000015258789,51.4900016784668,44.781524658203125,24400
50.970001220703125,51.84000015258789,50.970001220703125,51.220001220703125,44.54670333862305,14300
50.59000015258789,50.900001525878906,50.130001068115234,50.29999923706055,43.93527221679688,14000
50.209999084472656,50.209999084472656,49.13999938964844,49.58000183105469,43.30637741088867,45000
49.93000030517578,49.9900016784668,48.959999084472656,49.52999877929688,43.2626953125,32400
49.86000061035156,50.77000045776367,49.2400016784668,49.470001220703125,43.210296630859375,34700
49.77999877929688,50.150001525878906,48.560001373291016,48.720001220703125,42.55519485473633,31600
48.54999923706055,49.400001525878906,48.400001525878906,49.209999084472656,42.983192443847656,44400
49.220001220703125,49.97999954223633,48.83000183105469,49.06999969482422,42.86091232299805,20400
49.13999938964844,49.65999984741211,48.5,49.040000915527344,42.8347053527832,49100
48.630001068115234,49.45000076293945,48.630001068115234,49.290000915527344,43.053070068359375,21500
49.56999969482422,52.0099983215332,49.34999847412109,51.540000915527344,45.01836013793945,89600
51.68000030517578,51.81999969482422,50.81999969482422,51.5099983215332,44.99216079711914,53600
51.43999862670898,52.04999923706055,51.34999847412109,51.68999862670898,45.14938354492188,49400
51.70000076293945,51.93000030517578,51.18999862670898,51.45000076293945,44.939754486083984,29000
51.68999862670898,51.84999847412109,50.83000183105469,51.31999969482422,44.82619857788086,30100
51.36000061035156,51.869998931884766,50.959999084472656,51.47999954223633,44.9659538269043,33700
51.72999954223633,51.88999938964844,50.619998931884766,51.0099983215332,44.5554313659668,79800
51.04999923706055,51.459999084472656,50.369998931884766,50.52000045776367,44.12743377685547,68000
50.70000076293945,51.0,49.27999877929688,49.470001220703125,43.210296630859375,43900
49.630001068115234,49.630001068115234,48.52000045776367,48.68999862670898,42.52899169921875,28100
48.5099983215332,48.650001525878906,46.91999816894531,47.720001220703125,41.68172836303711,77100
47.81999969482422,48.09999847412109,46.9900016784668,47.45000076293945,41.44588470458984,36700
47.2400016784668,47.27999877929688,46.5099983215332,46.7599983215332,40.84320068359375,57800
46.619998931884766,46.77000045776367,45.58000183105469,45.9900016784668,40.17063522338867,76400
45.63999938964844,46.02999877929688,44.5099983215332,44.5099983215332,38.87791442871094,102600
44.77999877929688,45.560001373291016,44.72999954223633,45.09000015258789,39.38451385498047,59300
45.59000015258789,45.59000015258789,44.15999984741211,44.310001373291016,38.703216552734375,69200
44.33000183105469,44.88999938964844,43.84000015258789,44.09000015258789,38.51105880737305,45800
43.900001525878906,44.61000061035156,42.52000045776367,42.560001373291016,37.174652099609375,37500
42.36000061035156,42.72999954223633,41.130001068115234,42.52999877929688,37.14844512939453,69800
42.38999938964844,42.38999938964844,41.33000183105469,41.59000015258789,36.32738494873047,91100
41.29999923706055,42.130001068115234,40.15999984741211,40.220001220703125,35.130741119384766,64200
40.41999816894531,40.970001220703125,40.04999923706055,40.4900016784668,35.366580963134766,75500
40.630001068115234,41.720001220703125,40.4900016784668,41.22999954223633,36.012943267822266,102400
40.95000076293945,42.36000061035156,40.95000076293945,42.25,36.90388488769531,56100
41.470001220703125,43.4900016784668,41.470001220703125,43.09000015258789,37.63758850097656,39300
43.790000915527344,43.93000030517578,42.65999984741211,42.86000061035156,37.43669509887695,32700
42.95000076293945,43.630001068115234,42.95000076293945,43.459999084472656,37.96076202392578,32100
44.08000183105469,44.88999938964844,43.68000030517578,44.65999984741211,39.00892639160156,41200
44.93999862670898,44.93999862670898,43.790000915527344,43.93999862670898,38.38003158569336,25400
44.61000061035156,45.04999923706055,44.11000061035156,44.77999877929688,39.11373519897461,29900
44.58000183105469,45.25,44.36000061035156,44.54999923706055,38.912845611572266,21900
44.0099983215332,44.04999923706055,43.34999847412109,43.93999862670898,38.38003158569336,25300
44.380001068115234,46.77000045776367,44.380001068115234,46.310001373291016,40.45014953613281,60800
46.84000015258789,47.52000045776367,45.13999938964844,45.68000030517578,39.89986038208008,39000
45.56999969482422,46.02000045776367,44.91999816894531,45.72999954223633,39.94353485107422,22900
46.77000045776367,46.790000915527344,45.33000183105469,46.4900016784668,40.60737228393555,72600
46.47999954223633,46.93000030517578,45.810001373291016,46.18999862670898,40.345333099365234,26400
45.970001220703125,45.970001220703125,44.34999847412109,44.900001525878906,39.21855545043945,43200
45.41999816894531,45.54999923706055,44.47999954223633,45.400001525878906,39.65528869628906,23100
45.25,46.060001373291016,44.83000183105469,46.0,40.17937469482422,14500
45.61000061035156,47.869998931884766,45.58000183105469,47.59999847412109,41.576908111572266,25000
47.18000030517578,47.959999084472656,45.47999954223633,46.27000045776367,40.41520690917969,21800
46.02000045776367,46.36000061035156,45.56999969482422,46.11000061035156,40.27545547485352,17600
45.61000061035156,46.84000015258789,45.459999084472656,46.83000183105469,40.90434265136719,23200
46.58000183105469,46.59999847412109,45.5099983215332,45.93999862670898,40.12695693969727,19400
45.900001525878906,47.20000076293945,44.2400016784668,46.540000915527344,40.65103530883789,39700
46.02000045776367,46.34000015258789,45.459999084472656,45.5,39.74263381958008,25500
45.75,46.0099983215332,44.880001068115234,45.560001373291016,39.7950553894043,42900
44.400001525878906,45.47999954223633,44.0099983215332,44.2599983215332,38.65954208374024,27100
44.0,46.09000015258789,43.91999816894531,45.959999084472656,40.14442443847656,29300
47.34999847412109,49.09000015258789,45.2400016784668,46.63999938964844,40.73838424682617,47400
46.77000045776367,46.9900016784668,46.209999084472656,46.720001220703125,40.80826950073242,32700
47.77000045776367,48.470001220703125,47.34999847412109,48.11000061035156,42.02238464355469,37400
47.59999847412109,48.540000915527344,47.59999847412109,47.790000915527344,41.93463897705078,17400
47.47999954223633,47.83000183105469,44.7599983215332,44.88999938964844,39.38994598388672,16500
45.18000030517578,45.18000030517578,43.79999923706055,44.18000030517578,38.766937255859375,34900
44.45000076293945,46.0,43.83000183105469,44.720001220703125,39.24077606201172,34700
45.25,47.52999877929688,45.25,47.119998931884766,41.34672164916992,30200
46.88999938964844,48.11000061035156,46.75,47.45000076293945,41.63629150390625,29000
47.33000183105469,48.25,46.68000030517578,47.790000915527344,41.93463897705078,31400
46.52000045776367,47.91999816894531,46.52000045776367,47.52999877929688,41.70649337768555,35900
47.18999862670898,49.4900016784668,44.06999969482422,49.09999847412109,43.084129333496094,35900
48.66999816894531,48.66999816894531,46.68000030517578,46.93000030517578,41.18000411987305,43700
47.33000183105469,48.20000076293945,46.709999084472656,47.47999954223633,41.6626205444336,36900
46.959999084472656,47.31999969482422,46.0,46.27000045776367,40.60085678100586,44100
46.63999938964844,47.130001068115234,46.09000015258789,46.36000061035156,40.67983627319336,55200
46.54999923706055,48.34999847412109,46.119998931884766,47.09999847412109,41.32917022705078,77700
47.09999847412109,49.04999923706055,46.06999969482422,48.77000045776367,42.7945556640625,42500
49.27999877929688,49.27999877929688,45.77000045776367,46.08000183105469,40.43415069580078,53000
45.77999877929688,47.29999923706055,45.130001068115234,47.290000915527344,41.495887756347656,147000
46.84999847412109,46.84999847412109,45.20000076293945,46.0,40.36394882202149,49700
46.150001525878906,47.2400016784668,45.810001373291016,46.77999877929688,41.04838180541992,30100
46.650001525878906,46.90999984741211,46.119998931884766,46.59999847412109,40.89043045043945,13200
46.5,47.95000076293945,46.34000015258789,47.38999938964844,41.58365249633789,22900
47.27999877929688,47.810001373291016,46.959999084472656,47.59000015258789,41.75914764404297,26200
48.02000045776367,48.540000915527344,47.75,48.27000045776367,42.35583114624024,17900
48.18999862670898,49.27000045776367,48.18999862670898,48.5,42.557647705078125,23600
48.68999862670898,49.88999938964844,46.11000061035156,47.84000015258789,41.9785041809082,33600
47.65999984741211,47.84000015258789,45.83000183105469,46.0,40.36394882202149,70800
46.29999923706055,46.59999847412109,44.61000061035156,45.470001220703125,39.89888381958008,45200
45.84999847412109,45.84999847412109,44.630001068115234,45.310001373291016,39.75849151611328,54200
45.2400016784668,45.5,44.61000061035156,45.38999938964844,39.82868194580078,65400
45.22999954223633,45.22999954223633,44.13999938964844,44.20000076293945,38.78448867797852,26800
44.02999877929688,44.02999877929688,41.7599983215332,42.93000030517578,37.67009353637695,55600
43.22999954223633,43.81999969482422,42.04999923706055,42.869998931884766,37.61743927001953,53000
42.18000030517578,42.54999923706055,41.25,41.90999984741211,36.77507019042969,29700
42.06999969482422,42.11000061035156,39.650001525878906,40.0,35.09909439086914,70400
39.81999969482422,40.5,38.52999877929688,40.40999984741211,35.4588508605957,51300
41.22999954223633,41.22999954223633,39.84999847412109,40.02000045776367,35.11663818359375,42800
39.720001220703125,39.75,38.52999877929688,39.04999923706055,34.26548767089844,46900
39.150001525878906,39.619998931884766,37.869998931884766,38.68000030517578,33.94081497192383,149400
38.70000076293945,39.66999816894531,38.18000030517578,38.83000183105469,34.07243728637695,45200
38.97999954223633,39.93000030517578,38.52000045776367,39.650001525878906,34.79197311401367,27200
39.33000183105469,40.09999847412109,39.08000183105469,39.540000915527344,34.6954460144043,19100
39.880001068115234,39.880001068115234,38.59999847412109,38.7400016784668,33.99346160888672,57600
38.720001220703125,39.959999084472656,38.43999862670898,39.880001068115234,34.993797302246094,35200
39.47999954223633,40.0,38.77999877929688,38.93000030517578,34.16018295288086,41500
39.27000045776367,39.43000030517578,38.470001220703125,39.16999816894531,34.37077713012695,83000
39.59999847412109,40.630001068115234,38.91999816894531,40.2400016784668,35.30968475341797,58400
40.54999923706055,40.54999923706055,38.869998931884766,39.38999938964844,34.56382751464844,81800
39.45000076293945,40.380001068115234,37.75,40.18999862670898,35.265804290771484,95200
41.04999923706055,41.68999862670898,39.81999969482422,41.20000076293945,36.15205001831055,94600
41.25,41.97999954223633,40.52000045776367,40.84999847412109,35.844932556152344,47300
41.09000015258789,41.09000015258789,39.459999084472656,39.95000076293945,35.055213928222656,40400
39.970001220703125,40.09000015258789,39.380001068115234,39.40999984741211,34.58137512207031,44400
39.970001220703125,40.54999923706055,39.84000015258789,40.209999084472656,35.28335189819336,40100
40.2599983215332,42.54999923706055,40.2599983215332,41.97999954223633,36.83649444580078,63800
42.209999084472656,42.5,41.79999923706055,42.36000061035156,37.16993713378906,26900
42.09000015258789,42.220001220703125,41.709999084472656,42.20000076293945,37.02953338623047,22700
41.86000061035156,42.09999847412109,41.52000045776367,41.63999938964844,36.53814315795898,18100
41.65999984741211,41.75,40.66999816894531,41.540000915527344,36.45040130615234,44400
41.2400016784668,41.709999084472656,40.65999984741211,41.400001525878906,36.32755661010742,24900
41.61000061035156,42.91999816894531,41.290000915527344,41.869998931884766,36.73997116088867,38800
41.63999938964844,42.16999816894531,40.93999862670898,41.400001525878906,36.32755661010742,33100
41.34999847412109,42.59000015258789,40.7599983215332,41.20000076293945,36.3452033996582,42600
41.060001373291016,41.380001068115234,40.150001525878906,40.380001068115234,35.621829986572266,46100
40.5,40.93000030517578,39.7599983215332,40.61000061035156,35.824710845947266,79800
40.560001373291016,41.060001373291016,40.09000015258789,40.75,35.94822311401367,59100
40.540000915527344,40.79999923706055,39.77999877929688,40.63999938964844,35.85118865966797,41000
41.09999847412109,41.09999847412109,39.97999954223633,40.56999969482422,35.78943634033203,36400
40.209999084472656,41.06999969482422,39.380001068115234,39.560001373291016,34.89844512939453,34500
40.18000030517578,41.66999816894531,40.130001068115234,41.11000061035156,36.26580047607422,54400
40.790000915527344,40.95000076293945,39.9900016784668,40.220001220703125,35.480674743652344,34900
40.56999969482422,42.400001525878906,40.56999969482422,41.959999084472656,37.0156478881836,45500
42.459999084472656,43.15999984741211,42.09999847412109,43.02999877929688,37.95956039428711,48800
43.13999938964844,43.34000015258789,41.77000045776367,43.150001525878906,38.06542205810547,56000
43.34000015258789,43.34000015258789,41.900001525878906,42.34999847412109,37.35968017578125,43100
42.22999954223633,42.56999969482422,41.630001068115234,42.02999877929688,37.07738876342773,58400
42.02000045776367,43.59000015258789,41.93000030517578,43.27999877929688,38.18009185791016,52300
42.77999877929688,42.83000183105469,41.52999877929688,41.90999984741211,36.97153854370117,34400
42.130001068115234,43.4900016784668,41.5099983215332,43.27999877929688,38.18009185791016,92500
43.20000076293945,44.97999954223633,42.93999862670898,44.31999969482422,39.09755325317383,84600
44.119998931884766,45.0,43.63999938964844,44.68999862670898,39.423946380615234,35200
44.45000076293945,45.900001525878906,44.45000076293945,44.630001068115234,39.37102127075195,64400
44.63999938964844,45.38999938964844,44.25,44.54999923706055,39.30045318603516,45200
44.38999938964844,44.970001220703125,43.43000030517578,44.09999847412109,38.90348052978516,50100
44.15999984741211,45.220001220703125,44.0099983215332,45.119998931884766,39.80327987670898,38200
44.93999862670898,45.619998931884766,42.65999984741211,44.61000061035156,39.3533821105957,65200
44.290000915527344,44.290000915527344,43.34000015258789,43.68999862670898,38.54179382324219,33100
43.400001525878906,44.43000030517578,43.2599983215332,44.34999847412109,39.12402725219727,30900
44.310001373291016,44.79999923706055,44.29999923706055,44.41999816894531,39.185768127441406,21700
44.54999923706055,44.54999923706055,44.09999847412109,44.209999084472656,39.00051498413086,28500
44.380001068115234,45.18000030517578,43.7599983215332,44.20000076293945,38.991695404052734,55100
44.40999984741211,44.79999923706055,43.58000183105469,44.18999862670898,38.98286437988281,44200
44.52000045776367,44.95000076293945,44.130001068115234,44.7599983215332,39.48570251464844,46100
45.68999862670898,45.68999862670898,44.25,44.38999938964844,39.159297943115234,45700
44.38999938964844,45.29999923706055,43.90999984741211,45.13999938964844,39.8209228515625,37500
45.560001373291016,46.61000061035156,45.119998931884766,45.93999862670898,40.52665710449219,75000
45.79999923706055,45.79999923706055,44.54999923706055,44.619998931884766,39.36219787597656,24600
43.91999816894531,44.36000061035156,42.0,42.630001068115234,37.606693267822266,45500
42.70000076293945,43.61000061035156,42.380001068115234,42.630001068115234,37.606693267822266,27900
42.5099983215332,43.0099983215332,42.18000030517578,42.470001220703125,37.46554565429688,19200
42.79999923706055,42.93999862670898,41.869998931884766,42.54999923706055,37.536109924316406,38000
42.59000015258789,44.540000915527344,42.45000076293945,44.33000183105469,39.10637283325195,35600
44.34000015258789,45.5,44.34000015258789,45.34999847412109,40.00617599487305,24500
45.9900016784668,46.5,45.34999847412109,45.75,40.35904693603516,26100
46.0,46.83000183105469,46.0,46.66999816894531,41.1706428527832,23300
46.59000015258789,46.59000015258789,45.150001525878906,45.33000183105469,39.98854446411133,20100
45.040000915527344,45.77999877929688,43.47999954223633,44.470001220703125,39.22987747192383,36700
44.650001525878906,44.650001525878906,43.5099983215332,44.560001373291016,39.309268951416016,32700
44.5,45.41999816894531,44.400001525878906,44.61000061035156,39.3533821105957,22800
44.31999969482422,44.68000030517578,43.369998931884766,44.27000045776367,39.05344772338867,34500
44.380001068115234,44.68999862670898,42.09000015258789,43.91999816894531,38.74468612670898,29100
43.09999847412109,43.310001373291016,42.5099983215332,42.95000076293945,37.88898086547852,32800
46.79999923706055,49.869998931884766,46.79999923706055,48.52000045776367,42.802642822265625,80100
48.540000915527344,49.20000076293945,47.900001525878906,48.150001525878906,42.47624206542969,59900
48.27000045776367,49.290000915527344,47.470001220703125,48.9900016784668,43.217262268066406,59100
49.43000030517578,49.43000030517578,47.81999969482422,48.400001525878906,42.69677734375,42200
48.5,49.16999816894531,48.34000015258789,48.790000915527344,43.04083633422852,33400
48.81999969482422,48.81999969482422,47.2400016784668,47.77000045776367,42.14101791381836,50500
47.86000061035156,48.65999984741211,47.34000015258789,48.15999984741211,42.48505783081055,29200
48.150001525878906,48.900001525878906,47.02999877929688,48.52000045776367,42.802642822265625,60100
48.5,49.5099983215332,48.15999984741211,49.45000076293945,43.62306594848633,37400
49.400001525878906,49.790000915527344,48.65999984741211,48.86000061035156,43.10258483886719,28300
48.91999816894531,49.47999954223633,47.33000183105469,47.72999954223633,42.105735778808594,35900
47.459999084472656,48.36000061035156,46.040000915527344,48.13999938964844,42.46743392944336,54000
48.470001220703125,48.470001220703125,46.880001068115234,48.29999923706055,42.60856628417969,25600
47.810001373291016,47.900001525878906,47.02999877929688,47.59999847412109,42.18319320678711,21000
47.59999847412109,48.09000015258789,46.5,47.150001525878906,41.78440475463867,55200
47.77999877929688,47.77999877929688,46.09999847412109,46.380001068115234,41.102027893066406,41800
46.40999984741211,47.95000076293945,45.790000915527344,47.209999084472656,41.83757400512695,73000
47.5,48.43000030517578,46.869998931884766,47.68000030517578,42.25408172607422,57300
47.59999847412109,47.7599983215332,46.36000061035156,46.93000030517578,41.58943557739258,24100
46.86000061035156,47.369998931884766,46.0,47.0,41.65147018432617,37800
46.709999084472656,47.119998931884766,46.43000030517578,46.75,41.42991638183594,24300
46.81999969482422,46.95000076293945,46.400001525878906,46.77999877929688,41.45650100708008,40000
46.75,48.34999847412109,46.75,47.70000076293945,42.27181625366211,52000
47.75,48.52000045776367,47.40999984741211,48.45000076293945,42.93647003173828,31500
48.38999938964844,49.43000030517578,48.27000045776367,48.77000045776367,43.22004318237305,49500
48.66999816894531,48.86000061035156,47.18999862670898,48.02000045776367,42.555397033691406,43900
48.15999984741211,49.790000915527344,47.43000030517578,49.0,43.42387771606445,64200
49.38999938964844,49.38999938964844,48.27000045776367,48.86000061035156,43.29980850219727,43400
48.880001068115234,50.09999847412109,48.5,49.52999877929688,43.8935546875,43900
49.66999816894531,50.02000045776367,48.209999084472656,48.470001220703125,42.95418548583984,71500
49.04999923706055,49.29999923706055,48.34000015258789,48.75,43.20232391357422,68100
49.02999877929688,49.56999969482422,48.5099983215332,49.52999877929688,43.8935546875,54100
49.27999877929688,50.380001068115234,49.27999877929688,50.220001220703125,44.50503540039063,76400
50.16999816894531,50.560001373291016,49.630001068115234,50.45000076293945,44.70885848999024,44000
50.5,51.70000076293945,49.52999877929688,51.70000076293945,45.816627502441406,157700
51.15999984741211,51.59999847412109,49.81999969482422,49.970001220703125,44.28349304199219,70500
50.459999084472656,50.59000015258789,49.040000915527344,49.31999969482422,43.70745849609375,68200
50.11000061035156,50.36000061035156,48.97999954223633,50.040000915527344,44.345516204833984,76900
50.040000915527344,50.220001220703125,48.380001068115234,49.52000045776367,43.88470077514648,35200
49.02000045776367,50.5,48.27999877929688,49.77000045776367,44.10624313354492,64200
49.41999816894531,49.41999816894531,47.52000045776367,47.88999938964844,42.44020080566406,77400
47.68000030517578,48.18999862670898,47.68000030517578,48.040000915527344,42.5731201171875,90500
48.77000045776367,48.79999923706055,47.150001525878906,47.84000015258789,42.395877838134766,64100
48.75,48.75,47.52999877929688,47.790000915527344,42.35156631469727,40900
48.20000076293945,48.20000076293945,47.77000045776367,48.04999923706055,42.58197784423828,86800
48.18000030517578,48.20000076293945,47.66999816894531,47.880001068115234,42.43132781982422,52000
47.93000030517578,47.93000030517578,45.56999969482422,45.790000915527344,40.57916641235352,56200
46.29999923706055,46.29999923706055,45.4900016784668,46.0099983215332,40.77413177490234,60600
46.18000030517578,46.209999084472656,45.310001373291016,45.720001220703125,40.51713180541992,54900
45.68000030517578,45.72999954223633,44.25,44.310001373291016,39.26759719848633,46300
44.22999954223633,45.20000076293945,43.7599983215332,44.29999923706055,39.25872421264648,40300
44.34999847412109,44.5099983215332,43.650001525878906,44.08000183105469,39.063751220703125,42200
44.34000015258789,44.369998931884766,42.959999084472656,43.11000061035156,38.20414733886719,54600
43.25,43.25,40.88999938964844,41.61000061035156,36.87484359741211,78500
41.47999954223633,42.70000076293945,41.47999954223633,41.97999954223633,37.20274353027344,80300
42.150001525878906,43.09000015258789,41.77000045776367,42.58000183105469,37.73445892333984,72000
42.709999084472656,43.4900016784668,42.709999084472656,43.08000183105469,38.17755508422852,74300
42.900001525878906,43.150001525878906,41.709999084472656,42.77999877929688,37.91170501708984,77800
43.060001373291016,43.27000045776367,42.29999923706055,42.56999969482422,37.72558975219727,48600
42.4900016784668,42.9900016784668,41.84999847412109,42.41999816894531,37.59267044067383,59000
42.720001220703125,43.34999847412109,41.81999969482422,42.130001068115234,37.33566284179688,48600
42.66999816894531,43.2400016784668,41.95000076293945,42.04999923706055,37.264766693115234,57600
42.22999954223633,43.29999923706055,41.18000030517578,42.90999984741211,38.02690887451172,80800
36.650001525878906,42.34999847412109,36.650001525878906,40.27000045776367,35.68732833862305,168200
40.31999969482422,43.650001525878906,40.04999923706055,43.15999984741211,38.24845504760742,138500
42.81999969482422,42.81999969482422,41.13999938964844,41.68999862670898,36.94574737548828,68000
41.36000061035156,41.66999816894531,40.400001525878906,41.31999969482422,36.61784744262695,67300
41.380001068115234,41.380001068115234,40.08000183105469,40.18000030517578,35.60757827758789,47700
40.2599983215332,41.209999084472656,40.25,41.0,36.334259033203125,95400
40.63999938964844,41.40999984741211,39.91999816894531,41.02000045776367,36.35198974609375,63800
40.7599983215332,40.7599983215332,39.540000915527344,39.83000183105469,35.29740905761719,40100
39.77000045776367,39.77000045776367,38.709999084472656,39.08000183105469,34.632755279541016,41300
38.93000030517578,39.2400016784668,38.27999877929688,38.36000061035156,33.99468994140625,79300
37.709999084472656,38.619998931884766,37.709999084472656,37.880001068115234,33.56931686401367,49400
36.09999847412109,37.77000045776367,34.79999923706055,36.0,31.903255462646484,125600
37.310001373291016,37.310001373291016,35.15999984741211,35.380001068115234,31.353809356689453,59500
36.220001220703125,36.369998931884766,35.0,36.369998931884766,32.23115158081055,78400
36.77000045776367,38.470001220703125,36.470001220703125,38.369998931884766,34.00354766845703,102200
37.93999862670898,38.52000045776367,37.5,38.310001373291016,34.14616394042969,56300
37.88999938964844,38.33000183105469,37.400001525878906,38.220001220703125,34.06595230102539,45000
37.47999954223633,38.040000915527344,37.31999969482422,37.34000015258789,33.281585693359375,44400
37.7599983215332,38.59999847412109,37.54999923706055,38.59999847412109,34.404640197753906,51000
38.619998931884766,39.52999877929688,37.84999847412109,38.18000030517578,34.03029251098633,68800
37.59999847412109,37.93999862670898,37.369998931884766,37.47999954223633,33.40637969970703,46700
37.95000076293945,38.09000015258789,37.18999862670898,37.25,33.20137023925781,47500
37.400001525878906,37.81999969482422,36.560001373291016,36.65999984741211,32.67549514770508,53200
36.68000030517578,37.47999954223633,36.43999862670898,36.900001525878906,32.8894157409668,52400
36.900001525878906,37.2400016784668,36.68000030517578,36.9900016784668,32.96963119506836,115100
36.95000076293945,36.95000076293945,35.5,36.220001220703125,32.2833251953125,94300
36.20000076293945,36.70000076293945,35.83000183105469,36.68999862670898,32.70224380493164,59900
36.72999954223633,37.18999862670898,35.91999816894531,36.65999984741211,32.67549514770508,115100
36.52000045776367,38.43000030517578,36.5099983215332,37.630001068115234,33.54006576538086,66600
37.06999969482422,37.66999816894531,36.540000915527344,37.09999847412109,33.06768035888672,134200
37.2599983215332,37.4900016784668,36.880001068115234,37.25,33.20137023925781,49700
36.83000183105469,36.83000183105469,35.7599983215332,36.02000045776367,32.105064392089844,145500
36.02999877929688,36.25,35.0099983215332,35.45000076293945,31.597013473510746,66000
35.16999816894531,36.81999969482422,34.72999954223633,36.5099983215332,32.54179382324219,67200
36.83000183105469,36.83000183105469,35.439998626708984,36.22999954223633,32.2922248840332,65800
35.959999084472656,36.88999938964844,35.31999969482422,36.060001373291016,32.14071273803711,83900
36.22999954223633,38.18999862670898,36.02999877929688,37.380001068115234,33.317237854003906,89200
37.79999923706055,38.02000045776367,36.810001373291016,37.84000015258789,33.72724151611328,95100
38.25,38.95000076293945,38.0,38.310001373291016,34.14616394042969,85700
38.0,39.040000915527344,37.43999862670898,38.630001068115234,34.43138885498047,67400
38.9900016784668,40.27999877929688,38.31999969482422,39.88999938964844,35.554443359375,56700
39.900001525878906,40.83000183105469,39.650001525878906,39.83000183105469,35.500953674316406,44800
40.119998931884766,40.7599983215332,39.45000076293945,40.13999938964844,35.77726745605469,154700
39.93000030517578,41.560001373291016,39.93000030517578,41.119998931884766,36.65074920654297,53000
41.34000015258789,42.2599983215332,41.34000015258789,41.880001068115234,37.32814025878906,33900
41.810001373291016,41.810001373291016,40.900001525878906,41.310001373291016,36.820098876953125,44500
41.09999847412109,41.7599983215332,40.5,41.16999816894531,36.695308685302734,32600
41.20000076293945,41.630001068115234,40.9900016784668,41.310001373291016,36.820098876953125,57600
41.31999969482422,42.36000061035156,40.9900016784668,42.02999877929688,37.46184158325195,66200
42.209999084472656,42.209999084472656,40.869998931884766,41.209999084472656,36.73096466064453,47000
40.810001373291016,40.810001373291016,39.060001373291016,39.13999938964844,34.88595962524414,50100
39.150001525878906,39.2599983215332,38.41999816894531,39.209999084472656,34.94834518432617,54500
39.36000061035156,39.36000061035156,37.790000915527344,37.959999084472656,33.834205627441406,81100
38.09999847412109,40.13999938964844,38.09999847412109,39.77000045776367,35.44747543334961,46300
40.02999877929688,40.380001068115234,39.33000183105469,39.66999816894531,35.35833740234375,60000
39.72999954223633,41.33000183105469,38.27999877929688,38.38999938964844,34.217464447021484,42900
38.290000915527344,38.959999084472656,37.81999969482422,38.38999938964844,34.217464447021484,41700
38.56999969482422,40.02999877929688,38.470001220703125,39.9900016784668,35.64356994628906,57100
39.720001220703125,40.040000915527344,38.9900016784668,39.11000061035156,34.85921859741211,71800
39.34000015258789,40.290000915527344,38.86000061035156,39.45000076293945,35.16225051879883,101400
39.09999847412109,41.27999877929688,37.900001525878906,41.119998931884766,36.65074920654297,40600
41.11000061035156,41.79999923706055,40.95000076293945,41.20000076293945,36.7220573425293,52900
41.22999954223633,41.68000030517578,40.18999862670898,41.08000183105469,36.61508560180664,31900
41.150001525878906,41.470001220703125,40.2400016784668,40.72999954223633,36.30313491821289,30900
40.56999969482422,41.650001525878906,40.0,41.59000015258789,37.06966781616211,49400
41.4900016784668,41.65999984741211,39.869998931884766,40.68999862670898,36.267486572265625,69100
40.470001220703125,41.650001525878906,39.02000045776367,41.2599983215332,36.77553176879883,61100
41.33000183105469,41.400001525878906,40.540000915527344,40.61000061035156,36.1961784362793,37400
40.11000061035156,40.93999862670898,39.75,39.84000015258789,35.50987243652344,55500
39.619998931884766,41.119998931884766,39.59999847412109,40.5099983215332,36.1070556640625,24200
40.54999923706055,41.25,40.20000076293945,40.93000030517578,36.48139953613281,56600
40.88999938964844,40.88999938964844,37.95000076293945,38.34999847412109,34.181819915771484,89600
38.7400016784668,39.880001068115234,38.34999847412109,39.09000015258789,34.841392517089844,67500
38.95000076293945,40.09000015258789,38.54999923706055,39.93000030517578,35.590091705322266,55900
38.540000915527344,39.91999816894531,36.97999954223633,37.22999954223633,33.18354797363281,136100
37.31999969482422,38.11000061035156,37.0099983215332,37.75,33.64702606201172,82200
37.72999954223633,39.29999923706055,37.209999084472656,39.18000030517578,34.92161178588867,49000
39.09999847412109,39.56999969482422,38.72999954223633,39.060001373291016,34.81465530395508,52600
38.77999877929688,40.02000045776367,38.77999877929688,39.86000061035156,35.72892761230469,18300
39.880001068115234,40.27000045776367,38.59000015258789,39.09999847412109,35.04770278930664,64100
39.11000061035156,39.52999877929688,38.86000061035156,39.38999938964844,35.307640075683594,40300
39.27999877929688,39.869998931884766,39.0099983215332,39.290000915527344,35.21800994873047,39500
39.43000030517578,41.310001373291016,39.36000061035156,40.220001220703125,36.05162811279297,43100
40.08000183105469,40.70000076293945,39.650001525878906,40.130001068115234,35.970951080322266,66200
39.86000061035156,40.2400016784668,38.40999984741211,38.900001525878906,34.86842727661133,69100
38.34999847412109,38.7400016784668,37.68000030517578,37.9900016784668,34.052738189697266,135100
38.040000915527344,38.5099983215332,36.0099983215332,36.15999984741211,32.412391662597656,82500
36.08000183105469,36.630001068115234,35.900001525878906,36.18000030517578,32.43032455444336,49300
35.43000030517578,35.7599983215332,34.09000015258789,34.119998931884766,30.583818435668945,86600
34.25,35.290000915527344,33.880001068115234,34.81999969482422,31.21127700805664,61000
35.029998779296875,35.25,34.33000183105469,35.0,31.37262535095215,75600
35.09000015258789,35.150001525878906,34.150001525878906,34.91999816894531,31.3009090423584,48100
34.93000030517578,35.20000076293945,34.25,34.650001525878906,31.05889320373535,60100
34.380001068115234,35.189998626708984,34.119998931884766,34.56999969482422,30.98718643188477,244000
34.869998931884766,35.2599983215332,34.59000015258789,35.16999816894531,31.524999618530277,44600
35.2599983215332,36.34999847412109,34.689998626708984,36.11000061035156,32.36758041381836,53400
36.45000076293945,36.86000061035156,35.88999938964844,36.27000045776367,32.51100540161133,43800
36.209999084472656,36.88999938964844,35.93000030517578,36.54999923706055,32.76197814941406,27300
36.29999923706055,37.36000061035156,35.52000045776367,36.88999938964844,33.06673812866211,90000
37.18999862670898,37.68999862670898,36.15999984741211,37.560001373291016,33.66730880737305,67900
37.400001525878906,37.880001068115234,37.0,37.45000076293945,33.56870651245117,30900
37.40999984741211,37.68000030517578,36.560001373291016,36.68999862670898,32.88747024536133,39800
36.02999877929688,36.81999969482422,35.16999816894531,36.41999816894531,32.645442962646484,127300
35.7599983215332,36.369998931884766,35.41999816894531,36.08000183105469,32.340694427490234,32800
35.45000076293945,36.2400016784668,35.41999816894531,35.720001220703125,32.018001556396484,43900
35.029998779296875,36.22999954223633,33.560001373291016,33.63999938964844,30.153573989868164,71400
33.72999954223633,34.02000045776367,32.40999984741211,32.560001373291016,29.185503005981445,49100
32.2599983215332,32.779998779296875,31.940000534057617,32.66999816894531,29.28409767150879,46100
33.060001373291016,33.060001373291016,31.040000915527344,32.08000183105469,28.7552490234375,57000
32.25,32.45000076293945,30.18000030517578,30.440000534057617,27.28521728515625,81300
30.479999542236328,31.1200008392334,29.809999465942383,30.649999618530277,27.47344970703125,79300
29.790000915527344,30.75,29.229999542236328,30.6299991607666,27.45552444458008,77100
30.90999984741211,31.01000022888184,29.6299991607666,29.88999938964844,26.792221069335938,117000
29.350000381469727,30.90999984741211,28.559999465942383,30.36000061035156,27.21350860595703,80300
30.399999618530277,30.51000022888184,29.71999931335449,29.81999969482422,26.72947120666504,72700
30.530000686645508,30.68000030517578,29.56999969482422,30.0,26.890817642211918,50200
29.899999618530277,30.270000457763672,28.96999931335449,29.020000457763672,26.01238441467285,49600
29.420000076293945,30.920000076293945,29.34000015258789,30.43000030517578,27.27625274658203,73200
29.82999992370605,30.8799991607666,29.82999992370605,30.100000381469727,26.98045921325684,67400
30.450000762939453,30.690000534057617,29.989999771118164,30.46999931335449,27.312108993530277,58200
30.479999542236328,32.36000061035156,30.479999542236328,32.0,28.68354034423828,86500
31.520000457763672,31.520000457763672,30.190000534057617,30.399999618530277,27.24935913085937,81600
29.88999938964844,30.239999771118164,29.450000762939453,29.84000015258789,26.74740219116211,79100
30.18000030517578,31.38999938964844,29.59000015258789,30.399999618530277,27.24935913085937,51900
30.399999618530277,32.040000915527344,30.100000381469727,31.25,28.011268615722656,82200
28.0,31.61000061035156,28.0,30.25,27.11490631103516,62900
29.57999992370605,30.239999771118164,29.15999984741211,29.920000076293945,26.81910896301269,94000
29.299999237060547,30.170000076293945,29.09000015258789,29.729999542236328,26.648801803588867,64400
29.729999542236328,30.200000762939453,29.399999618530277,29.489999771118164,26.433677673339844,55100
29.01000022888184,29.440000534057617,28.57999992370605,29.13999938964844,26.119949340820312,53900
29.520000457763672,30.920000076293945,29.51000022888184,30.68000030517578,27.50034523010254,55100
31.040000915527344,31.38999938964844,29.709999084472656,30.8700008392334,27.670656204223636,41000
31.13999938964844,31.82999992370605,30.559999465942383,31.61000061035156,28.333959579467773,83200
31.559999465942383,31.68000030517578,30.540000915527344,31.020000457763672,27.80510711669922,52600
30.899999618530277,31.32999992370605,30.40999984741211,30.65999984741211,27.482419967651367,38500
30.90999984741211,31.690000534057617,30.68000030517578,30.940000534057617,27.733396530151367,41800
30.959999084472656,31.31999969482422,30.049999237060547,30.13999938964844,27.016307830810547,65800
29.86000061035156,30.239999771118164,29.440000534057617,30.21999931335449,27.08801651000977,64500
30.270000457763672,30.299999237060547,29.6200008392334,30.020000457763672,26.90874481201172,56300
30.020000457763672,30.739999771118164,29.290000915527344,30.25,27.315082550048828,71100
30.049999237060547,31.600000381469727,30.0,30.799999237060547,27.81172180175781,69000
31.18000030517578,31.6200008392334,30.65999984741211,31.299999237060547,28.26321029663086,65100
31.15999984741211,32.689998626708984,31.15999984741211,32.33000183105469,29.193279266357425,199400
32.290000915527344,32.9900016784668,31.86000061035156,32.43000030517578,29.28357696533203,92100
32.380001068115234,33.439998626708984,32.029998779296875,33.11000061035156,29.897607803344727,108800
33.099998474121094,35.310001373291016,32.93000030517578,35.29999923706055,31.8751163482666,80000
35.11000061035156,35.470001220703125,33.72999954223633,33.83000183105469,30.547746658325195,105000
34.09000015258789,34.81999969482422,33.40999984741211,34.20000076293945,30.8818473815918,57800
34.2599983215332,34.72999954223633,33.900001525878906,34.61000061035156,31.252073287963867,75300
34.9900016784668,35.529998779296875,34.400001525878906,35.31999969482422,31.8931827545166,62100
35.130001068115234,37.36000061035156,34.97999954223633,37.0,33.410186767578125,135100
36.70000076293945,36.9900016784668,36.04999923706055,36.04999923706055,32.55236053466797,87100
36.04999923706055,38.08000183105469,36.04999923706055,37.790000915527344,34.123538970947266,91000
37.77000045776367,40.04999923706055,37.130001068115234,39.77999877929688,35.92046356201172,120600
39.959999084472656,41.31999969482422,38.810001373291016,39.97999954223633,36.1010627746582,678400
40.0099983215332,40.2400016784668,36.290000915527344,37.880001068115234,34.20481491088867,112400
37.77000045776367,38.59000015258789,37.18999862670898,37.77999877929688,34.11450958251953,73000
37.47999954223633,37.81999969482422,36.34999847412109,36.380001068115234,32.85034942626953,132300
36.209999084472656,37.470001220703125,35.65999984741211,37.43000030517578,33.79846954345703,84500
37.900001525878906,37.900001525878906,36.31999969482422,36.93000030517578,33.346981048583984,59700
36.75,38.209999084472656,35.97999954223633,38.150001525878906,34.448612213134766,92100
38.47999954223633,38.880001068115234,37.93000030517578,38.18000030517578,34.4756965637207,52300
38.150001525878906,38.20000076293945,36.31999969482422,36.5,32.95869827270508,84400
35.779998779296875,36.75,35.619998931884766,36.619998931884766,33.06705474853516,54700
36.61000061035156,36.61000061035156,34.97999954223633,35.36000061035156,31.92929458618164,134800
34.90999984741211,35.349998474121094,34.400001525878906,34.900001525878906,31.513931274414062,134000
34.90999984741211,35.310001373291016,34.630001068115234,34.849998474121094,31.468780517578125,107300
34.59000015258789,35.209999084472656,33.95000076293945,34.560001373291016,31.206918716430664,184500
35.0099983215332,36.59999847412109,35.0099983215332,36.119998931884766,32.615562438964844,73000
36.40999984741211,37.470001220703125,36.40999984741211,36.59000015258789,33.03996658325195,61400
36.68000030517578,37.15999984741211,36.209999084472656,36.84000015258789,33.26572036743164,53000
37.18000030517578,38.18000030517578,37.18000030517578,37.58000183105469,33.93391799926758,99200
37.72999954223633,38.15999984741211,37.15999984741211,38.119998931884766,34.42152404785156,52800
37.93999862670898,39.04999923706055,37.45000076293945,38.79999923706055,35.035545349121094,72900
38.29999923706055,39.27999877929688,38.220001220703125,38.470001220703125,34.73756408691406,85900
38.84000015258789,40.400001525878906,38.34999847412109,39.59999847412109,35.75792694091797,59500
39.540000915527344,39.709999084472656,38.400001525878906,38.4900016784668,34.755619049072266,65700
38.709999084472656,39.04999923706055,37.9900016784668,38.59999847412109,34.85495376586914,75900
38.630001068115234,40.02000045776367,37.91999816894531,38.290000915527344,34.57502746582031,81900
37.88999938964844,38.0099983215332,36.47999954223633,36.9900016784668,33.401161193847656,74400
37.02000045776367,37.130001068115234,36.400001525878906,36.72999954223633,33.1663932800293,82300
36.86000061035156,37.959999084472656,36.0,37.880001068115234,34.20481491088867,163300
37.630001068115234,38.959999084472656,37.20000076293945,37.36000061035156,33.735252380371094,54300
37.40999984741211,38.90999984741211,37.2400016784668,37.52999877929688,33.888771057128906,59900
37.619998931884766,38.36000061035156,37.2400016784668,37.88999938964844,34.21384048461914,64400
37.54999923706055,38.310001373291016,36.15999984741211,36.790000915527344,33.22056198120117,101400
36.58000183105469,37.47999954223633,35.72999954223633,36.380001068115234,32.85034942626953,91400
36.560001373291016,36.90999984741211,35.209999084472656,35.349998474121094,31.92026901245117,133200
34.349998474121094,36.06999969482422,32.36000061035156,34.189998626708984,30.872821807861328,113200
33.849998474121094,33.849998474121094,29.979999542236328,30.01000022888184,27.09836769104004,165300
30.479999542236328,31.149999618530277,30.0,30.530000686645508,27.567920684814453,92000
30.51000022888184,31.059999465942383,29.8700008392334,30.299999237060547,27.3602352142334,66800
30.57999992370605,30.790000915527344,28.959999084472656,29.1200008392334,26.29471969604492,79600
28.86000061035156,29.989999771118164,28.32999992370605,28.82999992370605,26.03285789489746,93000
29.01000022888184,30.020000457763672,28.200000762939453,28.200000762939453,25.46398162841797,74800
28.239999771118164,29.0,27.399999618530277,27.940000534057617,25.22920799255371,118400
27.600000381469727,28.3799991607666,25.61000061035156,26.11000061035156,23.57675552368164,136700
26.25,26.700000762939453,25.530000686645508,26.18000030517578,23.63996315002441,89800
26.38999938964844,26.600000381469727,25.84000015258789,26.049999237060547,23.522581100463867,71900
26.309999465942383,28.049999237060547,26.1200008392334,27.649999618530277,24.967344284057617,97900
27.81999969482422,28.59000015258789,27.43000030517578,27.739999771118164,25.04861259460449,103400
28.040000915527344,30.229999542236328,27.59000015258789,29.209999084472656,26.37598419189453,136800
29.540000915527344,29.959999084472656,29.100000381469727,29.63999938964844,26.76426315307617,116100
29.51000022888184,29.56999969482422,28.530000686645508,28.739999771118164,26.145654678344727,75000
28.709999084472656,29.399999618530277,28.59000015258789,28.81999969482422,26.21842765808105,92900
28.670000076293945,29.209999084472656,27.790000915527344,29.01000022888184,26.39128303527832,77100
28.8700008392334,28.959999084472656,28.290000915527344,28.93000030517578,26.31850242614746,57500
29.13999938964844,30.549999237060547,29.13999938964844,30.479999542236328,27.72858428955078,100700
30.549999237060547,31.13999938964844,30.290000915527344,30.84000015258789,28.05608558654785,64200
30.75,32.380001068115234,30.34000015258789,31.299999237060547,28.474559783935547,92100
31.59000015258789,32.630001068115234,31.530000686645508,32.16999816894531,29.26602554321289,83400
31.96999931335449,31.96999931335449,30.13999938964844,30.790000915527344,28.01059913635254,62400
30.46999931335449,30.520000457763672,29.84000015258789,30.170000076293945,27.44656562805176,50900
30.0,30.690000534057617,29.3700008392334,29.57999992370605,26.90982818603516,52700
29.440000534057617,29.979999542236328,28.71999931335449,29.030000686645508,26.409473419189453,48400
29.239999771118164,30.850000381469727,29.239999771118164,29.82999992370605,27.13725852966309,73900
29.700000762939453,31.06999969482422,29.100000381469727,30.90999984741211,28.119768142700195,84800
31.01000022888184,32.13999938964844,30.940000534057617,31.280000686645508,28.45636749267578,265500
31.6200008392334,32.61000061035156,31.239999771118164,32.04999923706055,29.156862258911133,75000
31.979999542236328,31.979999542236328,30.979999542236328,31.540000915527344,28.692893981933597,47000
31.6299991607666,32.150001525878906,28.88999938964844,30.07999992370605,27.364694595336918,84100
30.450000762939453,31.11000061035156,30.200000762939453,30.75,27.97420883178711,70500
29.420000076293945,30.149999618530277,29.3700008392334,29.93000030517578,27.22823143005371,169900
29.75,30.5,29.059999465942383,29.15999984741211,26.52774429321289,117700
29.559999465942383,30.06999969482422,28.82999992370605,29.1299991607666,26.500444412231445,60600
29.6299991607666,30.36000061035156,29.530000686645508,30.18000030517578,27.455665588378903,49600
30.51000022888184,32.15999984741211,30.059999465942383,32.08000183105469,29.18415260314941,94200
32.25,34.380001068115234,32.189998626708984,33.41999816894531,30.40319061279297,103800
33.279998779296875,33.790000915527344,31.71999931335449,32.130001068115234,29.22964096069336,68300
31.68000030517578,32.61000061035156,31.40999984741211,32.41999816894531,29.493452072143555,98200
32.75,34.400001525878906,32.75,33.779998779296875,30.73069190979004,103000
34.18000030517578,36.77000045776367,34.18000030517578,36.220001220703125,32.950435638427734,107800
36.33000183105469,37.630001068115234,36.22999954223633,37.11000061035156,33.760093688964844,89300
37.34999847412109,38.560001373291016,37.150001525878906,38.11000061035156,34.669830322265625,62500
38.56999969482422,38.56999969482422,36.27999877929688,37.09000015258789,33.74190139770508,94800
37.18999862670898,38.7400016784668,36.63999938964844,38.43000030517578,34.9609489440918,71600
38.709999084472656,40.70000076293945,38.709999084472656,40.58000183105469,36.9168586730957,113600
40.34000015258789,40.34000015258789,38.40999984741211,38.95000076293945,35.43400192260742,71700
38.63999938964844,38.63999938964844,35.86000061035156,36.08000183105469,32.82307815551758,112100
35.880001068115234,36.79999923706055,35.119998931884766,36.54999923706055,33.250640869140625,75400
36.68999862670898,38.84000015258789,36.459999084472656,37.18999862670898,33.83286666870117,123700
36.93000030517578,37.86000061035156,36.380001068115234,36.90999984741211,33.578147888183594,37000
36.77999877929688,36.77999877929688,35.790000915527344,36.220001220703125,32.950435638427734,43100
36.15999984741211,39.459999084472656,36.09000015258789,38.93000030517578,35.41580581665039,164200
39.0,39.400001525878906,37.04999923706055,38.400001525878906,34.933650970458984,88600
38.52999877929688,38.66999816894531,38.04999923706055,38.34999847412109,34.888160705566406,36600
38.16999816894531,38.5,37.61000061035156,37.97999954223633,34.55155944824219,50600
38.09000015258789,38.09000015258789,36.93999862670898,37.5099983215332,34.123985290527344,53300
37.560001373291016,38.52999877929688,36.18999862670898,37.119998931884766,33.76918411254883,61000
36.9900016784668,38.369998931884766,36.959999084472656,38.2400016784668,34.788089752197266,52400
38.16999816894531,38.4900016784668,37.34999847412109,37.58000183105469,34.18767166137695,88300
38.9900016784668,43.06999969482422,38.5,40.77000045776367,37.0897102355957,252100
41.08000183105469,41.97999954223633,40.79999923706055,41.27000045776367,37.54457473754883,65200
41.33000183105469,41.33000183105469,38.040000915527344,38.36000061035156,34.89726257324219,102900
38.5099983215332,39.27000045776367,38.22999954223633,38.70000076293945,35.206573486328125,66600
38.66999816894531,39.47999954223633,37.900001525878906,39.34000015258789,35.788795471191406,93300
39.34999847412109,39.34999847412109,37.369998931884766,37.83000183105469,34.415096282958984,119600
38.04999923706055,40.58000183105469,38.04999923706055,39.88999938964844,36.28914642333984,83300
40.040000915527344,40.5,39.040000915527344,39.81999969482422,36.22546005249024,105200
39.5099983215332,39.84000015258789,38.970001220703125,39.34999847412109,35.797889709472656,58500
39.560001373291016,40.209999084472656,39.09000015258789,39.900001525878906,36.29824447631836,66400
39.7599983215332,39.7599983215332,38.09999847412109,38.59999847412109,35.1155891418457,80800
38.400001525878906,39.650001525878906,38.400001525878906,39.38999938964844,35.83427810668945,42800
39.77999877929688,40.0,39.09000015258789,39.45000076293945,35.88886260986328,39700
39.2400016784668,39.40999984741211,38.2599983215332,38.790000915527344,35.288448333740234,59800
38.63999938964844,39.68000030517578,38.63999938964844,39.40999984741211,35.85247802734375,55500
39.5,39.900001525878906,38.22999954223633,38.59000015258789,35.10649871826172,49900
38.08000183105469,39.540000915527344,37.02000045776367,39.369998931884766,35.81608963012695,74700
39.04999923706055,39.04999923706055,36.11000061035156,36.790000915527344,33.65705871582031,88200
36.459999084472656,37.29999923706055,35.97999954223633,36.88999938964844,33.748538970947266,64700
37.060001373291016,37.29999923706055,35.72999954223633,37.18999862670898,34.022987365722656,72500
37.2400016784668,37.540000915527344,36.0,37.36000061035156,34.17851257324219,59500
37.63999938964844,38.9900016784668,37.290000915527344,38.79999923706055,35.49589157104492,78500
38.59000015258789,38.59000015258789,37.150001525878906,38.43000030517578,35.157405853271484,80400
38.2400016784668,38.45000076293945,37.04999923706055,37.09999847412109,33.94065856933594,45200
36.66999816894531,36.66999816894531,34.4900016784668,35.47999954223633,32.4586181640625,100500
35.130001068115234,36.459999084472656,35.130001068115234,36.13999938964844,33.06240463256836,81000
35.52000045776367,35.83000183105469,33.77000045776367,34.779998779296875,31.818220138549805,171100
34.939998626708984,35.560001373291016,33.810001373291016,34.2400016784668,31.32421112060547,94400
34.13999938964844,34.560001373291016,33.34000015258789,34.130001068115234,31.223575592041016,83600
34.310001373291016,35.45000076293945,33.540000915527344,33.95000076293945,31.05890655517578,650000
34.25,35.59000015258789,34.25,35.47999954223633,32.4586181640625,87000
35.560001373291016,35.849998474121094,35.15999984741211,35.529998779296875,32.50434875488281,108600
35.75,36.68999862670898,35.11000061035156,36.619998931884766,33.50152969360352,98800
36.88999938964844,38.0,36.88999938964844,37.63999938964844,34.434669494628906,72100
37.209999084472656,37.81999969482422,37.20000076293945,37.34999847412109,34.169368743896484,66300
37.11000061035156,37.5099983215332,36.54999923706055,36.59000015258789,33.47409439086914,47600
36.38999938964844,36.77999877929688,35.720001220703125,36.68000030517578,33.556434631347656,48700
36.560001373291016,38.310001373291016,36.560001373291016,37.9900016784668,34.75486755371094,61300
37.900001525878906,38.29999923706055,36.900001525878906,36.93999862670898,33.794281005859375,48700
37.119998931884766,37.459999084472656,36.18999862670898,37.11000061035156,33.94981002807617,74300
36.77999877929688,37.81999969482422,36.47999954223633,37.400001525878906,34.21511459350586,67500
37.20000076293945,37.29999923706055,35.869998931884766,35.939998626708984,32.879432678222656,56900
36.58000183105469,36.869998931884766,35.81999969482422,36.630001068115234,33.510677337646484,64200
36.369998931884766,37.13999938964844,36.369998931884766,36.93000030517578,33.785133361816406,45500
37.2599983215332,37.290000915527344,36.02000045776367,36.15999984741211,33.08070373535156,61200
36.66999816894531,36.810001373291016,36.09000015258789,36.119998931884766,33.04411315917969,66500
36.040000915527344,36.119998931884766,34.810001373291016,35.349998474121094,32.33967971801758,78700
35.4900016784668,36.34999847412109,35.029998779296875,35.779998779296875,32.733062744140625,39300
35.189998626708984,35.189998626708984,34.099998474121094,34.27000045776367,31.35165786743164,39000
34.630001068115234,35.310001373291016,34.18000030517578,34.369998931884766,31.44313240051269,36300
34.630001068115234,35.91999816894531,34.630001068115234,35.2400016784668,32.23905563354492,48900
35.91999816894531,35.91999816894531,35.0,35.400001525878906,32.38542175292969,70900
35.58000183105469,36.59999847412109,35.29999923706055,36.40999984741211,33.309417724609375,36800
36.09000015258789,36.58000183105469,35.02000045776367,36.29999923706055,33.20878601074219,32100
35.72999954223633,36.290000915527344,34.619998931884766,35.56999969482422,32.54095458984375,33500
36.09000015258789,36.09000015258789,34.93000030517578,35.040000915527344,32.05608367919922,72000
35.0099983215332,35.08000183105469,32.599998474121094,33.459999084472656,30.61063003540039,49200
33.41999816894531,33.43000030517578,32.689998626708984,32.75,29.96109390258789,43800
32.939998626708984,32.939998626708984,32.0,32.709999084472656,29.92449951171875,208900
32.56999969482422,32.91999816894531,31.920000076293945,31.940000534057617,29.22007369995117,72700
32.04999923706055,32.400001525878906,31.540000915527344,32.16999816894531,29.430482864379883,93800
32.20000076293945,32.7400016784668,31.15999984741211,31.200000762939453,28.543088912963867,67200
31.3799991607666,32.0099983215332,31.040000915527344,31.13999938964844,28.488195419311523,71200
31.049999237060547,32.0099983215332,31.020000457763672,31.93000030517578,29.210920333862305,36800
31.8799991607666,33.029998779296875,31.780000686645508,32.5099983215332,29.74152946472168,124100
33.209999084472656,33.77000045776367,32.540000915527344,33.0,30.18980407714844,73600
33.0,33.70000076293945,32.849998474121094,33.119998931884766,30.299583435058597,57900
33.41999816894531,36.970001220703125,33.0,36.86000061035156,33.72109603881836,57800
37.63999938964844,39.91999816894531,37.04999923706055,39.63999938964844,36.26436233520508,80800
39.66999816894531,41.84999847412109,39.060001373291016,41.68999862670898,38.139793395996094,117900
42.43000030517578,43.0099983215332,41.25,42.650001525878906,39.01803588867188,111300
42.209999084472656,43.220001220703125,38.560001373291016,43.130001068115234,39.45716094970703,107700
40.02000045776367,40.95000076293945,37.52999877929688,37.84000015258789,34.61764144897461,159500
37.77000045776367,39.209999084472656,36.720001220703125,36.880001068115234,33.739402770996094,103000
35.77000045776367,41.20000076293945,35.77000045776367,40.43000030517578,36.98708724975586,174000
40.970001220703125,41.560001373291016,37.5099983215332,40.86000061035156,37.38046646118164,70200
41.630001068115234,44.77000045776367,40.66999816894531,44.540000915527344,40.7470817565918,129600
43.81999969482422,45.709999084472656,41.15999984741211,45.47999954223633,41.6070442199707,74100
45.5,45.5,41.150001525878906,44.2400016784668,40.47263717651367,33900
44.150001525878906,45.91999816894531,43.459999084472656,43.93000030517578,40.18904113769531,66700
43.25,44.459999084472656,42.040000915527344,43.56999969482422,40.06031036376953,67000
44.31999969482422,44.61000061035156,42.040000915527344,43.56999969482422,40.06031036376953,65400
43.7400016784668,44.88999938964844,42.56999969482422,43.27000045776367,39.78447723388672,87200
43.27000045776367,45.09000015258789,43.119998931884766,44.75,41.14525985717773,97200
44.790000915527344,45.93000030517578,44.68000030517578,45.470001220703125,41.80725860595703,100500
45.310001373291016,46.209999084472656,43.93999862670898,45.810001373291016,42.11986923217773,77600
46.45000076293945,48.369998931884766,46.16999816894531,46.88999938964844,43.11287307739258,135700
47.02999877929688,47.5,46.130001068115234,47.2599983215332,43.453067779541016,85100
47.59000015258789,47.59000015258789,45.880001068115234,46.790000915527344,43.02093505859375,87100
46.84000015258789,47.4900016784668,45.209999084472656,45.4900016784668,41.82564926147461,82300
45.709999084472656,46.38999938964844,44.400001525878906,44.75,41.14525985717773,61800
44.79999923706055,45.5099983215332,43.970001220703125,44.09999847412109,40.5476188659668,75400
44.0,45.84000015258789,43.400001525878906,45.40999984741211,41.75209426879883,82600
45.27999877929688,45.93000030517578,44.18999862670898,44.5099983215332,40.92459487915039,383800
44.33000183105469,45.97999954223633,43.29999923706055,43.95000076293945,40.40970993041992,68100
43.880001068115234,45.72999954223633,43.880001068115234,45.66999816894531,41.99115753173828,59500
45.81999969482422,46.15999984741211,44.77000045776367,45.34000015258789,41.68772888183594,58500
45.25,45.93999862670898,44.09000015258789,44.459999084472656,40.87862396240234,76500
44.720001220703125,44.880001068115234,44.119998931884766,44.65999984741211,41.0625114440918,26700
45.09999847412109,45.880001068115234,44.560001373291016,45.18000030517578,41.540618896484375,31100
45.459999084472656,45.95000076293945,43.9900016784668,44.150001525878906,40.59358978271485,34400
44.15999984741211,44.380001068115234,43.27000045776367,43.880001068115234,40.3453369140625,29800
44.25,44.25,42.84999847412109,42.9900016784668,39.52703475952149,36000
43.68000030517578,44.09000015258789,42.630001068115234,43.41999816894531,39.92238998413086,65700
43.79999923706055,45.150001525878906,43.380001068115234,44.900001525878906,41.28317642211914,104700
44.79999923706055,44.88999938964844,43.18000030517578,43.56999969482422,40.06031036376953,43400
44.02000045776367,44.02000045776367,42.560001373291016,42.650001525878906,39.21442031860352,51800
42.95000076293945,43.34999847412109,41.66999816894531,41.79999923706055,38.43288803100586,45700
42.130001068115234,43.880001068115234,42.130001068115234,43.5,39.99595260620117,68600
43.5,44.20000076293945,42.59999847412109,43.88999938964844,40.354530334472656,51900
44.09999847412109,44.09999847412109,41.84000015258789,42.459999084472656,39.03971481323242,39900
42.709999084472656,43.0,41.81999969482422,42.16999816894531,38.7730827331543,32900
42.15999984741211,42.40999984741211,41.59000015258789,42.27000045776367,38.865028381347656,46000
42.41999816894531,42.41999816894531,41.27000045776367,41.720001220703125,38.35934066772461,99700
41.70000076293945,41.70000076293945,40.31999969482422,40.540000915527344,37.27438735961914,74500
40.77999877929688,40.77999877929688,39.970001220703125,40.09999847412109,36.86982345581055,117800
40.0,40.63999938964844,40.0,40.4900016784668,37.22841262817383,89900
40.56999969482422,42.9900016784668,40.56999969482422,42.459999084472656,39.03971481323242,131400
42.68000030517578,42.68000030517578,41.70000076293945,42.5,39.07649612426758,86700
42.209999084472656,42.900001525878906,41.25,42.06999969482422,38.68113708496094,125200
42.33000183105469,42.56999969482422,41.63999938964844,42.150001525878906,38.75469970703125,30800
41.900001525878906,41.900001525878906,40.34999847412109,41.13999938964844,37.8260498046875,44600
41.34999847412109,41.34999847412109,40.41999816894531,41.11000061035156,37.79846954345703,73700
41.2599983215332,42.41999816894531,40.34999847412109,40.869998931884766,37.57780075073242,49400
40.86000061035156,42.25,40.54999923706055,41.970001220703125,38.58919906616211,68600
40.25,41.66999816894531,39.150001525878906,41.33000183105469,38.00075149536133,122900
41.0099983215332,41.79999923706055,40.5,41.16999816894531,37.853641510009766,74700
41.25,41.93000030517578,41.0099983215332,41.18000030517578,37.86283493041992,59300
41.0,41.54999923706055,39.900001525878906,40.59999847412109,37.32954406738281,70900
40.650001525878906,42.119998931884766,40.650001525878906,41.68999862670898,38.33175659179688,77400
42.08000183105469,42.41999816894531,41.70000076293945,42.11000061035156,38.717918395996094,55700
42.5099983215332,43.95000076293945,42.5099983215332,43.290000915527344,39.8028678894043,53200
43.18999862670898,43.18999862670898,41.22999954223633,41.7599983215332,38.3961067199707,80700
41.400001525878906,42.04999923706055,41.02000045776367,41.65999984741211,38.30416488647461,54600
41.56999969482422,41.900001525878906,41.18999862670898,41.66999816894531,38.3133659362793,40900
41.59999847412109,42.02999877929688,41.59999847412109,41.83000183105469,38.4604721069336,42700
42.0,42.959999084472656,41.459999084472656,42.119998931884766,38.72711181640625,35300
42.119998931884766,42.119998931884766,40.45000076293945,41.02999877929688,37.724910736083984,48000
41.11000061035156,41.11000061035156,38.470001220703125,39.33000183105469,36.1618537902832,52200
38.959999084472656,39.72999954223633,38.47999954223633,39.63999938964844,36.4468879699707,52300
39.400001525878906,40.810001373291016,39.400001525878906,39.97999954223633,36.96464920043945,47000
39.93999862670898,40.77999877929688,38.619998931884766,39.060001373291016,36.11404800415039,55100
39.66999816894531,41.29999923706055,39.56999969482422,40.720001220703125,37.64883804321289,87000
39.75,40.97999954223633,38.720001220703125,38.83000183105469,35.90138626098633,57300
39.02999877929688,39.59999847412109,38.380001068115234,39.15999984741211,36.20649337768555,39700
38.63999938964844,39.720001220703125,37.97999954223633,38.11000061035156,35.235687255859375,34800
38.060001373291016,38.459999084472656,37.7599983215332,37.90999984741211,35.050777435302734,55200
38.09000015258789,38.09000015258789,37.560001373291016,37.68999862670898,34.84735870361328,36100
37.66999816894531,37.66999816894531,35.97999954223633,36.15999984741211,33.43275833129883,57200
36.63999938964844,36.84999847412109,36.150001525878906,36.630001068115234,33.8673095703125,59000
36.70000076293945,37.90999984741211,36.70000076293945,37.08000183105469,34.28337097167969,34600
36.34999847412109,37.34999847412109,36.34999847412109,37.15999984741211,34.35733795166016,32700
37.630001068115234,38.66999816894531,37.150001525878906,38.470001220703125,35.56853485107422,47700
38.65999984741211,38.9900016784668,37.93000030517578,38.0,35.13398361206055,43700
37.880001068115234,39.29999923706055,37.880001068115234,38.630001068115234,35.71647262573242,213600
38.77000045776367,38.77000045776367,37.54999923706055,38.08000183105469,35.20795440673828,30400
37.61000061035156,37.97999954223633,34.61000061035156,34.779998779296875,32.15684509277344,95200
34.790000915527344,35.29999923706055,33.81999969482422,34.540000915527344,31.93494415283203,68300
34.77000045776367,35.810001373291016,34.70000076293945,35.779998779296875,33.0814208984375,61200
35.959999084472656,36.68000030517578,35.75,36.0099983215332,33.294071197509766,94000
35.220001220703125,36.27999877929688,34.939998626708984,36.02000045776367,33.30331802368164,43900
35.790000915527344,37.36000061035156,34.65999984741211,36.970001220703125,34.181663513183594,83200
36.77000045776367,37.470001220703125,36.369998931884766,36.95000076293945,34.16318130493164,62000
37.04999923706055,38.08000183105469,36.65999984741211,37.40999984741211,34.588478088378906,65700
37.650001525878906,39.02999877929688,37.25,38.119998931884766,35.24493408203125,139700
38.20000076293945,38.93000030517578,36.68999862670898,37.27000045776367,34.459041595458984,90100
37.25,37.93999862670898,37.20000076293945,37.630001068115234,34.79188919067383,78500
37.97999954223633,39.02999877929688,36.95000076293945,37.060001373291016,34.2648811340332,142500
37.11000061035156,37.65999984741211,36.95000076293945,37.36000061035156,34.54225540161133,48300
37.18999862670898,38.34999847412109,37.0,37.81999969482422,34.967552185058594,49300
37.77999877929688,38.11000061035156,37.08000183105469,37.2400016784668,34.43130874633789,56600
37.27000045776367,39.0099983215332,36.95000076293945,38.75,35.827415466308594,78900
38.4900016784668,38.4900016784668,37.5,37.59999847412109,34.76414489746094,90400
37.5099983215332,37.54999923706055,36.95000076293945,37.0,34.20940017700195,73500
37.16999816894531,38.09999847412109,36.43000030517578,37.06999969482422,34.27412796020508,89400
36.66999816894531,37.33000183105469,36.66999816894531,37.0,34.20940017700195,123000
36.900001525878906,38.13999938964844,36.75,37.0,34.20940017700195,194700
37.33000183105469,37.959999084472656,37.2599983215332,37.45000076293945,34.62546920776367,103200
37.380001068115234,38.70000076293945,36.86000061035156,38.43000030517578,35.531551361083984,196000
39.43999862670898,40.4900016784668,38.650001525878906,39.93999862670898,36.92766189575195,75000
40.41999816894531,41.68999862670898,40.41999816894531,41.470001220703125,38.3422737121582,83600
41.119998931884766,43.040000915527344,40.97999954223633,42.970001220703125,39.72914123535156,129000
42.970001220703125,43.06999969482422,41.630001068115234,42.16999816894531,38.98946380615234,69200
42.41999816894531,42.959999084472656,42.02999877929688,42.290000915527344,39.10042953491211,58000
42.5,42.560001373291016,41.43000030517578,42.08000183105469,38.90625762939453,49600
42.18000030517578,42.7400016784668,41.43999862670898,41.709999084472656,38.56416702270508,57300
41.220001220703125,41.220001220703125,39.47999954223633,39.88999938964844,36.88143539428711,76000
39.7400016784668,40.43999862670898,39.20000076293945,40.06999969482422,37.0478630065918,68300
38.86000061035156,40.45000076293945,38.77999877929688,39.630001068115234,36.64104461669922,163500
39.29999923706055,40.02999877929688,38.91999816894531,39.119998931884766,36.16950607299805,137100
39.18999862670898,39.18999862670898,37.5099983215332,37.720001220703125,34.87510299682617,89400
37.720001220703125,37.84000015258789,36.45000076293945,37.11000061035156,34.31111145019531,159900
37.0,37.25,35.779998779296875,36.220001220703125,33.48822784423828,100800
36.25,36.400001525878906,35.0099983215332,35.68000030517578,32.988956451416016,111300
38.20000076293945,42.5099983215332,37.15999984741211,39.84999847412109,36.84445571899414,341600
39.95000076293945,40.18000030517578,38.5,38.630001068115234,35.71647262573242,106400
37.77999877929688,37.95000076293945,36.72999954223633,37.06999969482422,34.27412796020508,107100
36.7400016784668,36.97999954223633,36.02999877929688,36.2599983215332,33.52521133422852,96400
36.84000015258789,37.09000015258789,36.15999984741211,36.31999969482422,33.580692291259766,89000
36.79999923706055,37.09999847412109,36.040000915527344,37.06999969482422,34.27412796020508,47700
37.150001525878906,37.959999084472656,36.5,37.619998931884766,34.78264236450195,77300
37.650001525878906,38.29999923706055,36.43000030517578,36.869998931884766,34.089210510253906,72700
37.06999969482422,37.369998931884766,35.9900016784668,36.15999984741211,33.43275833129883,50500
35.9900016784668,36.52999877929688,35.599998474121094,36.2400016784668,33.5067253112793,66200
35.72999954223633,36.380001068115234,35.540000915527344,36.25,33.72067642211914,43600
36.31999969482422,36.31999969482422,34.970001220703125,35.79999923706055,33.30207443237305,58500
36.02000045776367,36.63999938964844,35.97999954223633,36.619998931884766,34.06485748291016,49100
36.540000915527344,37.58000183105469,36.45000076293945,36.650001525878906,34.09276580810547,48000
36.619998931884766,37.540000915527344,35.97999954223633,37.04999923706055,34.4648551940918,52400
36.77000045776367,37.33000183105469,35.97999954223633,37.13999938964844,34.548580169677734,43000
37.20000076293945,37.41999816894531,36.31999969482422,36.619998931884766,34.06485748291016,47200
36.52999877929688,38.63999938964844,36.52999877929688,37.709999084472656,35.078800201416016,77200
37.9900016784668,39.52000045776367,37.29999923706055,38.90999984741211,36.19507598876953,91000
38.880001068115234,39.970001220703125,37.56999969482422,38.06999969482422,35.4136848449707,85900
38.2599983215332,39.16999816894531,36.880001068115234,37.06999969482422,34.48345947265625,101500
37.13999938964844,37.34000015258789,36.09999847412109,36.83000183105469,34.26021194458008,87200
36.09999847412109,36.72999954223633,35.40999984741211,36.13999938964844,33.61835479736328,63900
35.709999084472656,36.0,34.9900016784668,35.470001220703125,32.99509811401367,173600
35.65999984741211,36.27000045776367,35.43000030517578,35.7400016784668,33.24626159667969,92100
35.529998779296875,36.0,34.90999984741211,35.16999816894531,32.716033935546875,34600
35.220001220703125,35.66999816894531,34.68000030517578,34.900001525878906,32.464874267578125,47400
35.029998779296875,37.470001220703125,34.65999984741211,35.459999084472656,32.98579788208008,49800
35.7599983215332,36.09000015258789,35.43000030517578,35.900001525878906,33.39509963989258,64400
35.70000076293945,35.970001220703125,35.15999984741211,35.779998779296875,33.283470153808594,28700
35.77000045776367,36.5099983215332,35.04999923706055,35.66999816894531,33.181148529052734,48100
35.900001525878906,37.209999084472656,35.47999954223633,36.459999084472656,33.91602325439453,96500
36.459999084472656,36.84999847412109,35.84000015258789,36.7400016784668,34.17648696899414,74900
37.02000045776367,37.02000045776367,36.09999847412109,36.310001373291016,33.776485443115234,69100
36.31999969482422,36.810001373291016,35.38999938964844,36.209999084472656,33.68346405029297,79300
36.18000030517578,36.5099983215332,35.56999969482422,36.18000030517578,33.65556716918945,69300
35.77000045776367,36.97999954223633,35.47999954223633,36.29999923706055,33.76718521118164,60400
36.08000183105469,36.220001220703125,35.380001068115234,36.11000061035156,33.59043884277344,34200
36.11000061035156,36.810001373291016,35.790000915527344,35.97999954223633,33.46950912475586,40000
35.459999084472656,35.97999954223633,35.220001220703125,35.59000015258789,33.106727600097656,81900
35.900001525878906,36.63999938964844,35.66999816894531,36.09999847412109,33.58113479614258,41000
35.900001525878906,36.369998931884766,34.91999816894531,36.09999847412109,33.58113479614258,66500
35.97999954223633,36.58000183105469,35.4900016784668,35.630001068115234,33.14393615722656,35000
35.619998931884766,35.95000076293945,35.369998931884766,35.61000061035156,33.12533187866211,52500
35.560001373291016,35.560001373291016,33.79999923706055,34.040000915527344,31.66488075256348,102300
34.04999923706055,35.15999984741211,34.04999923706055,35.029998779296875,32.5858039855957,61300
34.84000015258789,35.58000183105469,34.54999923706055,35.189998626708984,32.734642028808594,52100
34.79999923706055,34.79999923706055,29.920000076293945,30.46999931335449,28.343969345092773,385500
30.75,31.399999618530277,30.32999992370605,30.700000762939453,28.557924270629883,162000
30.950000762939453,32.029998779296875,30.63999938964844,31.100000381469727,28.930015563964844,98400
31.200000762939453,31.65999984741211,30.420000076293945,30.739999771118164,28.595134735107425,83200
30.950000762939453,31.18000030517578,30.350000381469727,31.0,28.83698844909668,96700
30.959999084472656,30.959999084472656,30.040000915527344,30.690000534057617,28.548622131347656,101900
30.989999771118164,31.86000061035156,30.90999984741211,31.280000686645508,29.097457885742188,67600
31.68000030517578,31.68000030517578,30.559999465942383,30.63999938964844,28.50210952758789,81300
30.57999992370605,31.700000762939453,30.270000457763672,30.670000076293945,28.53001976013184,57700
30.61000061035156,30.959999084472656,30.459999084472656,30.61000061035156,28.47420692443848,51500
30.450000762939453,32.810001373291016,30.059999465942383,32.16999816894531,29.92535400390625,101500
32.16999816894531,32.470001220703125,31.34000015258789,31.649999618530277,29.441638946533203,149300
31.40999984741211,31.86000061035156,30.209999084472656,30.6200008392334,28.48350715637207,94900
30.559999465942383,30.559999465942383,29.75,30.1200008392334,28.01839256286621,80200
30.09000015258789,30.280000686645508,29.8700008392334,29.8700008392334,27.78583526611328,63300
29.940000534057617,29.940000534057617,29.200000762939453,29.71999931335449,27.646303176879883,109200
30.020000457763672,30.239999771118164,29.670000076293945,29.780000686645508,27.702117919921875,78900
29.770000457763672,29.770000457763672,28.96999931335449,29.6299991607666,27.562580108642575,109400
29.850000381469727,30.6200008392334,29.850000381469727,30.309999465942383,28.19513511657715,43900
30.299999237060547,30.350000381469727,29.57999992370605,29.600000381469727,27.53467559814453,61600
29.450000762939453,30.13999938964844,29.309999465942383,29.76000022888184,27.683513641357425,85100
29.790000915527344,30.71999931335449,29.6299991607666,29.86000061035156,27.776535034179688,63700
29.8799991607666,30.299999237060547,29.8799991607666,30.100000381469727,27.999792098999023,96900
30.01000022888184,30.979999542236328,29.899999618530277,30.6299991607666,28.492807388305664,81200
30.71999931335449,31.239999771118164,30.31999969482422,30.709999084472656,28.56722640991211,112300
30.799999237060547,31.149999618530277,30.020000457763672,30.690000534057617,28.548622131347656,81700
31.07999992370605,31.07999992370605,30.309999465942383,30.729999542236328,28.58582878112793,92700
30.61000061035156,31.030000686645508,30.13999938964844,30.690000534057617,28.548622131347656,84600
30.57999992370605,30.809999465942383,30.38999938964844,30.61000061035156,28.67979431152344,48000
30.88999938964844,30.899999618530277,30.420000076293945,30.549999237060547,28.62357711791992,73900
30.809999465942383,31.25,30.540000915527344,31.239999771118164,29.270065307617188,52400
31.200000762939453,32.0,30.309999465942383,30.920000076293945,28.970245361328125,53400
30.959999084472656,31.780000686645508,30.71999931335449,31.3799991607666,29.40123748779297,96400
31.3799991607666,31.950000762939453,31.149999618530277,31.649999618530277,29.65421295166016,92100
31.6200008392334,32.11000061035156,31.059999465942383,32.029998779296875,30.01025009155273,128200
32.0099983215332,32.0099983215332,30.030000686645508,30.059999465942383,28.16447257995605,186100
30.06999969482422,30.8799991607666,29.81999969482422,30.690000534057617,28.754749298095703,65900
30.489999771118164,31.25,30.25,30.950000762939453,28.998353958129883,61100
30.81999969482422,31.209999084472656,30.5,30.979999542236328,29.026464462280277,84700
31.030000686645508,32.91999816894531,30.59000015258789,32.650001525878906,30.59115982055664,244900
32.650001525878906,33.08000183105469,32.40999984741211,32.61000061035156,30.55367660522461,63000
32.61000061035156,32.68000030517578,31.739999771118164,32.63999938964844,30.581787109375,75300
33.04999923706055,33.540000915527344,32.91999816894531,33.04999923706055,30.965930938720703,42600
32.369998931884766,32.93000030517578,32.369998931884766,32.709999084472656,30.647371292114254,72000
32.45000076293945,33.15999984741211,32.279998779296875,33.06999969482422,30.98467063903809,74100
33.08000183105469,34.459999084472656,33.060001373291016,34.43000030517578,32.2589111328125,100700
34.400001525878906,35.040000915527344,34.220001220703125,34.630001068115234,32.4463005065918,86900
34.79999923706055,36.040000915527344,34.529998779296875,35.45000076293945,33.2145881652832,110000
35.5099983215332,35.9900016784668,35.16999816894531,35.290000915527344,33.06468963623047,155600
35.400001525878906,36.150001525878906,35.20000076293945,35.90999984741211,33.645591735839844,71700
35.91999816894531,36.77999877929688,35.56999969482422,36.77000045776367,34.451358795166016,70400
37.06999969482422,37.790000915527344,36.84999847412109,37.75,35.36955642700195,91900
37.81999969482422,38.25,37.0,37.619998931884766,35.24775314331055,85700
37.880001068115234,38.880001068115234,37.880001068115234,38.459999084472656,36.034786224365234,92700
37.5,38.31999969482422,37.45000076293945,38.060001373291016,35.66001892089844,55400
37.91999816894531,37.91999816894531,36.75,37.34000015258789,34.985408782958984,50800
37.7599983215332,37.880001068115234,36.93000030517578,37.380001068115234,35.022891998291016,56100
37.400001525878906,37.72999954223633,37.02000045776367,37.22999954223633,34.882347106933594,94900
37.25,37.54999923706055,37.0099983215332,37.15999984741211,34.8167610168457,81600
37.470001220703125,37.810001373291016,37.220001220703125,37.34000015258789,34.985408782958984,68200
37.29999923706055,37.83000183105469,36.95000076293945,37.06999969482422,34.73244094848633,63800
36.880001068115234,37.18999862670898,36.400001525878906,36.4900016784668,34.18901443481445,36000
36.4900016784668,36.77999877929688,36.18000030517578,36.4900016784668,34.18901443481445,33200
36.25,36.75,35.849998474121094,36.38999938964844,34.09531784057617,50000
36.77000045776367,37.0,36.220001220703125,36.79999923706055,34.479461669921875,46200
36.72999954223633,36.900001525878906,36.27000045776367,36.459999084472656,34.1609001159668,49600
36.470001220703125,37.65999984741211,36.09999847412109,37.18999862670898,34.844871520996094,77300
37.18000030517578,37.18000030517578,36.34999847412109,36.900001525878906,34.57316207885742,43100
37.119998931884766,37.119998931884766,36.09000015258789,36.2599983215332,33.9735107421875,35500
36.2599983215332,36.65999984741211,35.54999923706055,35.97999954223633,33.7111701965332,56100
35.75,36.209999084472656,34.810001373291016,35.25,33.027198791503906,63900
35.2400016784668,36.09999847412109,34.849998474121094,35.68000030517578,33.43009185791016,61500
36.0,36.84999847412109,34.91999816894531,35.119998931884766,32.9053955078125,59700
35.25,36.34000015258789,35.25,35.79999923706055,33.54252624511719,28200
35.650001525878906,35.86000061035156,34.77000045776367,34.869998931884766,32.671165466308594,42700
35.02000045776367,35.630001068115234,34.779998779296875,34.79999923706055,32.60558319091797,33200
34.689998626708984,35.16999816894531,33.720001220703125,34.2599983215332,32.099632263183594,30700
34.04999923706055,34.04999923706055,33.27000045776367,33.349998474121094,31.247011184692383,107100
33.150001525878906,33.849998474121094,33.06999969482422,33.77000045776367,31.640531539916992,40400
33.7599983215332,34.189998626708984,33.189998626708984,33.290000915527344,31.190797805786133,25800
33.15999984741211,33.41999816894531,32.47999954223633,32.66999816894531,30.609888076782227,58600
32.040000915527344,32.86000061035156,31.959999084472656,32.58000183105469,30.525569915771484,94300
32.15999984741211,32.61000061035156,31.979999542236328,32.16999816894531,30.14142417907715,53800
32.189998626708984,33.13999938964844,31.71999931335449,32.310001373291016,30.272594451904297,169700
30.600000381469727,32.709999084472656,30.5,32.369998931884766,30.328813552856445,189400
32.459999084472656,32.599998474121094,31.51000022888184,31.76000022888184,29.75727653503418,127200
31.84000015258789,33.63999938964844,31.84000015258789,32.13999938964844,30.113317489624023,92400
32.130001068115234,33.220001220703125,31.90999984741211,32.5099983215332,30.45997810363769,56100
32.84000015258789,33.16999816894531,32.060001373291016,32.22999954223633,30.197641372680664,22400
32.2400016784668,32.33000183105469,31.57999992370605,31.809999465942383,29.804122924804688,50100
32.0,32.0099983215332,31.270000457763672,31.459999084472656,29.476192474365234,89700
31.46999931335449,32.060001373291016,31.280000686645508,31.739999771118164,29.7385368347168,82600
31.739999771118164,32.099998474121094,31.200000762939453,32.040000915527344,30.229148864746094,71600
32.09000015258789,32.54999923706055,31.09000015258789,31.670000076293945,29.88005828857422,76800
31.959999084472656,32.75,31.690000534057617,32.290000915527344,30.46501922607422,84900
32.29999923706055,32.689998626708984,31.61000061035156,31.75,29.95553970336914,73700
31.739999771118164,32.20000076293945,31.229999542236328,31.40999984741211,29.63475608825684,71100
31.36000061035156,31.559999465942383,30.86000061035156,31.239999771118164,29.474363327026367,71500
31.32999992370605,31.84000015258789,30.770000457763672,30.93000030517578,29.181886672973636,106700
31.0,31.729999542236328,31.0,31.280000686645508,29.512104034423828,96100
31.32999992370605,31.979999542236328,31.280000686645508,31.459999084472656,29.68192481994629,104800
31.51000022888184,32.25,31.229999542236328,31.940000534057617,30.134801864624023,127700
31.8700008392334,32.29999923706055,31.239999771118164,31.3700008392334,29.59701538085937,158300
31.3700008392334,31.770000457763672,30.809999465942383,31.5,29.719669342041016,316900
31.5,32.040000915527344,31.5,31.959999084472656,30.15366744995117,140000
32.22999954223633,33.75,32.02000045776367,32.88999938964844,31.03110885620117,152700
33.0,33.75,32.9900016784668,33.43000030517578,31.54058837890625,62400
33.43000030517578,34.13999938964844,33.290000915527344,33.290000915527344,31.40850257873535,65300
33.279998779296875,33.279998779296875,32.709999084472656,32.77000045776367,30.917892456054688,49900
32.7599983215332,33.040000915527344,32.66999816894531,32.7400016784668,30.88958740234375,106600
32.75,33.02000045776367,32.220001220703125,32.38999938964844,30.55936813354492,152500
32.40999984741211,32.970001220703125,31.11000061035156,32.5,30.663148880004883,119300
32.61000061035156,32.97999954223633,32.040000915527344,32.04999923706055,30.238582611083984,42800
32.08000183105469,33.189998626708984,32.060001373291016,32.880001068115234,31.021671295166016,64200
32.869998931884766,33.13999938964844,32.279998779296875,33.0099983215332,31.14431953430176,115400
33.04999923706055,34.400001525878906,32.779998779296875,34.13999938964844,32.2104606628418,109300
34.15999984741211,34.15999984741211,33.900001525878906,34.09000015258789,32.16328430175781,78200
34.2400016784668,35.43000030517578,34.119998931884766,34.93000030517578,32.955814361572266,88800
34.88999938964844,35.060001373291016,34.459999084472656,34.5,32.55011367797852,106500
34.5,35.08000183105469,34.5,34.68000030517578,32.719940185546875,77000
34.790000915527344,36.15999984741211,34.650001525878906,36.060001373291016,34.021949768066406,49900
36.15999984741211,36.18000030517578,35.18000030517578,35.38999938964844,33.38981628417969,87400
35.5,36.54999923706055,34.97999954223633,35.060001373291016,33.078468322753906,81600
35.20000076293945,35.47999954223633,34.83000183105469,35.0,33.0218505859375,63500
34.93000030517578,35.11000061035156,34.529998779296875,34.56999969482422,32.61615753173828,51300
34.560001373291016,35.380001068115234,34.5,34.97999954223633,33.00298309326172,44000
34.900001525878906,36.08000183105469,34.540000915527344,35.09000015258789,33.106773376464844,61100
35.2599983215332,37.09000015258789,35.16999816894531,37.02000045776367,34.92768859863281,123300
37.36000061035156,38.04999923706055,34.77000045776367,36.720001220703125,34.64464569091797,82300
37.130001068115234,37.43999862670898,36.58000183105469,37.209999084472656,35.10694885253906,190700
37.43000030517578,37.68000030517578,37.130001068115234,37.2400016784668,35.135257720947266,79000
37.2400016784668,37.27999877929688,36.29999923706055,36.70000076293945,34.625770568847656,57600
36.29999923706055,36.650001525878906,33.81999969482422,35.7599983215332,33.738895416259766,74100
35.900001525878906,36.290000915527344,35.279998779296875,35.79999923706055,33.77663803100586,118700
35.779998779296875,36.77999877929688,35.060001373291016,36.52000045776367,34.45594787597656,84500
33.959999084472656,38.18000030517578,33.959999084472656,36.790000915527344,34.710689544677734,172800
38.25,42.959999084472656,37.43999862670898,38.5,36.32403945922852,231000
38.2599983215332,40.70000076293945,38.2599983215332,39.7400016784668,37.49395751953125,132000
39.09999847412109,40.16999816894531,38.369998931884766,40.04999923706055,37.78643798828125,170800
40.13999938964844,40.27000045776367,38.88999938964844,39.66999816894531,37.42790985107422,114500
40.06999969482422,41.9900016784668,39.56999969482422,40.47999954223633,38.19213104248047,109000
40.56999969482422,41.47999954223633,40.4900016784668,41.25,38.91861343383789,70900
40.970001220703125,42.0,40.43000030517578,41.709999084472656,39.35261535644531,78500
41.43999862670898,42.70000076293945,39.79999923706055,42.470001220703125,40.06966400146485,116200
42.75,43.25,42.2400016784668,42.790000915527344,40.371578216552734,146200
42.790000915527344,43.93999862670898,42.0,42.93000030517578,40.503665924072266,95600
42.70000076293945,43.900001525878906,41.650001525878906,42.130001068115234,39.74887466430664,114200
42.31999969482422,42.52000045776367,41.18999862670898,41.27000045776367,38.93748092651367,76600
41.33000183105469,41.90999984741211,41.25,41.59999847412109,39.24882888793945,45200
41.77999877929688,42.95000076293945,41.5099983215332,42.06999969482422,39.69226837158203,68200
42.34000015258789,43.34000015258789,41.84999847412109,42.560001373291016,40.15457534790039,95800
42.470001220703125,43.06999969482422,41.75,41.93000030517578,39.5601806640625,98000
42.02999877929688,42.56999969482422,41.27999877929688,41.59999847412109,39.45584487915039,130100
41.66999816894531,42.72999954223633,41.41999816894531,42.02999877929688,39.86368942260742,73300
41.84000015258789,42.58000183105469,41.34999847412109,42.369998931884766,40.18616485595703,115300
42.27999877929688,43.209999084472656,42.27999877929688,42.970001220703125,40.75524139404297,77900
43.13999938964844,43.470001220703125,42.20000076293945,42.97999954223633,40.76472091674805,84800
42.54999923706055,43.47999954223633,42.36000061035156,43.11000061035156,40.88801574707031,157000
43.119998931884766,43.38999938964844,42.47999954223633,43.22999954223633,41.00183868408203,138700
43.4900016784668,44.31999969482422,42.47999954223633,44.02999877929688,41.76059722900391,97200
44.20000076293945,44.5,43.900001525878906,44.310001373291016,42.02617263793945,106700
44.63999938964844,45.13999938964844,44.209999084472656,44.290000915527344,42.00719833374024,107200
44.52000045776367,44.88999938964844,43.369998931884766,43.66999816894531,41.41915512084961,119300
43.630001068115234,43.630001068115234,42.810001373291016,43.11000061035156,40.88801574707031,55800
43.150001525878906,44.18999862670898,42.52000045776367,43.650001525878906,41.40019226074219,240000
43.4900016784668,43.650001525878906,42.060001373291016,42.68000030517578,40.48018264770508,116900
42.68000030517578,42.68000030517578,41.18000030517578,41.27999877929688,39.152339935302734,102900
41.27999877929688,42.09000015258789,41.040000915527344,41.34999847412109,39.2187385559082,77800
41.0,41.02999877929688,38.79999923706055,38.9900016784668,36.980377197265625,114500
39.09000015258789,41.119998931884766,37.52999877929688,37.560001373291016,35.62408447265625,169800
38.29999923706055,39.470001220703125,37.209999084472656,37.959999084472656,36.00345993041992,106200
38.06999969482422,39.15999984741211,37.09999847412109,37.220001220703125,35.30160903930664,75700
37.20000076293945,37.2400016784668,35.95000076293945,36.43000030517578,34.55231857299805,190300
36.72999954223633,37.40999984741211,35.97999954223633,37.11000061035156,35.1972770690918,219300
37.09999847412109,37.619998931884766,36.810001373291016,37.40999984741211,35.481807708740234,126300
37.5,38.63999938964844,37.5,37.81999969482422,35.87068176269531,144600
37.709999084472656,38.11000061035156,36.84000015258789,37.68000030517578,35.737892150878906,96700
38.09999847412109,38.45000076293945,37.16999816894531,38.11000061035156,36.145729064941406,48100
37.79999923706055,38.220001220703125,37.02999877929688,37.650001525878906,35.70943832397461,101500
37.880001068115234,38.630001068115234,37.54999923706055,37.869998931884766,35.9181022644043,71800
38.34999847412109,39.560001373291016,38.2599983215332,39.540000915527344,37.50202178955078,97600
41.810001373291016,41.810001373291016,39.09999847412109,39.36000061035156,37.33130645751953,74700
39.4900016784668,40.220001220703125,39.34000015258789,40.0099983215332,37.94780349731445,42900
40.209999084472656,40.630001068115234,39.59999847412109,40.060001373291016,37.9952278137207,47200
40.459999084472656,40.58000183105469,39.93999862670898,40.2599983215332,38.18490982055664,34400
40.459999084472656,41.0,40.310001373291016,40.88999938964844,38.782447814941406,46600
40.959999084472656,41.900001525878906,40.959999084472656,41.25,39.1238899230957,67000
41.2400016784668,42.790000915527344,40.86000061035156,42.68999862670898,40.48966979980469,90600
42.68000030517578,42.68000030517578,41.72999954223633,42.33000183105469,40.148223876953125,41600
42.18000030517578,42.70000076293945,41.400001525878906,42.27000045776367,40.0913200378418,98400
42.43000030517578,43.7400016784668,41.81999969482422,42.47999954223633,40.29048538208008,78300
42.459999084472656,43.34999847412109,42.13999938964844,42.4900016784668,40.29997634887695,42600
42.68000030517578,43.68000030517578,42.540000915527344,43.38999938964844,41.153594970703125,99500
43.25,43.25,41.65999984741211,42.95000076293945,40.736270904541016,76000
43.04999923706055,43.52000045776367,41.68999862670898,41.810001373291016,39.65502548217773,75800
41.7400016784668,41.7400016784668,40.150001525878906,40.83000183105469,38.72554016113281,50800
40.83000183105469,41.790000915527344,40.83000183105469,41.09999847412109,38.98161697387695,52800
41.08000183105469,41.470001220703125,40.5099983215332,40.77999877929688,38.6781120300293,76900
38.7599983215332,41.77999877929688,38.7599983215332,40.16999816894531,38.099552154541016,156000
40.15999984741211,40.29999923706055,38.310001373291016,39.11000061035156,37.09419250488281,112700
38.869998931884766,39.68000030517578,38.59000015258789,39.09000015258789,37.0752182006836,85200
39.08000183105469,39.2599983215332,38.2400016784668,38.470001220703125,36.4871826171875,52700
38.59999847412109,39.77000045776367,38.59999847412109,39.27999877929688,37.25543212890625,68000
39.59000015258789,40.720001220703125,39.5,39.86000061035156,37.80553817749024,72000
39.84999847412109,39.84999847412109,39.09999847412109,39.38999938964844,37.35975646972656,40200
39.31999969482422,39.93000030517578,38.52000045776367,39.7599983215332,37.7106819152832,53300
39.7599983215332,41.18000030517578,39.7599983215332,40.58000183105469,38.488426208496094,91400
40.59999847412109,41.38999938964844,40.56999969482422,41.2599983215332,39.13336944580078,66000
41.27000045776367,41.58000183105469,41.040000915527344,41.38999938964844,39.25667572021485,54700
41.38999938964844,41.84999847412109,40.900001525878906,41.45000076293945,39.31357955932617,40700
41.5,42.459999084472656,40.4900016784668,42.0099983215332,39.84471893310547,54300
41.79999923706055,42.150001525878906,40.97999954223633,41.5099983215332,39.370487213134766,78400
41.56999969482422,41.95000076293945,40.7400016784668,41.040000915527344,38.92471694946289,79800
40.90999984741211,41.43999862670898,40.33000183105469,41.25,39.1238899230957,75500
40.91999816894531,41.130001068115234,39.720001220703125,40.810001373291016,38.706573486328125,133000
40.91999816894531,43.5,40.91999816894531,42.59000015258789,40.39481735229492,87200
42.5099983215332,43.13999938964844,42.220001220703125,42.58000183105469,40.59503173828125,53000
42.650001525878906,43.77999877929688,42.380001068115234,43.15999984741211,41.14799118041992,62000
43.220001220703125,43.220001220703125,42.060001373291016,42.40999984741211,40.432952880859375,82700
42.52000045776367,43.52999877929688,42.0,43.4900016784668,41.46261215209961,75900
43.52999877929688,43.59000015258789,42.58000183105469,43.4900016784668,41.46261215209961,83100
43.5,44.09999847412109,43.2400016784668,43.290000915527344,41.271934509277344,74600
43.04999923706055,43.33000183105469,41.59000015258789,41.93000030517578,39.9753303527832,109000
42.0,42.36000061035156,40.84000015258789,41.08000183105469,39.16496276855469,96700
41.06999969482422,41.27000045776367,39.27999877929688,39.93999862670898,38.07810974121094,93700
40.459999084472656,40.459999084472656,39.2400016784668,39.59999847412109,37.75395202636719,59300
39.720001220703125,39.79999923706055,38.970001220703125,39.66999816894531,37.82068634033203,103200
39.47999954223633,39.91999816894531,38.9900016784668,39.560001373291016,37.715816497802734,152900
39.43999862670898,40.68000030517578,39.33000183105469,40.040000915527344,38.17344284057617,67100
39.77999877929688,40.29999923706055,38.0099983215332,39.56999969482422,37.72534942626953,90400
39.709999084472656,39.97999954223633,39.33000183105469,39.43999862670898,37.601409912109375,72800
39.27000045776367,39.27000045776367,37.68999862670898,37.72999954223633,35.971126556396484,75700
37.93999862670898,39.02000045776367,37.81999969482422,38.790000915527344,36.981712341308594,178000
38.68000030517578,38.68000030517578,37.040000915527344,37.5,35.75185012817383,73200
37.4900016784668,37.880001068115234,37.0,37.68999862670898,35.932987213134766,37500
37.59000015258789,38.22999954223633,37.13999938964844,37.220001220703125,35.48490524291992,32600
37.130001068115234,37.4900016784668,36.5,36.810001373291016,35.09400939941406,44900
36.93999862670898,37.5,36.540000915527344,36.7400016784668,35.02728271484375,38900
36.63999938964844,37.38999938964844,36.47999954223633,37.220001220703125,35.48490524291992,67200
37.59000015258789,38.040000915527344,36.9900016784668,37.290000915527344,35.551639556884766,31500
37.40999984741211,38.2400016784668,37.15999984741211,38.09999847412109,36.323875427246094,46800
38.060001373291016,38.75,38.04999923706055,38.45000076293945,36.657562255859375,34400
38.54999923706055,39.150001525878906,38.459999084472656,38.650001525878906,36.84823989868164,38600
38.63999938964844,39.459999084472656,38.29999923706055,38.58000183105469,36.7815055847168,28600
38.36000061035156,39.0,37.70000076293945,37.91999816894531,36.15226745605469,50100
38.09999847412109,38.2400016784668,37.59999847412109,37.9900016784668,36.2190055847168,38900
37.66999816894531,38.2599983215332,37.65999984741211,37.970001220703125,36.19994354248047,36800
37.97999954223633,38.150001525878906,37.540000915527344,37.970001220703125,36.19994354248047,51900
37.869998931884766,38.68000030517578,37.869998931884766,38.22999954223633,36.44781875610352,28000
38.810001373291016,39.18000030517578,38.150001525878906,38.88999938964844,37.07705307006836,37900
38.77000045776367,38.77000045776367,37.77999877929688,38.5099983215332,36.71476364135742,135900
38.5,39.18000030517578,38.36000061035156,38.77999877929688,36.9721794128418,30200
38.83000183105469,39.70000076293945,38.45000076293945,39.11000061035156,37.28679656982422,28200
39.38999938964844,41.220001220703125,39.38999938964844,40.88999938964844,38.98381805419922,94600
40.84999847412109,41.290000915527344,40.459999084472656,41.06999969482422,39.15542602539063,41900
41.02000045776367,42.59000015258789,40.560001373291016,42.2599983215332,40.28995132446289,93600
42.27999877929688,42.45000076293945,41.310001373291016,41.7400016784668,39.794193267822266,48800
41.43000030517578,43.150001525878906,41.34999847412109,42.2599983215332,40.28995132446289,71500
42.40999984741211,43.20000076293945,41.84000015258789,42.459999084472656,40.48062133789063,51400
42.470001220703125,42.90999984741211,41.040000915527344,41.86000061035156,39.90859603881836,60800
41.59000015258789,42.380001068115234,40.959999084472656,41.540000915527344,39.603515625,55900
40.34000015258789,42.04999923706055,40.04999923706055,41.09999847412109,39.18402099609375,60900
41.06999969482422,42.22999954223633,40.900001525878906,41.22999954223633,39.30796432495117,64500
41.150001525878906,42.400001525878906,40.54999923706055,40.63999938964844,38.74547576904297,64000
40.5,41.25,39.52999877929688,39.95000076293945,38.0876350402832,63700
39.83000183105469,40.40999984741211,39.27000045776367,39.869998931884766,38.0113639831543,38300
39.61000061035156,41.02000045776367,39.43000030517578,39.77999877929688,37.925559997558594,62700
39.63999938964844,40.04999923706055,38.95000076293945,39.09999847412109,37.27725982666016,59400
39.79999923706055,39.84999847412109,38.47999954223633,39.02000045776367,37.20098876953125,69500
38.7599983215332,38.7599983215332,37.31999969482422,37.59999847412109,35.84718704223633,88000
37.31999969482422,38.2400016784668,37.27000045776367,37.7599983215332,35.999725341796875,46300
37.77999877929688,38.20000076293945,37.29999923706055,38.08000183105469,36.304813385009766,48900
38.209999084472656,38.83000183105469,38.150001525878906,38.31999969482422,36.53362274169922,40100
38.29999923706055,39.310001373291016,38.29999923706055,38.970001220703125,37.15332412719727,56000
38.81999969482422,39.369998931884766,38.5,39.04999923706055,37.229591369628906,44000
38.88999938964844,39.119998931884766,37.7400016784668,37.97999954223633,36.20947265625,51600
37.97999954223633,39.09000015258789,37.84999847412109,38.40999984741211,36.61942672729492,66800
38.61000061035156,38.9900016784668,38.27000045776367,38.5099983215332,36.71476364135742,50700
38.59999847412109,39.16999816894531,38.34000015258789,38.709999084472656,36.90543746948242,30900
38.66999816894531,39.470001220703125,38.59999847412109,39.369998931884766,37.74921417236328,48500
39.0,39.0,37.459999084472656,38.02000045776367,36.45479202270508,60200
38.09999847412109,39.56999969482422,38.09999847412109,39.400001525878906,37.77798080444336,44200
39.18000030517578,39.18000030517578,37.68000030517578,37.90999984741211,36.34931945800781,88000
38.040000915527344,38.11000061035156,36.88999938964844,37.02000045776367,35.49596405029297,37900
37.0,37.27999877929688,36.43999862670898,36.59000015258789,35.08366775512695,63100
36.470001220703125,36.56999969482422,35.779998779296875,36.22999954223633,34.73848342895508,42400
36.34999847412109,36.560001373291016,35.459999084472656,35.56999969482422,34.10565185546875,28900
35.310001373291016,35.31999969482422,34.02000045776367,34.09000015258789,32.686580657958984,76400
33.939998626708984,34.88999938964844,33.88999938964844,34.720001220703125,33.290645599365234,77100
34.7599983215332,35.2599983215332,34.5,35.08000183105469,33.63582229614258,38500
35.08000183105469,35.63999938964844,34.86000061035156,35.34000015258789,33.88512420654297,46100
35.349998474121094,35.939998626708984,34.43000030517578,34.5,33.07970428466797,69000
34.63999938964844,35.11000061035156,34.349998474121094,34.720001220703125,33.290645599365234,62400
34.650001525878906,35.439998626708984,34.369998931884766,35.0,33.55911636352539,96800
35.25,36.0,35.0099983215332,35.18000030517578,33.73170852661133,60000
35.22999954223633,35.63999938964844,34.310001373291016,35.470001220703125,34.009769439697266,214100
35.66999816894531,35.77000045776367,34.95000076293945,35.18000030517578,33.73170852661133,50200
34.91999816894531,35.75,34.79999923706055,35.36000061035156,33.904300689697266,71400
35.310001373291016,35.88999938964844,34.939998626708984,35.0099983215332,33.56871032714844,51700
34.970001220703125,35.56999969482422,34.790000915527344,35.38999938964844,33.93306350708008,45100
35.31999969482422,36.04999923706055,35.310001373291016,35.5,34.03853225708008,39900
35.560001373291016,35.95000076293945,35.220001220703125,35.22999954223633,33.7796516418457,54700
35.27000045776367,35.58000183105469,35.0099983215332,35.31999969482422,33.865943908691406,51000
35.38999938964844,35.970001220703125,34.86000061035156,35.06999969482422,33.6262321472168,53400
35.08000183105469,35.88999938964844,34.63999938964844,34.849998474121094,33.41529083251953,51100
34.849998474121094,35.20000076293945,33.4900016784668,34.209999084472656,32.80164337158203,36000
34.060001373291016,34.41999816894531,33.650001525878906,34.06999969482422,32.66740798950195,63100
34.029998779296875,34.720001220703125,33.97999954223633,34.09000015258789,32.686580657958984,48900
34.040000915527344,34.33000183105469,33.560001373291016,33.560001373291016,32.17840576171875,68400
33.529998779296875,33.540000915527344,31.850000381469727,32.060001373291016,30.74015235900879,86900
32.630001068115234,32.630001068115234,31.690000534057617,31.780000686645508,30.471681594848636,75100
31.770000457763672,32.25,31.15999984741211,31.790000915527344,30.48126983642578,63000
32.040000915527344,32.689998626708984,31.540000915527344,32.13999938964844,30.81686019897461,34500
32.060001373291016,32.849998474121094,31.739999771118164,32.70000076293945,31.35380744934082,36300
32.709999084472656,32.709999084472656,30.950000762939453,31.15999984741211,29.87720489501953,54700
31.18000030517578,31.18000030517578,29.8799991607666,30.43000030517578,29.1772575378418,88800
30.459999084472656,30.93000030517578,29.809999465942383,30.059999465942383,28.82248878479004,88000
29.6200008392334,30.200000762939453,29.190000534057617,30.020000457763672,28.78413772583008,97000
30.049999237060547,30.25,28.290000915527344,28.38999938964844,27.221237182617188,79400
28.520000457763672,29.18000030517578,28.07999992370605,28.850000381469727,27.662302017211918,85400
28.46999931335449,29.530000686645508,28.09000015258789,29.31999969482422,28.112951278686523,62500
29.75,30.549999237060547,28.71999931335449,29.040000915527344,27.844484329223636,58400
29.1299991607666,29.25,28.34000015258789,28.520000457763672,27.345888137817383,56200
28.84000015258789,29.290000915527344,28.770000457763672,28.959999084472656,27.767772674560547,48400
29.100000381469727,30.3799991607666,29.100000381469727,30.18000030517578,28.937549591064453,66800
30.26000022888184,30.920000076293945,30.07999992370605,30.729999542236328,29.464906692504883,73500
30.84000015258789,31.43000030517578,30.3700008392334,30.989999771118164,29.714200973510746,60900
31.0,31.61000061035156,30.1299991607666,31.61000061035156,30.308677673339844,52700
31.61000061035156,32.220001220703125,30.649999618530277,32.119998931884766,30.797679901123047,40500
32.0099983215332,33.310001373291016,30.65999984741211,32.369998931884766,31.037391662597656,30400
32.11000061035156,32.84000015258789,30.709999084472656,31.40999984741211,30.116912841796875,79000
31.420000076293945,32.119998931884766,30.8799991607666,31.40999984741211,30.116912841796875,53500
31.420000076293945,32.06999969482422,30.96999931335449,31.559999465942383,30.26073455810547,70300
31.86000061035156,33.47999954223633,31.280000686645508,31.6200008392334,30.318269729614254,117100
31.61000061035156,33.099998474121094,31.040000915527344,31.3700008392334,30.07855796813965,95100
31.940000534057617,36.59999847412109,29.84000015258789,35.869998931884766,34.39330291748047,213300
35.5099983215332,35.68000030517578,34.33000183105469,35.15999984741211,33.71253204345703,152100
34.91999816894531,35.59000015258789,33.95000076293945,33.97999954223633,32.581111907958984,135800
33.90999984741211,34.2599983215332,33.0099983215332,33.13999938964844,31.775693893432617,65100
32.58000183105469,33.0099983215332,32.29999923706055,32.720001220703125,31.37298393249512,26800
33.0,34.119998931884766,32.900001525878906,33.43000030517578,32.05375289916992,86300
33.060001373291016,33.400001525878906,32.560001373291016,32.63999938964844,31.296274185180664,85500
32.630001068115234,33.279998779296875,31.68000030517578,33.0,31.641456604003903,75400
32.9900016784668,32.9900016784668,32.0099983215332,32.59000015258789,31.248336791992188,53500
32.56999969482422,33.2599983215332,32.36000061035156,32.970001220703125,31.82754135131836,87400
33.5099983215332,33.650001525878906,32.4900016784668,32.810001373291016,31.673084259033203,132500
32.88999938964844,33.58000183105469,32.810001373291016,33.060001373291016,31.914424896240234,100100
32.72999954223633,33.220001220703125,31.540000915527344,31.90999984741211,30.804271697998047,122500
31.920000076293945,31.989999771118164,29.57999992370605,29.600000381469727,28.574317932128903,82600
30.25,30.34000015258789,29.40999984741211,29.770000457763672,28.738426208496094,96300
30.13999938964844,31.25,29.239999771118164,29.31999969482422,28.304018020629883,67600
29.700000762939453,30.780000686645508,29.3700008392334,29.51000022888184,28.487438201904297,48100
29.40999984741211,29.799999237060547,28.8799991607666,29.040000915527344,28.03372573852539,49600
28.770000457763672,28.93000030517578,28.200000762939453,28.32999992370605,27.348323822021484,47300
28.31999969482422,30.6200008392334,27.520000457763672,27.76000022888184,26.798076629638672,130800
27.899999618530277,28.63999938964844,26.6299991607666,26.84000015258789,25.909955978393555,194900
27.07999992370605,28.84000015258789,26.850000381469727,27.270000457763672,26.325056076049805,100700
27.280000686645508,28.850000381469727,26.170000076293945,26.59000015258789,25.668621063232425,66900
26.899999618530277,27.0,25.38999938964844,25.649999618530277,24.76119041442871,339300
25.649999618530277,27.90999984741211,25.100000381469727,25.15999984741211,24.288169860839844,95600
25.450000762939453,26.270000457763672,24.700000762939453,26.239999771118164,25.33074378967285,276600
25.850000381469727,26.600000381469727,25.31999969482422,26.399999618530277,25.48520278930664,73900
26.200000762939453,27.200000762939453,26.100000381469727,26.520000457763672,25.601043701171875,100900
26.559999465942383,26.899999618530277,24.459999084472656,26.399999618530277,25.48520278930664,76600
26.100000381469727,27.450000762939453,26.100000381469727,27.40999984741211,26.460203170776367,109900
27.31999969482422,27.799999237060547,26.46999931335449,27.059999465942383,26.12233161926269,100000
27.479999542236328,32.97999954223633,27.13999938964844,28.71999931335449,27.724809646606445,114000
28.71999931335449,29.26000022888184,28.270000457763672,28.8700008392334,27.869613647460938,70900
29.31999969482422,29.790000915527344,28.799999237060547,29.450000762939453,28.42951774597168,41900
29.51000022888184,30.440000534057617,29.32999992370605,30.21999931335449,29.172834396362305,40500
30.09000015258789,30.520000457763672,29.61000061035156,30.520000457763672,29.462438583374023,42200
30.32999992370605,30.799999237060547,29.700000762939453,30.690000534057617,29.62654685974121,49000
30.530000686645508,31.82999992370605,30.100000381469727,31.07999992370605,30.00303268432617,68000
31.11000061035156,31.61000061035156,30.11000061035156,30.71999931335449,29.65550804138184,85300
30.709999084472656,31.57999992370605,30.530000686645508,30.88999938964844,29.819618225097656,60000
30.790000915527344,31.989999771118164,30.5,31.0,29.925806045532227,107700
31.170000076293945,32.029998779296875,30.549999237060547,31.520000457763672,30.42778587341309,98200
31.350000381469727,31.75,30.3700008392334,31.149999618530277,30.07061004638672,41500
31.229999542236328,32.119998931884766,30.59000015258789,30.75,29.684467315673828,30000
30.68000030517578,30.899999618530277,30.25,30.520000457763672,29.462438583374023,43100
30.799999237060547,31.700000762939453,30.799999237060547,31.540000915527344,30.44709587097168,38400
31.420000076293945,31.420000076293945,30.6200008392334,31.020000457763672,29.945112228393555,36800
31.09000015258789,31.709999084472656,30.959999084472656,31.209999084472656,30.128528594970703,40700
31.459999084472656,32.63999938964844,31.1299991607666,32.5,31.373828887939453,35900
32.45000076293945,33.0099983215332,32.119998931884766,32.79999923706055,31.66343307495117,52000
33.61000061035156,37.130001068115234,33.61000061035156,36.86000061035156,35.58274841308594,151500
36.59999847412109,36.93999862670898,34.83000183105469,34.869998931884766,33.661705017089844,86200
35.0,35.310001373291016,33.91999816894531,34.33000183105469,33.14042282104492,79100
34.20000076293945,34.529998779296875,33.72999954223633,33.790000915527344,32.6191291809082,63600
33.68000030517578,33.68000030517578,32.619998931884766,33.040000915527344,31.89511489868164,47400
32.66999816894531,32.86000061035156,32.22999954223633,32.47999954223633,31.35452079772949,31700
32.470001220703125,32.65999984741211,32.18000030517578,32.58000183105469,31.4510555267334,28500
32.689998626708984,33.18000030517578,32.4900016784668,33.040000915527344,31.89511489868164,34300
33.400001525878906,33.75,33.220001220703125,33.27000045776367,32.11714553833008,45900
33.2400016784668,33.45000076293945,32.849998474121094,33.189998626708984,32.039920806884766,42800
33.349998474121094,33.88999938964844,33.189998626708984,33.2599983215332,32.10749053955078,42300
33.11000061035156,33.79999923706055,32.77000045776367,33.66999816894531,32.50328826904297,35700
33.709999084472656,35.68000030517578,33.709999084472656,35.400001525878906,34.173343658447266,65100
35.25,35.25,34.25,34.65999984741211,33.458984375,38000
34.939998626708984,35.20000076293945,34.47999954223633,34.900001525878906,33.69066619873047,33800
35.20000076293945,35.20000076293945,34.63999938964844,34.810001373291016,33.60378646850586,32100
34.779998779296875,35.36000061035156,34.75,34.97999954223633,33.76789474487305,44600
35.040000915527344,35.2400016784668,34.65999984741211,35.16999816894531,33.95130920410156,37300
34.95000076293945,35.209999084472656,34.52000045776367,35.18000030517578,34.17474365234375,58200
35.310001373291016,35.58000183105469,34.52000045776367,34.75,33.757022857666016,67900
34.86000061035156,35.369998931884766,34.310001373291016,34.95000076293945,33.95131301879883,52000
34.5099983215332,35.20000076293945,34.38999938964844,34.63999938964844,33.65016555786133,44200
34.65999984741211,34.65999984741211,32.5099983215332,32.66999816894531,31.73645782470703,38100
32.66999816894531,32.66999816894531,31.11000061035156,31.209999084472656,30.318178176879883,39400
31.09000015258789,31.65999984741211,30.82999992370605,31.5,30.59989356994629,64200
31.51000022888184,31.739999771118164,30.76000022888184,31.739999771118164,30.83303451538086,47700
31.84000015258789,32.13999938964844,31.21999931335449,31.299999237060547,30.405607223510746,34200
31.479999542236328,32.34000015258789,31.479999542236328,31.84000015258789,30.930179595947266,60700
31.65999984741211,31.65999984741211,30.96999931335449,31.190000534057617,30.29874992370605,54000
31.26000022888184,32.25,31.020000457763672,32.060001373291016,31.143892288208008,99100
32.08000183105469,32.90999984741211,31.809999465942383,32.83000183105469,31.89188766479492,56400
32.939998626708984,33.5099983215332,32.599998474121094,32.900001525878906,31.959888458251957,45200
32.5099983215332,33.189998626708984,32.040000915527344,32.72999954223633,31.79474449157715,41900
32.2599983215332,33.459999084472656,32.2599983215332,32.900001525878906,31.959888458251957,54200
32.689998626708984,33.34000015258789,31.229999542236328,31.239999771118164,30.347320556640625,51000
31.229999542236328,31.84000015258789,30.950000762939453,31.540000915527344,30.638751983642575,27900
31.700000762939453,32.38999938964844,31.690000534057617,32.08000183105469,31.16332054138184,31900
32.029998779296875,32.54999923706055,31.6299991607666,32.16999816894531,31.25074577331543,23400
32.25,33.02000045776367,31.899999618530277,32.650001525878906,31.71703338623047,22800
32.93000030517578,33.2400016784668,32.52000045776367,32.83000183105469,31.89188766479492,54100
32.869998931884766,34.06999969482422,32.869998931884766,34.02000045776367,33.047882080078125,93600
34.040000915527344,34.31999969482422,33.54999923706055,34.0099983215332,33.03816604614258,43000
34.40999984741211,34.790000915527344,33.86000061035156,34.349998474121094,33.36845016479492,52800
34.290000915527344,35.150001525878906,34.099998474121094,35.150001525878906,34.14559555053711,39200
34.790000915527344,35.790000915527344,34.779998779296875,35.790000915527344,34.76730728149414,26400
35.779998779296875,35.779998779296875,34.40999984741211,35.689998626708984,34.670166015625,101500
35.41999816894531,35.41999816894531,34.650001525878906,34.93000030517578,33.93187713623047,59000
34.91999816894531,35.84000015258789,34.90999984741211,35.599998474121094,34.582733154296875,130600
35.45000076293945,35.5,34.56999969482422,34.68000030517578,33.689022064208984,29400
34.7400016784668,35.349998474121094,33.880001068115234,33.93000030517578,32.960453033447266,40600
33.91999816894531,34.150001525878906,33.5,33.810001373291016,32.84388732910156,27000
34.0,34.900001525878906,33.810001373291016,34.13999938964844,33.16445541381836,42300
34.13999938964844,34.540000915527344,33.56999969482422,33.90999984741211,32.9410285949707,29500
33.81999969482422,34.16999816894531,33.18000030517578,33.459999084472656,32.503883361816406,23200
33.59000015258789,33.59000015258789,32.66999816894531,32.79999923706055,31.862743377685547,19500
32.790000915527344,33.59000015258789,32.75,33.15999984741211,32.21246337890625,25600
33.11000061035156,33.31999969482422,32.56999969482422,32.65999984741211,31.72674560546875,61900
32.70000076293945,32.90999984741211,31.63999938964844,31.920000076293945,31.007892608642575,22800
31.8700008392334,32.68000030517578,31.84000015258789,32.380001068115234,31.454748153686523,19100
32.54999923706055,33.33000183105469,31.96999931335449,33.310001373291016,32.35817337036133,19300
33.22999954223633,33.5099983215332,31.88999938964844,32.310001373291016,31.38674736022949,56900
32.45000076293945,33.060001373291016,31.6200008392334,31.6299991607666,30.72617721557617,79900
31.6200008392334,32.16999816894531,31.6200008392334,32.150001525878906,31.231319427490234,51400
30.93000030517578,34.77000045776367,30.93000030517578,34.380001068115234,33.39760208129883,57800
33.459999084472656,34.2599983215332,33.459999084472656,33.65999984741211,32.69816970825195,59500
33.38999938964844,34.119998931884766,32.029998779296875,32.4900016784668,31.561603546142575,48400
32.5,33.72999954223633,32.18000030517578,32.45000076293945,31.52274513244629,49900
32.060001373291016,33.290000915527344,32.060001373291016,32.97999954223633,32.03759765625,31500
33.040000915527344,33.06999969482422,32.52000045776367,33.0099983215332,32.06674575805664,43600
32.27000045776367,32.29999923706055,31.270000457763672,31.559999465942383,30.658178329467773,33100
32.150001525878906,32.349998474121094,31.56999969482422,32.06999969482422,31.15360450744629,23200
31.739999771118164,32.2400016784668,31.549999237060547,32.209999084472656,31.28960418701172,19500
32.209999084472656,32.619998931884766,31.690000534057617,31.780000686645508,30.87189292907715,29800
31.57999992370605,31.61000061035156,30.93000030517578,31.36000061035156,30.46389579772949,39200
31.059999465942383,31.5,30.86000061035156,31.15999984741211,30.269609451293945,39200
31.25,32.7400016784668,31.190000534057617,32.470001220703125,31.542177200317383,39700
32.400001525878906,32.400001525878906,30.770000457763672,31.149999618530277,30.25989151000977,28000
30.649999618530277,31.59000015258789,30.190000534057617,30.540000915527344,29.66732406616211,37700
30.709999084472656,31.57999992370605,30.709999084472656,31.09000015258789,30.20160675048828,31700
31.32999992370605,31.75,30.8799991607666,31.489999771118164,30.59017944335937,53800
31.100000381469727,31.770000457763672,30.71999931335449,31.350000381469727,30.454179763793945,54400
31.209999084472656,31.51000022888184,29.6299991607666,29.8799991607666,29.23131561279297,43700
29.290000915527344,30.01000022888184,28.899999618530277,29.1299991607666,28.49759864807129,42800
29.149999618530277,29.899999618530277,28.81999969482422,29.6200008392334,28.97696304321289,87300
29.88999938964844,30.6299991607666,29.530000686645508,30.530000686645508,29.867206573486328,95100
30.450000762939453,31.38999938964844,29.959999084472656,30.40999984741211,29.74980926513672,41200
30.799999237060547,31.549999237060547,30.07999992370605,30.6299991607666,29.96503257751465,34700
30.799999237060547,31.15999984741211,30.239999771118164,30.459999084472656,29.79872131347656,46800
30.600000381469727,31.1299991607666,30.309999465942383,30.549999237060547,29.88677215576172,76300
30.989999771118164,31.149999618530277,30.270000457763672,30.59000015258789,29.9259033203125,122200
30.32999992370605,31.020000457763672,29.979999542236328,30.290000915527344,29.63241577148437,70500
30.489999771118164,31.56999969482422,30.170000076293945,30.88999938964844,30.219388961791992,105700
30.850000381469727,31.06999969482422,30.399999618530277,30.530000686645508,29.867206573486328,42900
30.43000030517578,30.739999771118164,30.350000381469727,30.450000762939453,29.788942337036133,43000
30.899999618530277,31.81999969482422,30.81999969482422,31.01000022888184,30.33678436279297,88500
30.989999771118164,31.559999465942383,30.57999992370605,31.450000762939453,30.76723289489746,91900
31.86000061035156,32.630001068115234,31.479999542236328,31.8700008392334,31.17811393737793,78900
31.56999969482422,32.0,31.5,31.57999992370605,30.8944091796875,107400
31.65999984741211,31.65999984741211,30.149999618530277,30.36000061035156,29.700897216796875,60400
30.26000022888184,31.030000686645508,30.15999984741211,30.950000762939453,30.27808952331543,52400
30.959999084472656,32.13999938964844,30.82999992370605,31.600000381469727,30.913976669311523,93600
31.770000457763672,31.770000457763672,31.21999931335449,31.5,30.816146850585938,47000
31.670000076293945,32.08000183105469,31.399999618530277,31.809999465942383,31.119415283203125,111700
32.150001525878906,32.470001220703125,31.6200008392334,31.84000015258789,31.14876747131348,80300
31.93000030517578,32.209999084472656,31.3799991607666,31.700000762939453,31.01180458068848,33500
31.65999984741211,31.780000686645508,31.020000457763672,31.43000030517578,30.74766540527344,19900
31.32999992370605,31.71999931335449,31.15999984741211,31.600000381469727,30.913976669311523,37400
31.399999618530277,31.76000022888184,30.459999084472656,30.690000534057617,30.023731231689453,23000
30.51000022888184,30.8700008392334,29.729999542236328,30.420000076293945,29.75959205627441,35500
30.549999237060547,30.799999237060547,30.13999938964844,30.239999771118164,29.583499908447266,37200
30.270000457763672,30.290000915527344,29.670000076293945,30.200000762939453,29.54437065124512,74200
30.200000762939453,31.75,29.959999084472656,31.3700008392334,30.688968658447266,140600
31.399999618530277,31.56999969482422,30.90999984741211,31.309999465942383,30.63027000427246,47600
31.13999938964844,32.31999969482422,31.13999938964844,31.93000030517578,31.23681259155273,52500
31.93000030517578,31.93000030517578,30.68000030517578,30.86000061035156,30.190040588378903,116600
30.700000762939453,31.07999992370605,30.13999938964844,30.959999084472656,30.28786849975586,37000
30.899999618530277,31.90999984741211,30.899999618530277,31.09000015258789,30.41504669189453,62300
31.149999618530277,31.530000686645508,30.75,31.09000015258789,30.41504669189453,43700
31.1299991607666,31.43000030517578,30.780000686645508,30.8700008392334,30.199825286865234,25300
30.63999938964844,31.530000686645508,30.450000762939453,31.290000915527344,30.610706329345703,30200
31.15999984741211,31.200000762939453,30.100000381469727,30.34000015258789,29.68132972717285,38300
30.15999984741211,30.780000686645508,29.989999771118164,30.700000762939453,30.03351402282715,39000
30.899999618530277,30.899999618530277,30.100000381469727,30.200000762939453,29.54437065124512,31000
30.040000915527344,30.950000762939453,29.989999771118164,30.649999618530277,29.98459815979004,55400
30.46999931335449,30.940000534057617,29.700000762939453,29.76000022888184,29.113920211791992,67000
29.65999984741211,29.850000381469727,28.5,28.530000686645508,27.910625457763672,78900
28.239999771118164,29.549999237060547,28.030000686645508,29.290000915527344,28.65412712097168,204200
29.38999938964844,30.5,29.149999618530277,30.01000022888184,29.35849380493164,125200
30.100000381469727,30.100000381469727,29.479999542236328,29.739999771118164,29.0943546295166,55800
29.13999938964844,29.700000762939453,28.88999938964844,29.520000457763672,28.879131317138672,36800
29.600000381469727,30.299999237060547,29.549999237060547,29.920000076293945,29.270448684692383,93500
29.670000076293945,29.729999542236328,28.790000915527344,29.13999938964844,28.507381439208984,80400
29.0,29.5,29.0,29.32999992370605,28.69325828552246,62900
29.26000022888184,30.1299991607666,29.25,29.780000686645508,29.133487701416016,121200
29.350000381469727,29.36000061035156,28.209999084472656,28.670000076293945,28.047584533691406,54400
28.84000015258789,30.26000022888184,28.36000061035156,29.709999084472656,29.06500625610352,123900
29.8700008392334,30.07999992370605,29.239999771118164,29.5,28.85956573486328,81300
29.959999084472656,30.350000381469727,29.84000015258789,30.18000030517578,29.524805068969727,94500
29.959999084472656,30.440000534057617,29.90999984741211,29.96999931335449,29.319360733032227,39000
30.290000915527344,30.739999771118164,29.209999084472656,30.229999542236328,29.57371711730957,58500
30.280000686645508,30.649999618530277,29.71999931335449,29.809999465942383,29.1628360748291,32200
29.68000030517578,29.8799991607666,28.739999771118164,28.88999938964844,28.26280975341797,55700
29.11000061035156,29.309999465942383,28.82999992370605,29.1200008392334,28.487815856933597,35900
29.1200008392334,29.31999969482422,28.440000534057617,28.479999542236328,27.861711502075195,43600
28.459999084472656,29.530000686645508,28.299999237060547,29.170000076293945,28.53672981262207,46200
29.309999465942383,29.940000534057617,29.26000022888184,29.309999465942383,28.89159202575684,41800
29.540000915527344,29.8799991607666,29.36000061035156,29.8700008392334,29.4435977935791,51300
29.520000457763672,29.850000381469727,28.700000762939453,29.56999969482422,29.147878646850582,142800
29.81999969482422,31.799999237060547,29.81999969482422,31.170000076293945,30.725040435791016,126900
31.100000381469727,32.869998931884766,31.09000015258789,32.22999954223633,31.769906997680664,95200
32.209999084472656,32.63999938964844,30.90999984741211,31.93000030517578,31.47418975830078,82800
31.950000762939453,33.939998626708984,31.90999984741211,33.22999954223633,32.75563049316406,79100
33.279998779296875,34.540000915527344,33.279998779296875,34.52000045776367,34.02721405029297,121400
34.63999938964844,35.529998779296875,34.06999969482422,35.41999816894531,34.91436767578125,113100
35.47999954223633,35.86000061035156,34.56999969482422,35.5099983215332,35.003082275390625,94400
35.79999923706055,36.70000076293945,35.459999084472656,36.11000061035156,35.594520568847656,98300
35.849998474121094,36.70000076293945,35.630001068115234,36.27999877929688,35.76209259033203,80300
36.02000045776367,37.38999938964844,35.689998626708984,36.31999969482422,35.80152130126953,78500
36.220001220703125,36.68000030517578,35.59000015258789,36.220001220703125,35.70294952392578,77400
36.09000015258789,36.54999923706055,35.189998626708984,35.849998474121094,35.33823013305664,91100
35.7400016784668,37.02000045776367,35.33000183105469,36.06999969482422,35.55509185791016,134200
35.83000183105469,36.95000076293945,35.65999984741211,36.470001220703125,35.94938278198242,82600
36.630001068115234,36.83000183105469,35.52000045776367,35.630001068115234,35.12137222290039,152400
35.58000183105469,36.560001373291016,35.36000061035156,36.34999847412109,35.831092834472656,49200
36.310001373291016,36.310001373291016,34.939998626708984,35.66999816894531,35.16080093383789,60600
35.58000183105469,35.970001220703125,35.25,35.84000015258789,35.328372955322266,65200
35.849998474121094,36.2400016784668,35.349998474121094,35.84000015258789,35.328372955322266,61900
36.060001373291016,36.83000183105469,34.849998474121094,35.029998779296875,34.52993392944336,61800
34.689998626708984,34.91999816894531,33.939998626708984,34.66999816894531,34.17507553100586,56200
34.47999954223633,34.939998626708984,33.97999954223633,34.5,34.007503509521484,50000
34.5,34.93000030517578,33.970001220703125,34.54999923706055,34.056785583496094,38900
34.279998779296875,34.7400016784668,34.220001220703125,34.349998474121094,33.859642028808594,41500
33.95000076293945,34.18000030517578,33.45000076293945,33.939998626708984,33.45549392700195,41500
34.08000183105469,34.31999969482422,33.209999084472656,33.779998779296875,33.29778289794922,43800
33.970001220703125,34.75,33.970001220703125,34.40999984741211,33.91878890991211,62300
34.93000030517578,36.15999984741211,34.93000030517578,35.560001373291016,35.052371978759766,41100
35.27000045776367,35.27000045776367,34.02000045776367,34.4900016784668,33.997650146484375,36000
34.4900016784668,35.45000076293945,34.2599983215332,34.93000030517578,34.431365966796875,49900
34.810001373291016,35.810001373291016,34.810001373291016,35.72999954223633,35.21994400024414,102000
35.86000061035156,36.70000076293945,35.84000015258789,36.61000061035156,36.08738327026367,103900
36.36000061035156,37.16999816894531,36.36000061035156,36.810001373291016,36.28453063964844,108000
37.02999877929688,37.709999084472656,35.380001068115234,35.599998474121094,35.091800689697266,77800
35.540000915527344,35.540000915527344,34.63999938964844,34.72999954223633,34.234222412109375,72000
34.84000015258789,35.099998474121094,34.369998931884766,34.70000076293945,34.20465087890625,48400
34.77000045776367,34.77000045776367,33.689998626708984,34.209999084472656,33.721641540527344,69900
34.279998779296875,34.97999954223633,34.060001373291016,34.59000015258789,34.09621810913086,54100
35.33000183105469,35.33000183105469,34.59000015258789,34.72999954223633,34.234222412109375,90600
34.66999816894531,35.83000183105469,34.52000045776367,35.54999923706055,35.042510986328125,48700
35.459999084472656,35.459999084472656,34.380001068115234,34.529998779296875,34.037071228027344,42200
34.36000061035156,35.06999969482422,33.849998474121094,34.459999084472656,33.968074798583984,39700
34.63999938964844,36.18999862670898,34.63999938964844,35.900001525878906,35.38751983642578,62400
35.9900016784668,36.470001220703125,35.790000915527344,36.43999862670898,35.91980743408203,37900
36.790000915527344,37.65999984741211,36.63999938964844,37.4900016784668,36.9548225402832,47400
37.34000015258789,37.56999969482422,36.619998931884766,36.77999877929688,36.25495529174805,47300
37.25,37.66999816894531,37.040000915527344,37.34999847412109,36.81681442260742,39400
37.20000076293945,37.20000076293945,36.59999847412109,37.0,36.4718132019043,68400
36.65999984741211,37.08000183105469,36.369998931884766,36.9900016784668,36.46195983886719,48800
36.9900016784668,37.619998931884766,36.7400016784668,37.15999984741211,36.6295280456543,48200
36.869998931884766,37.209999084472656,35.540000915527344,36.209999084472656,35.69308853149414,60300
35.599998474121094,36.70000076293945,35.22999954223633,35.83000183105469,35.31851959228516,86500
35.970001220703125,38.06999969482422,35.970001220703125,37.29999923706055,36.76753234863281,311700
36.95000076293945,37.25,36.31999969482422,37.0,36.4718132019043,138400
36.88999938964844,37.52000045776367,36.58000183105469,36.75,36.22538375854492,85200
36.93999862670898,37.5,36.52000045776367,36.7400016784668,36.21552658081055,126500
36.77999877929688,36.77999877929688,35.869998931884766,36.400001525878906,35.88037872314453,53000
36.5,36.790000915527344,36.27999877929688,36.380001068115234,35.86066818237305,75200
36.470001220703125,37.369998931884766,36.470001220703125,37.25,36.71824645996094,142500
37.220001220703125,37.709999084472656,37.0,37.5,36.96467971801758,112900
37.540000915527344,37.81999969482422,37.29999923706055,37.5,36.96467971801758,59200
37.06999969482422,37.06999969482422,36.560001373291016,36.720001220703125,36.4094123840332,20900
36.72999954223633,37.060001373291016,36.54999923706055,36.900001525878906,36.587890625,84800
36.41999816894531,36.81999969482422,36.130001068115234,36.68000030517578,36.3697509765625,79300
36.790000915527344,37.08000183105469,36.43000030517578,36.5099983215332,36.20118713378906,66300
36.56999969482422,36.790000915527344,36.290000915527344,36.5,36.1912727355957,58300
36.77999877929688,37.65999984741211,36.77999877929688,37.34000015258789,37.024169921875,96100
37.43000030517578,38.38999938964844,37.43000030517578,37.70000076293945,37.38112258911133,63200
37.810001373291016,37.93000030517578,37.43999862670898,37.7599983215332,37.44061279296875,60400
37.90999984741211,38.25,37.75,37.93999862670898,37.61909103393555,59400
37.959999084472656,39.040000915527344,37.959999084472656,38.43999862670898,38.114864349365234,62200
38.380001068115234,38.970001220703125,37.31999969482422,37.61000061035156,37.29188537597656,65600
37.970001220703125,38.20000076293945,36.130001068115234,36.34999847412109,36.04254150390625,104300
36.470001220703125,37.119998931884766,36.470001220703125,37.09999847412109,36.78619766235352,54900
37.08000183105469,37.08000183105469,36.18999862670898,36.43999862670898,36.131778717041016,61400
36.40999984741211,36.459999084472656,35.2599983215332,35.7599983215332,35.4575309753418,71100
35.86000061035156,35.86000061035156,35.08000183105469,35.5,35.19973373413086,365300
35.560001373291016,36.150001525878906,35.09000015258789,36.09999847412109,35.794654846191406,42500
36.040000915527344,36.09999847412109,35.5099983215332,35.7599983215332,35.4575309753418,19400
35.779998779296875,35.849998474121094,35.459999084472656,35.77000045776367,35.46744918823242,37100
35.86000061035156,35.97999954223633,35.41999816894531,35.68000030517578,35.37820816040039,37100
35.7599983215332,35.97999954223633,35.529998779296875,35.650001525878906,35.34846496582031,47400
35.560001373291016,35.97999954223633,35.459999084472656,35.779998779296875,35.47736358642578,62800
36.02000045776367,36.02000045776367,33.77000045776367,34.4900016784668,34.19827651977539,82800
34.11000061035156,34.20000076293945,33.63999938964844,34.0,33.71241760253906,66200
33.900001525878906,34.529998779296875,33.5099983215332,33.9900016784668,33.70250701904297,70900
33.900001525878906,34.40999984741211,33.58000183105469,34.18000030517578,33.89089584350586,49600
34.130001068115234,34.5099983215332,33.880001068115234,33.91999816894531,33.633094787597656,42600
33.880001068115234,34.09000015258789,32.34000015258789,33.220001220703125,32.93901824951172,140300
33.209999084472656,33.560001373291016,31.40999984741211,31.530000686645508,31.2633113861084,177600
31.59000015258789,32.0,30.549999237060547,31.700000762939453,31.431873321533203,180500
31.71999931335449,32.04999923706055,31.15999984741211,31.600000381469727,31.332719802856445,172500
31.43000030517578,31.96999931335449,30.57999992370605,30.86000061035156,30.59897804260254,164500
30.8700008392334,31.43000030517578,29.76000022888184,29.93000030517578,29.67684555053711,166500
30.350000381469727,30.670000076293945,29.770000457763672,29.82999992370605,29.57769012451172,92000
29.700000762939453,29.700000762939453,28.229999542236328,28.239999771118164,28.00113868713379,93900
28.520000457763672,28.520000457763672,27.549999237060547,27.739999771118164,27.50536727905273,172100
27.82999992370605,28.040000915527344,27.1299991607666,27.709999084472656,27.47562026977539,204700
27.850000381469727,27.850000381469727,27.0,27.540000915527344,27.30706024169922,87800
26.989999771118164,27.399999618530277,26.989999771118164,27.32999992370605,27.09883499145508,84800
27.46999931335449,28.040000915527344,27.290000915527344,27.63999938964844,27.406213760375977,120400
27.51000022888184,28.07999992370605,26.88999938964844,26.96999931335449,26.74188041687012,230400
26.63999938964844,27.239999771118164,26.5,26.850000381469727,26.622896194458008,145500
27.290000915527344,27.799999237060547,26.399999618530277,26.809999465942383,26.583232879638672,213800
26.86000061035156,27.690000534057617,26.86000061035156,27.290000915527344,27.059175491333008,84400
27.65999984741211,27.850000381469727,27.46999931335449,27.57999992370605,27.34672164916992,74400
27.75,28.520000457763672,27.709999084472656,28.299999237060547,28.060630798339844,73600
28.71999931335449,29.34000015258789,28.5,28.899999618530277,28.655555725097656,103100
29.0,29.09000015258789,28.6299991607666,28.76000022888184,28.516740798950195,91100
28.71999931335449,29.229999542236328,28.600000381469727,28.81999969482422,28.57623291015625,106400
28.96999931335449,29.84000015258789,28.96999931335449,29.149999618530277,28.9034423828125,80400
29.280000686645508,29.690000534057617,28.770000457763672,28.8799991607666,28.635725021362305,56900
28.65999984741211,28.989999771118164,28.36000061035156,28.46999931335449,28.22919273376465,48200
28.530000686645508,28.56999969482422,27.950000762939453,28.290000915527344,28.050716400146484,47100
28.309999465942383,28.51000022888184,27.850000381469727,28.030000686645508,27.79291534423828,34400
28.06999969482422,28.270000457763672,27.65999984741211,27.770000457763672,27.53511428833008,43700
27.739999771118164,28.11000061035156,27.479999542236328,27.780000686645508,27.54503059387207,54700
27.600000381469727,28.36000061035156,27.350000381469727,28.31999969482422,28.080461502075195,111200
27.5,27.59000015258789,26.93000030517578,27.540000915527344,27.30706024169922,41600
27.489999771118164,27.489999771118164,26.40999984741211,26.5,26.275856018066406,67000
26.690000534057617,27.01000022888184,26.239999771118164,26.399999618530277,26.17670249938965,59100
25.96999931335449,27.06999969482422,25.6299991607666,26.01000022888184,25.790000915527344,75200
24.96999931335449,25.780000686645508,24.8700008392334,25.309999465942383,25.309999465942383,114800
25.38999938964844,25.61000061035156,24.93000030517578,25.36000061035156,25.36000061035156,54900
25.40999984741211,26.030000686645508,24.90999984741211,25.36000061035156,25.36000061035156,66800
25.709999084472656,26.280000686645508,25.489999771118164,26.209999084472656,26.209999084472656,70100
25.61000061035156,25.770000457763672,24.76000022888184,25.170000076293945,25.170000076293945,79100
24.309999465942383,24.989999771118164,23.86000061035156,24.40999984741211,24.40999984741211,86100
23.0,23.0,20.649999618530277,20.90999984741211,20.90999984741211,123900
21.739999771118164,22.190000534057617,21.059999465942383,21.57999992370605,21.57999992370605,128500
21.030000686645508,21.84000015258789,20.81999969482422,21.600000381469727,21.600000381469727,99100
19.989999771118164,21.049999237060547,19.1200008392334,19.76000022888184,19.76000022888184,118500
20.57999992370605,22.309999465942383,19.5,21.0,21.0,124600
19.440000534057617,20.0,18.84000015258789,19.13999938964844,19.13999938964844,116400
19.3799991607666,21.25,18.82999992370605,19.86000061035156,19.86000061035156,123900
19.13999938964844,19.309999465942383,17.850000381469727,18.170000076293945,18.170000076293945,91000
18.049999237060547,21.209999084472656,17.610000610351562,18.790000915527344,18.790000915527344,95500
18.690000534057617,19.1299991607666,17.68000030517578,17.90999984741211,17.90999984741211,146800
19.299999237060547,19.93000030517578,18.07999992370605,18.399999618530277,18.399999618530277,105700
18.90999984741211,20.0,18.809999465942383,19.36000061035156,19.36000061035156,129800
19.36000061035156,20.229999542236328,18.75,19.3799991607666,19.3799991607666,98200
19.530000686645508,21.8700008392334,19.489999771118164,21.700000762939453,21.700000762939453,87800
20.780000686645508,21.43000030517578,19.850000381469727,20.549999237060547,20.549999237060547,116700
20.780000686645508,21.3799991607666,19.739999771118164,20.600000381469727,20.600000381469727,149000
20.56999969482422,21.270000457763672,20.229999542236328,20.61000061035156,20.61000061035156,130100
20.1299991607666,21.06999969482422,19.82999992370605,20.0,20.0,178400
