7.699999809265137,7.75,7.699999809265137,7.75,7.75,300
7.75,7.75,7.449999809265137,7.599999904632568,7.599999904632568,7200
7.599999904632568,7.599999904632568,7.599999904632568,7.599999904632568,7.599999904632568,4900
7.5,7.5,7.349999904632568,7.349999904632568,7.349999904632568,3500
7.349999904632568,7.349999904632568,7.349999904632568,7.349999904632568,7.349999904632568,0
7.400000095367432,7.5,7.099999904632568,7.099999904632568,7.099999904632568,5100
7.199999809265137,7.199999809265137,7.099999904632568,7.099999904632568,7.099999904632568,2500
7.099999904632568,7.099999904632568,7.099999904632568,7.099999904632568,7.099999904632568,0
7.099999904632568,7.099999904632568,7.099999904632568,7.099999904632568,7.099999904632568,0
7.099999904632568,7.300000190734863,7.099999904632568,7.300000190734863,7.300000190734863,1700
7.349999904632568,7.349999904632568,7.199999809265137,7.199999809265137,7.199999809265137,3400
7.199999809265137,7.349999904632568,7.199999809265137,7.349999904632568,7.349999904632568,4600
7.300000190734863,7.349999904632568,7.300000190734863,7.349999904632568,7.349999904632568,300
7.349999904632568,7.5,7.349999904632568,7.400000095367432,7.400000095367432,2200
7.400000095367432,7.400000095367432,7.400000095367432,7.400000095367432,7.400000095367432,0
7.300000190734863,7.300000190734863,7.150000095367432,7.150000095367432,7.150000095367432,6500
7.119999885559082,7.119999885559082,7.0,7.0,7.0,2300
7.0,7.0,7.0,7.0,7.0,0
6.849999904632568,6.849999904632568,6.849999904632568,6.849999904632568,6.849999904632568,100
6.949999809265137,7.010000228881836,6.75,6.75,6.75,13000
6.75,6.75,6.75,6.75,6.75,0
6.75,6.75,6.75,6.75,6.75,0
6.75,6.75,6.75,6.75,6.75,0
6.75,6.75,6.75,6.75,6.75,0
6.849999904632568,6.849999904632568,6.849999904632568,6.849999904632568,6.849999904632568,100
6.849999904632568,6.849999904632568,6.849999904632568,6.849999904632568,6.849999904632568,0
6.75,6.75,6.75,6.75,6.75,500
6.75,6.75,6.75,6.75,6.75,0
6.800000190734863,6.800000190734863,6.699999809265137,6.699999809265137,6.699999809265137,900
6.699999809265137,6.699999809265137,6.699999809265137,6.699999809265137,6.699999809265137,1000
6.75,6.800000190734863,6.75,6.800000190734863,6.800000190734863,700
6.800000190734863,6.949999809265137,6.800000190734863,6.900000095367432,6.900000095367432,4200
7.0,7.0,7.0,7.0,7.0,400
7.050000190734863,7.050000190734863,7.050000190734863,7.050000190734863,7.050000190734863,900
7.099999904632568,7.099999904632568,7.070000171661377,7.099999904632568,7.099999904632568,4500
7.0,7.0,7.0,7.0,7.0,300
7.0,7.090000152587891,7.0,7.050000190734863,7.050000190734863,7000
7.050000190734863,7.25,6.900000095367432,6.949999809265137,6.949999809265137,12700
6.949999809265137,6.949999809265137,6.849999904632568,6.849999904632568,6.849999904632568,2400
6.849999904632568,6.849999904632568,6.849999904632568,6.849999904632568,6.849999904632568,1000
6.849999904632568,6.849999904632568,6.849999904632568,6.849999904632568,6.849999904632568,100
6.849999904632568,6.849999904632568,6.849999904632568,6.849999904632568,6.849999904632568,100
6.849999904632568,6.849999904632568,6.849999904632568,6.849999904632568,6.849999904632568,500
6.849999904632568,6.849999904632568,6.849999904632568,6.849999904632568,6.849999904632568,0
6.849999904632568,6.949999809265137,6.849999904632568,6.949999809265137,6.949999809265137,8700
7.0,7.099999904632568,6.949999809265137,7.0,7.0,13900
7.0,7.0,7.0,7.0,7.0,100
7.0,7.050000190734863,7.0,7.0,7.0,11100
7.0,7.0,7.0,7.0,7.0,100
7.0,7.0,7.0,7.0,7.0,700
7.0,7.0,7.0,7.0,7.0,0
6.900000095367432,6.900000095367432,6.650000095367432,6.650000095367432,6.650000095367432,5400
6.650000095367432,6.650000095367432,6.650000095367432,6.650000095367432,6.650000095367432,0
6.550000190734863,6.550000190734863,6.5,6.5,6.5,2000
6.449999809265137,6.449999809265137,6.25,6.25,6.25,2500
6.150000095367432,6.150000095367432,5.900000095367432,5.900000095367432,5.900000095367432,4100
5.949999809265137,6.0,5.949999809265137,6.0,6.0,5500
6.0,6.0,6.0,6.0,6.0,4000
6.0,6.0,6.0,6.0,6.0,5000
5.900000095367432,5.900000095367432,5.800000190734863,5.800000190734863,5.800000190734863,4700
5.699999809265137,5.699999809265137,5.599999904632568,5.599999904632568,5.599999904632568,3200
5.5,5.5,5.5,5.5,5.5,200
5.5,5.5,5.5,5.5,5.5,0
5.5,5.5,5.5,5.5,5.5,0
5.150000095367432,5.25,4.849999904632568,4.849999904632568,4.849999904632568,7900
4.849999904632568,4.900000095367432,4.849999904632568,4.900000095367432,4.900000095367432,4200
4.949999809265137,4.949999809265137,4.900000095367432,4.900000095367432,4.900000095367432,800
4.900000095367432,4.900000095367432,4.900000095367432,4.900000095367432,4.900000095367432,300
4.980000019073486,5.119999885559082,4.980000019073486,5.119999885559082,5.119999885559082,15100
5.119999885559082,5.119999885559082,5.119999885559082,5.119999885559082,5.119999885559082,0
5.25,5.5,5.25,5.5,5.5,30200
5.599999904632568,5.949999809265137,5.599999904632568,5.949999809265137,5.949999809265137,1300
6.050000190734863,6.050000190734863,5.949999809265137,6.050000190734863,6.050000190734863,300
6.050000190734863,6.050000190734863,6.050000190734863,6.050000190734863,6.050000190734863,0
6.0,6.0,6.0,6.0,6.0,100
5.949999809265137,5.949999809265137,5.949999809265137,5.949999809265137,5.949999809265137,100
5.949999809265137,5.949999809265137,5.949999809265137,5.949999809265137,5.949999809265137,1600
5.949999809265137,5.949999809265137,5.949999809265137,5.949999809265137,5.949999809265137,0
6.0,6.0,6.0,6.0,6.0,500
6.0,6.0,6.0,6.0,6.0,0
6.099999904632568,6.099999904632568,5.900000095367432,5.900000095367432,5.900000095367432,1400
5.800000190734863,5.800000190734863,5.5,5.5,5.5,4100
5.400000095367432,5.400000095367432,5.25,5.25,5.25,4500
5.199999809265137,5.199999809265137,5.050000190734863,5.050000190734863,5.050000190734863,9000
5.0,5.0,4.900000095367432,4.900000095367432,4.900000095367432,1300
5.0,5.0,4.849999904632568,4.849999904632568,4.849999904632568,9300
4.789999961853027,4.789999961853027,4.599999904632568,4.619999885559082,4.619999885559082,8900
4.599999904632568,4.599999904632568,4.599999904632568,4.599999904632568,4.599999904632568,100
4.5,5.099999904632568,4.5,5.0,5.0,9700
5.0,5.0,5.0,5.0,5.0,0
5.099999904632568,5.099999904632568,5.099999904632568,5.099999904632568,5.099999904632568,1600
5.099999904632568,5.099999904632568,5.099999904632568,5.099999904632568,5.099999904632568,2000
5.0,5.199999809265137,5.0,5.199999809265137,5.199999809265137,7500
5.199999809265137,5.199999809265137,5.199999809265137,5.199999809265137,5.199999809265137,0
5.199999809265137,5.199999809265137,5.199999809265137,5.199999809265137,5.199999809265137,0
5.199999809265137,5.199999809265137,5.199999809265137,5.199999809265137,5.199999809265137,1500
5.199999809265137,5.199999809265137,5.199999809265137,5.199999809265137,5.199999809265137,100
5.099999904632568,5.099999904632568,5.099999904632568,5.099999904632568,5.099999904632568,500
5.099999904632568,5.099999904632568,5.099999904632568,5.099999904632568,5.099999904632568,0
5.099999904632568,5.099999904632568,5.099999904632568,5.099999904632568,5.099999904632568,0
5.099999904632568,5.099999904632568,5.099999904632568,5.099999904632568,5.099999904632568,0
5.099999904632568,5.099999904632568,5.099999904632568,5.099999904632568,5.099999904632568,0
5.179999828338623,5.199999809265137,5.150000095367432,5.150000095367432,5.150000095367432,1700
5.190000057220459,5.25,5.190000057220459,5.25,5.25,17200
5.25,5.25,5.25,5.25,5.25,5000
5.210000038146973,5.210000038146973,5.210000038146973,5.210000038146973,5.210000038146973,200
5.25,5.25,5.25,5.25,5.25,200
5.25,5.25,5.25,5.25,5.25,400
5.25,5.25,5.25,5.25,5.25,0
5.25,5.25,5.25,5.25,5.25,500
5.150000095367432,5.25,5.150000095367432,5.25,5.25,2900
5.150000095367432,5.150000095367432,5.150000095367432,5.150000095367432,5.150000095367432,100
5.150000095367432,5.150000095367432,5.150000095367432,5.150000095367432,5.150000095367432,0
5.050000190734863,5.050000190734863,5.050000190734863,5.050000190734863,5.050000190734863,1000
5.0,5.0,5.0,5.0,5.0,500
5.0,5.0,5.0,5.0,5.0,7000
5.0,5.0,5.0,5.0,5.0,3000
5.0,5.0,5.0,5.0,5.0,0
5.0,5.0,5.0,5.0,5.0,100
4.900000095367432,5.0,4.900000095367432,4.960000038146973,4.960000038146973,7800
4.960000038146973,5.0,4.900000095367432,5.0,5.0,20500
4.949999809265137,5.099999904632568,4.949999809265137,5.099999904632568,5.099999904632568,16200
5.099999904632568,5.099999904632568,5.099999904632568,5.099999904632568,5.099999904632568,0
5.099999904632568,5.099999904632568,5.0,5.0,5.0,4500
4.949999809265137,5.0,4.949999809265137,5.0,5.0,1000
5.0,5.079999923706055,5.0,5.0,5.0,33000
5.0,5.0,5.0,5.0,5.0,74000
5.099999904632568,5.150000095367432,5.099999904632568,5.150000095367432,5.150000095367432,2400
5.199999809265137,5.550000190734863,5.199999809265137,5.550000190734863,5.550000190734863,8800
5.5,5.5,5.5,5.5,5.5,1200
5.400000095367432,5.400000095367432,5.400000095367432,5.400000095367432,5.400000095367432,100
5.300000190734863,5.300000190734863,5.110000133514404,5.28000020980835,5.28000020980835,72000
5.28000020980835,5.28000020980835,5.28000020980835,5.28000020980835,5.28000020980835,0
5.300000190734863,5.349999904632568,5.300000190734863,5.349999904632568,5.349999904632568,3200
5.349999904632568,5.349999904632568,5.349999904632568,5.349999904632568,5.349999904632568,100
5.349999904632568,5.400000095367432,5.349999904632568,5.400000095367432,5.400000095367432,12200
5.400000095367432,5.400000095367432,5.400000095367432,5.400000095367432,5.400000095367432,2000
5.449999809265137,5.800000190734863,5.449999809265137,5.800000190734863,5.800000190734863,13600
5.849999904632568,6.0,5.849999904632568,6.0,6.0,5100
6.0,6.119999885559082,6.0,6.0,6.0,1300
6.25,6.25,5.849999904632568,5.949999809265137,5.949999809265137,6500
5.949999809265137,5.949999809265137,5.949999809265137,5.949999809265137,5.949999809265137,0
5.849999904632568,5.849999904632568,5.849999904632568,5.849999904632568,5.849999904632568,1000
5.949999809265137,5.980000019073486,5.949999809265137,5.980000019073486,5.980000019073486,1000
5.980000019073486,5.980000019073486,5.980000019073486,5.980000019073486,5.980000019073486,0
5.980000019073486,5.980000019073486,5.980000019073486,5.980000019073486,5.980000019073486,0
6.0,6.0,6.0,6.0,6.0,10900
6.0,6.0,6.0,6.0,6.0,6000
6.0,6.0,6.0,6.0,6.0,0
5.900000095367432,5.900000095367432,5.900000095367432,5.900000095367432,5.900000095367432,1000
5.900000095367432,5.900000095367432,5.900000095367432,5.900000095367432,5.900000095367432,0
6.0,6.0,5.949999809265137,5.949999809265137,5.949999809265137,4800
6.0,6.0,6.0,6.0,6.0,68000
5.920000076293945,5.920000076293945,5.920000076293945,5.920000076293945,5.920000076293945,200
5.920000076293945,5.920000076293945,5.920000076293945,5.920000076293945,5.920000076293945,0
5.920000076293945,5.920000076293945,5.920000076293945,5.920000076293945,5.920000076293945,0
5.920000076293945,5.920000076293945,5.920000076293945,5.920000076293945,5.920000076293945,0
6.0,6.0,6.0,6.0,6.0,17600
5.989999771118164,5.989999771118164,5.900000095367432,5.900000095367432,5.900000095367432,60800
5.989999771118164,6.0,5.989999771118164,6.0,6.0,15000
6.0,6.0,6.0,6.0,6.0,0
6.0,6.0,6.0,6.0,6.0,0
6.0,6.0,6.0,6.0,6.0,1000
6.0,6.0,6.0,6.0,6.0,0
6.010000228881836,6.099999904632568,6.010000228881836,6.099999904632568,6.099999904632568,27000
6.099999904632568,6.099999904632568,6.099999904632568,6.099999904632568,6.099999904632568,20000
6.0,6.099999904632568,6.0,6.059999942779541,6.059999942779541,6500
6.199999809265137,6.25,6.150000095367432,6.199999809265137,6.199999809265137,8800
6.300000190734863,6.300000190734863,6.300000190734863,6.300000190734863,6.300000190734863,2500
6.199999809265137,6.21999979019165,6.199999809265137,6.199999809265137,6.199999809265137,30000
6.199999809265137,6.199999809265137,6.199999809265137,6.199999809265137,6.199999809265137,0
6.210000038146973,6.300000190734863,6.210000038146973,6.300000190734863,6.300000190734863,500
6.300000190734863,6.300000190734863,6.300000190734863,6.300000190734863,6.300000190734863,0
6.199999809265137,6.199999809265137,6.099999904632568,6.099999904632568,6.099999904632568,1000
6.099999904632568,6.099999904632568,6.099999904632568,6.099999904632568,6.099999904632568,0
6.099999904632568,6.099999904632568,6.0,6.0,6.0,2200
5.900000095367432,6.199999809265137,5.800000190734863,6.199999809265137,6.199999809265137,34500
6.199999809265137,6.199999809265137,6.199999809265137,6.199999809265137,6.199999809265137,0
6.190000057220459,6.190000057220459,6.190000057220459,6.190000057220459,6.190000057220459,200
6.190000057220459,6.190000057220459,6.190000057220459,6.190000057220459,6.190000057220459,0
6.150000095367432,6.150000095367432,6.150000095367432,6.150000095367432,6.150000095367432,500
6.050000190734863,6.050000190734863,6.0,6.0,6.0,11000
6.0,6.03000020980835,6.0,6.03000020980835,6.03000020980835,700
6.0,6.079999923706055,6.0,6.079999923706055,6.079999923706055,7600
6.0,6.400000095367432,6.0,6.400000095367432,6.400000095367432,7200
6.429999828338623,6.769999980926514,6.429999828338623,6.75,6.75,14000
6.650000095367432,6.650000095367432,6.599999904632568,6.599999904632568,6.599999904632568,5200
6.599999904632568,6.599999904632568,6.599999904632568,6.599999904632568,6.599999904632568,30000
6.599999904632568,6.710000038146973,6.599999904632568,6.710000038146973,6.710000038146973,23200
6.699999809265137,6.75,6.699999809265137,6.75,6.75,10400
6.710000038146973,6.949999809265137,6.710000038146973,6.949999809265137,6.949999809265137,8200
7.0,7.0,6.5,6.579999923706055,6.579999923706055,28400
6.400000095367432,6.400000095367432,6.28000020980835,6.329999923706055,6.329999923706055,4000
6.300000190734863,6.300000190734863,6.0,6.059999942779541,6.059999942779541,82800
6.159999847412109,6.159999847412109,6.139999866485596,6.139999866485596,6.139999866485596,600
6.139999866485596,6.139999866485596,6.139999866485596,6.139999866485596,6.139999866485596,100
6.139999866485596,6.139999866485596,6.139999866485596,6.139999866485596,6.139999866485596,0
6.139999866485596,6.139999866485596,6.139999866485596,6.139999866485596,6.139999866485596,0
6.139999866485596,6.139999866485596,6.0,6.0,6.0,25100
6.0,6.010000228881836,5.949999809265137,5.949999809265137,5.949999809265137,27100
6.0,6.090000152587891,5.900000095367432,5.900000095367432,5.900000095367432,10400
5.800000190734863,5.849999904632568,5.650000095367432,5.75,5.75,12000
5.849999904632568,5.849999904632568,5.800000190734863,5.800000190734863,5.800000190734863,5700
5.849999904632568,5.849999904632568,5.769999980926514,5.769999980926514,5.769999980926514,4600
5.760000228881836,5.760000228881836,5.75,5.75,5.75,2100
5.75,5.75,5.739999771118164,5.739999771118164,5.739999771118164,5100
5.75,5.75,5.699999809265137,5.699999809265137,5.699999809265137,10100
5.699999809265137,5.699999809265137,5.599999904632568,5.599999904632568,5.599999904632568,2300
5.539999961853027,5.539999961853027,5.0,5.28000020980835,5.28000020980835,94600
5.28000020980835,5.28000020980835,5.28000020980835,5.28000020980835,5.28000020980835,500
5.400000095367432,5.5,5.400000095367432,5.489999771118164,5.489999771118164,8000
5.489999771118164,5.489999771118164,5.400000095367432,5.449999809265137,5.449999809265137,7700
5.5,5.5,5.5,5.5,5.5,3000
5.400000095367432,5.400000095367432,5.400000095367432,5.400000095367432,5.400000095367432,200
5.400000095367432,5.400000095367432,5.400000095367432,5.400000095367432,5.400000095367432,0
5.400000095367432,5.400000095367432,5.0,5.059999942779541,5.059999942779541,84900
5.110000133514404,5.119999885559082,4.900000095367432,4.96999979019165,4.96999979019165,76000
5.070000171661377,5.099999904632568,4.96999979019165,4.96999979019165,4.96999979019165,17400
5.010000228881836,5.03000020980835,4.940000057220459,5.0,5.0,37400
5.010000228881836,5.059999942779541,5.0,5.039999961853027,5.039999961853027,51900
5.050000190734863,5.239999771118164,5.050000190734863,5.239999771118164,5.239999771118164,4100
5.25,5.25,5.050000190734863,5.050000190734863,5.050000190734863,21300
5.150000095367432,5.230000019073486,5.150000095367432,5.150000095367432,5.150000095367432,46700
5.150000095367432,5.199999809265137,5.150000095367432,5.159999847412109,5.159999847412109,13100
5.150000095367432,5.25,5.150000095367432,5.199999809265137,5.199999809265137,4200
5.190000057220459,5.5,5.190000057220459,5.5,5.5,23000
5.46999979019165,5.5,5.46999979019165,5.5,5.5,106400
5.5,5.650000095367432,5.5,5.599999904632568,5.599999904632568,20500
5.650000095367432,5.650000095367432,5.599999904632568,5.599999904632568,5.599999904632568,200
5.800000190734863,5.849999904632568,5.71999979019165,5.849999904632568,5.849999904632568,16800
5.949999809265137,6.0,5.900000095367432,5.949999809265137,5.949999809265137,53300
6.039999961853027,6.039999961853027,5.760000228881836,5.800000190734863,5.800000190734863,35300
5.880000114440918,5.880000114440918,5.760000228881836,5.840000152587891,5.840000152587891,25700
5.940000057220459,5.940000057220459,5.699999809265137,5.739999771118164,5.739999771118164,23500
5.699999809265137,5.769999980926514,5.699999809265137,5.760000228881836,5.760000228881836,14000
5.800000190734863,5.800000190734863,5.75,5.769999980926514,5.769999980926514,6000
5.800000190734863,5.920000076293945,5.789999961853027,5.880000114440918,5.880000114440918,82600
5.880000114440918,5.900000095367432,5.880000114440918,5.900000095367432,5.900000095367432,5100
5.889999866485596,5.900000095367432,5.820000171661377,5.820000171661377,5.820000171661377,55800
5.829999923706055,5.920000076293945,5.829999923706055,5.920000076293945,5.920000076293945,53300
5.849999904632568,5.920000076293945,5.849999904632568,5.889999866485596,5.889999866485596,19300
5.900000095367432,5.900000095367432,5.900000095367432,5.900000095367432,5.900000095367432,24000
5.889999866485596,5.900000095367432,5.849999904632568,5.900000095367432,5.900000095367432,41100
5.949999809265137,5.980000019073486,5.880000114440918,5.900000095367432,5.900000095367432,68900
5.980000019073486,5.980000019073486,5.900000095367432,5.960000038146973,5.960000038146973,28400
5.900000095367432,5.909999847412109,5.900000095367432,5.909999847412109,5.909999847412109,1500
5.909999847412109,5.909999847412109,5.909999847412109,5.909999847412109,5.909999847412109,0
5.900000095367432,5.96999979019165,5.889999866485596,5.960000038146973,5.960000038146973,38000
5.96999979019165,6.010000228881836,5.96999979019165,6.010000228881836,6.010000228881836,7800
6.099999904632568,6.099999904632568,5.900000095367432,5.900000095367432,5.900000095367432,31400
6.150000095367432,6.150000095367432,6.039999961853027,6.099999904632568,6.099999904632568,34500
6.050000190734863,6.119999885559082,6.039999961853027,6.119999885559082,6.119999885559082,195700
6.150000095367432,6.150000095367432,6.119999885559082,6.150000095367432,6.150000095367432,6500
6.170000076293945,6.199999809265137,6.170000076293945,6.170000076293945,6.170000076293945,142400
6.199999809265137,6.199999809265137,6.110000133514404,6.199999809265137,6.199999809265137,15100
6.210000038146973,6.210000038146973,6.210000038146973,6.210000038146973,6.210000038146973,22000
6.289999961853027,6.400000095367432,6.199999809265137,6.400000095367432,6.400000095367432,18400
6.5,6.510000228881836,6.400000095367432,6.5,6.5,35900
6.400000095367432,6.400000095367432,6.300000190734863,6.300000190734863,6.300000190734863,11100
6.400000095367432,6.5,6.400000095367432,6.400000095367432,6.400000095367432,5100
6.309999942779541,6.420000076293945,6.309999942779541,6.320000171661377,6.320000171661377,2300
6.400000095367432,6.400000095367432,6.25,6.369999885559082,6.369999885559082,5200
6.210000038146973,6.300000190734863,6.099999904632568,6.099999904632568,6.099999904632568,120300
6.199999809265137,6.199999809265137,6.150000095367432,6.150000095367432,6.150000095367432,15300
6.099999904632568,6.110000133514404,6.099999904632568,6.099999904632568,6.099999904632568,39300
6.199999809265137,6.199999809265137,6.099999904632568,6.150000095367432,6.150000095367432,512700
6.099999904632568,6.099999904632568,6.099999904632568,6.099999904632568,6.099999904632568,2500
6.110000133514404,6.150000095367432,6.099999904632568,6.099999904632568,6.099999904632568,69400
6.099999904632568,6.099999904632568,6.099999904632568,6.099999904632568,6.099999904632568,15000
6.099999904632568,6.099999904632568,6.099999904632568,6.099999904632568,6.099999904632568,0
6.099999904632568,6.099999904632568,6.099999904632568,6.099999904632568,6.099999904632568,0
6.099999904632568,6.150000095367432,6.099999904632568,6.150000095367432,6.150000095367432,12900
6.199999809265137,6.210000038146973,6.190000057220459,6.199999809265137,6.199999809265137,28700
6.199999809265137,6.199999809265137,6.199999809265137,6.199999809265137,6.199999809265137,7000
6.099999904632568,6.269999980926514,6.099999904632568,6.170000076293945,6.170000076293945,45300
6.099999904632568,6.199999809265137,6.099999904632568,6.150000095367432,6.150000095367432,31500
6.150000095367432,6.150000095367432,6.150000095367432,6.150000095367432,6.150000095367432,5400
6.150000095367432,6.300000190734863,6.150000095367432,6.260000228881836,6.260000228881836,11200
6.199999809265137,6.300000190734863,6.150000095367432,6.300000190734863,6.300000190734863,16200
6.25,6.25,6.199999809265137,6.239999771118164,6.239999771118164,16400
6.199999809265137,6.300000190734863,6.199999809265137,6.269999980926514,6.269999980926514,1400
6.300000190734863,6.360000133514404,6.300000190734863,6.329999923706055,6.329999923706055,5700
6.25,6.349999904632568,6.25,6.349999904632568,6.349999904632568,14000
6.320000171661377,6.349999904632568,6.25,6.28000020980835,6.28000020980835,12900
6.25,6.260000228881836,6.25,6.25,6.25,900
6.25,6.25,6.25,6.25,6.25,500
6.199999809265137,6.199999809265137,6.159999847412109,6.199999809265137,6.199999809265137,7900
6.170000076293945,6.170000076293945,6.150000095367432,6.159999847412109,6.159999847412109,31100
6.150000095367432,6.159999847412109,6.150000095367432,6.150000095367432,6.150000095367432,33100
6.25,6.289999961853027,6.199999809265137,6.199999809265137,6.199999809265137,13900
6.199999809265137,6.199999809265137,6.199999809265137,6.199999809265137,6.199999809265137,0
6.199999809265137,6.199999809265137,6.199999809265137,6.199999809265137,6.199999809265137,700
6.199999809265137,6.199999809265137,6.199999809265137,6.199999809265137,6.199999809265137,200
6.25,6.269999980926514,6.25,6.269999980926514,6.269999980926514,12800
6.300000190734863,6.300000190734863,6.199999809265137,6.199999809265137,6.199999809265137,8400
6.210000038146973,6.25,6.210000038146973,6.25,6.25,3100
6.300000190734863,6.300000190734863,6.300000190734863,6.300000190734863,6.300000190734863,2500
6.199999809265137,6.199999809265137,6.199999809265137,6.199999809265137,6.199999809265137,3500
6.150000095367432,6.199999809265137,6.150000095367432,6.199999809265137,6.199999809265137,43500
6.150000095367432,6.150000095367432,6.150000095367432,6.150000095367432,6.150000095367432,55500
6.150000095367432,6.199999809265137,6.150000095367432,6.199999809265137,6.199999809265137,461400
6.28000020980835,6.28000020980835,6.199999809265137,6.199999809265137,6.199999809265137,20900
6.199999809265137,6.199999809265137,6.199999809265137,6.199999809265137,6.199999809265137,600
6.199999809265137,6.199999809265137,6.199999809265137,6.199999809265137,6.199999809265137,0
6.150000095367432,6.190000057220459,6.150000095367432,6.150000095367432,6.150000095367432,1600
6.199999809265137,6.199999809265137,5.800000190734863,5.860000133514404,5.860000133514404,13600
5.75,5.75,5.75,5.75,5.75,1500
5.75,5.75,5.75,5.75,5.75,0
5.739999771118164,5.75,5.739999771118164,5.75,5.75,5600
5.739999771118164,5.75,5.369999885559082,5.449999809265137,5.449999809265137,119200
5.5,5.550000190734863,5.400000095367432,5.46999979019165,5.46999979019165,13900
5.449999809265137,5.449999809265137,5.420000076293945,5.429999828338623,5.429999828338623,500
5.389999866485596,5.389999866485596,5.389999866485596,5.389999866485596,5.389999866485596,14300
5.340000152587891,5.349999904632568,5.340000152587891,5.349999904632568,5.349999904632568,9000
5.400000095367432,5.449999809265137,5.400000095367432,5.449999809265137,5.449999809265137,700
5.389999866485596,5.389999866485596,5.369999885559082,5.369999885559082,5.369999885559082,1500
5.320000171661377,5.369999885559082,5.320000171661377,5.369999885559082,5.369999885559082,6300
5.369999885559082,5.400000095367432,5.300000190734863,5.400000095367432,5.400000095367432,24500
5.5,5.5,5.5,5.5,5.5,9500
5.5,5.5,5.5,5.5,5.5,1000
5.489999771118164,5.489999771118164,5.489999771118164,5.489999771118164,5.489999771118164,5000
5.599999904632568,5.599999904632568,5.599999904632568,5.599999904632568,5.599999904632568,300
5.5,5.5,5.400000095367432,5.400000095367432,5.400000095367432,1100
5.400000095367432,5.400000095367432,5.360000133514404,5.360000133514404,5.360000133514404,1500
5.369999885559082,5.369999885559082,5.360000133514404,5.369999885559082,5.369999885559082,1600
5.369999885559082,5.369999885559082,5.369999885559082,5.369999885559082,5.369999885559082,0
5.369999885559082,5.369999885559082,5.369999885559082,5.369999885559082,5.369999885559082,5000
5.269999980926514,5.46999979019165,5.269999980926514,5.400000095367432,5.400000095367432,2900
5.380000114440918,5.380000114440918,5.320000171661377,5.320000171661377,5.320000171661377,10500
5.320000171661377,5.420000076293945,5.320000171661377,5.420000076293945,5.420000076293945,3200
5.320000171661377,5.440000057220459,5.320000171661377,5.360000133514404,5.360000133514404,141500
5.349999904632568,5.349999904632568,5.349999904632568,5.349999904632568,5.349999904632568,100
5.360000133514404,5.400000095367432,5.360000133514404,5.400000095367432,5.400000095367432,31600
5.380000114440918,5.400000095367432,5.380000114440918,5.400000095367432,5.400000095367432,1200
5.369999885559082,5.389999866485596,5.369999885559082,5.389999866485596,5.389999866485596,587400
5.389999866485596,5.449999809265137,5.389999866485596,5.449999809265137,5.449999809265137,16600
5.449999809265137,5.449999809265137,5.449999809265137,5.449999809265137,5.449999809265137,0
5.369999885559082,5.440000057220459,5.369999885559082,5.440000057220459,5.440000057220459,10500
5.440000057220459,5.440000057220459,5.440000057220459,5.440000057220459,5.440000057220459,0
5.489999771118164,5.489999771118164,5.489999771118164,5.489999771118164,5.489999771118164,3800
5.449999809265137,5.5,5.400000095367432,5.5,5.5,1600
5.400000095367432,5.440000057220459,5.369999885559082,5.440000057220459,5.440000057220459,50100
5.440000057220459,5.440000057220459,5.440000057220459,5.440000057220459,5.440000057220459,0
5.440000057220459,5.440000057220459,5.440000057220459,5.440000057220459,5.440000057220459,0
5.440000057220459,5.440000057220459,5.440000057220459,5.440000057220459,5.440000057220459,2600
5.5,5.5,5.5,5.5,5.5,200
5.5,5.5,5.5,5.5,5.5,0
5.5,5.5,5.5,5.5,5.5,0
5.539999961853027,5.599999904632568,5.539999961853027,5.599999904632568,5.599999904632568,10700
5.599999904632568,5.650000095367432,5.5,5.599999904632568,5.599999904632568,36200
5.5,5.550000190734863,5.5,5.550000190734863,5.550000190734863,44300
5.550000190734863,5.550000190734863,5.550000190734863,5.550000190734863,5.550000190734863,0
5.550000190734863,5.550000190734863,5.550000190734863,5.550000190734863,5.550000190734863,0
5.449999809265137,5.550000190734863,5.420000076293945,5.449999809265137,5.449999809265137,3700
5.360000133514404,5.360000133514404,5.360000133514404,5.360000133514404,5.360000133514404,20000
5.389999866485596,5.389999866485596,5.349999904632568,5.360000133514404,5.360000133514404,21600
5.300000190734863,5.340000152587891,5.300000190734863,5.340000152587891,5.340000152587891,700
5.28000020980835,5.300000190734863,5.28000020980835,5.28000020980835,5.28000020980835,2400
5.260000228881836,5.550000190734863,5.260000228881836,5.329999923706055,5.329999923706055,23900
5.260000228881836,5.349999904632568,5.119999885559082,5.119999885559082,5.119999885559082,28200
5.059999942779541,5.059999942779541,4.960000038146973,5.0,5.0,7900
5.099999904632568,5.099999904632568,4.900000095367432,5.0,5.0,15500
5.050000190734863,5.050000190734863,4.760000228881836,4.769999980926514,4.769999980926514,248900
4.75,4.75,4.300000190734863,4.349999904632568,4.349999904632568,388800
4.349999904632568,4.650000095367432,4.349999904632568,4.650000095367432,4.650000095367432,35500
4.599999904632568,5.0,4.599999904632568,5.0,5.0,11600
4.900000095367432,5.0,4.400000095367432,4.570000171661377,4.570000171661377,15700
4.570000171661377,4.670000076293945,4.400000095367432,4.570000171661377,4.570000171661377,4800
4.570000171661377,4.650000095367432,4.349999904632568,4.360000133514404,4.360000133514404,35600
4.360000133514404,4.360000133514404,4.360000133514404,4.360000133514404,4.360000133514404,0
4.449999809265137,4.480000019073486,4.25,4.25,4.25,137500
4.329999923706055,4.5,4.300000190734863,4.389999866485596,4.389999866485596,45000
4.460000038146973,4.489999771118164,4.400000095367432,4.489999771118164,4.489999771118164,19600
4.400000095367432,4.489999771118164,4.400000095367432,4.489999771118164,4.489999771118164,600
4.400000095367432,4.5,4.400000095367432,4.400000095367432,4.400000095367432,2200
4.400000095367432,4.420000076293945,4.300000190734863,4.400000095367432,4.400000095367432,1262400
4.400000095367432,4.449999809265137,4.349999904632568,4.400000095367432,4.400000095367432,8300
4.349999904632568,4.349999904632568,4.0,4.099999904632568,4.099999904632568,65000
4.150000095367432,4.349999904632568,3.910000085830689,3.930000066757202,3.930000066757202,19100
4.0,4.099999904632568,3.990000009536743,4.050000190734863,4.050000190734863,139100
4.050000190734863,4.179999828338623,3.990000009536743,4.0,4.0,875600
3.950000047683716,3.950000047683716,3.849999904632568,3.900000095367432,3.900000095367432,43300
4.0,4.199999809265137,3.900000095367432,4.099999904632568,4.099999904632568,66100
4.25,4.25,4.070000171661377,4.099999904632568,4.099999904632568,23300
4.099999904632568,4.099999904632568,4.099999904632568,4.099999904632568,4.099999904632568,0
4.079999923706055,4.079999923706055,3.950000047683716,3.950000047683716,3.950000047683716,185800
3.880000114440918,4.070000171661377,3.869999885559082,4.03000020980835,4.03000020980835,22100
4.070000171661377,4.199999809265137,4.070000171661377,4.099999904632568,4.099999904632568,13000
4.190000057220459,4.400000095367432,4.150000095367432,4.400000095367432,4.400000095367432,20600
4.349999904632568,4.349999904632568,4.099999904632568,4.199999809265137,4.199999809265137,7100
4.190000057220459,4.190000057220459,4.099999904632568,4.099999904632568,4.099999904632568,2300
4.0,4.130000114440918,4.0,4.099999904632568,4.099999904632568,15700
4.099999904632568,4.099999904632568,4.099999904632568,4.099999904632568,4.099999904632568,0
4.130000114440918,4.130000114440918,4.070000171661377,4.099999904632568,4.099999904632568,19000
4.099999904632568,4.110000133514404,4.099999904632568,4.110000133514404,4.110000133514404,4900
4.070000171661377,4.199999809265137,4.070000171661377,4.199999809265137,4.199999809265137,12700
4.150000095367432,4.25,4.139999866485596,4.150000095367432,4.150000095367432,30300
4.159999847412109,4.349999904632568,4.130000114440918,4.150000095367432,4.150000095367432,35700
4.090000152587891,4.099999904632568,4.090000152587891,4.099999904632568,4.099999904632568,12700
4.050000190734863,4.099999904632568,3.910000085830689,4.099999904632568,4.099999904632568,136400
4.050000190734863,4.090000152587891,4.0,4.059999942779541,4.059999942779541,33400
4.059999942779541,4.059999942779541,4.059999942779541,4.059999942779541,4.059999942779541,0
4.139999866485596,4.139999866485596,4.050000190734863,4.099999904632568,4.099999904632568,16200
4.0,4.050000190734863,4.0,4.050000190734863,4.050000190734863,8300
4.019999980926514,4.019999980926514,3.990000009536743,4.0,4.0,10700
3.950000047683716,4.0,3.950000047683716,3.950000047683716,3.950000047683716,18900
3.9700000286102295,3.990000009536743,3.9700000286102295,3.990000009536743,3.990000009536743,500
3.880000114440918,4.0,3.650000095367432,4.0,4.0,142000
3.650000095367432,3.950000047683716,3.549999952316284,3.890000104904175,3.890000104904175,123500
3.799999952316284,3.900000095367432,3.799999952316284,3.900000095367432,3.900000095367432,16300
3.900000095367432,3.900000095367432,3.859999895095825,3.900000095367432,3.900000095367432,10700
3.869999885559082,3.900000095367432,3.700000047683716,3.799999952316284,3.799999952316284,51200
3.75,3.890000104904175,3.680000066757202,3.7899999618530273,3.7899999618530273,35900
3.549999952316284,3.740000009536743,3.549999952316284,3.7300000190734863,3.7300000190734863,15600
3.799999952316284,3.799999952316284,3.7200000286102295,3.799999952316284,3.799999952316284,128100
3.7899999618530273,3.839999914169312,3.7300000190734863,3.839999914169312,3.839999914169312,17600
3.839999914169312,3.839999914169312,3.839999914169312,3.839999914169312,3.839999914169312,100
3.799999952316284,3.849999904632568,3.799999952316284,3.849999904632568,3.849999904632568,60900
3.880000114440918,4.139999866485596,3.869999885559082,4.0,4.0,394000
4.039999961853027,4.039999961853027,4.010000228881836,4.039999961853027,4.039999961853027,900
4.03000020980835,4.090000152587891,4.0,4.090000152587891,4.090000152587891,36500
4.019999980926514,4.059999942779541,3.9700000286102295,3.9700000286102295,3.9700000286102295,24800
3.910000085830689,3.9600000381469727,3.890000104904175,3.900000095367432,3.900000095367432,13700
3.990000009536743,3.990000009536743,3.990000009536743,3.990000009536743,3.990000009536743,200
3.990000009536743,3.990000009536743,3.910000085830689,3.910000085830689,3.910000085830689,9700
3.910000085830689,3.910000085830689,3.910000085830689,3.910000085830689,3.910000085830689,0
3.9800000190734863,4.019999980926514,3.930000066757202,4.0,4.0,57700
4.050000190734863,4.050000190734863,3.849999904632568,3.940000057220459,3.940000057220459,33700
3.900000095367432,3.920000076293945,3.849999904632568,3.890000104904175,3.890000104904175,31400
3.869999885559082,3.910000085830689,3.799999952316284,3.910000085830689,3.910000085830689,2700
3.859999895095825,3.910000085830689,3.549999952316284,3.839999914169312,3.839999914169312,49600
3.75,3.7699999809265137,3.5999999046325684,3.5999999046325684,3.5999999046325684,59400
3.650000095367432,4.349999904632568,3.650000095367432,4.150000095367432,4.150000095367432,634600
4.0,4.099999904632568,3.9800000190734863,4.099999904632568,4.099999904632568,69000
4.050000190734863,4.170000076293945,4.0,4.150000095367432,4.150000095367432,26200
4.050000190734863,4.059999942779541,4.0,4.03000020980835,4.03000020980835,31000
4.0,4.0,3.7799999713897705,3.990000009536743,3.990000009536743,39100
4.0,4.0,3.880000114440918,3.9800000190734863,3.9800000190734863,16400
3.900000095367432,3.990000009536743,3.900000095367432,3.990000009536743,3.990000009536743,33600
3.900000095367432,3.990000009536743,3.900000095367432,3.990000009536743,3.990000009536743,52000
3.940000057220459,4.0,3.940000057220459,4.0,4.0,2600
3.990000009536743,4.0,3.990000009536743,3.990000009536743,3.990000009536743,27300
3.900000095367432,3.990000009536743,3.900000095367432,3.990000009536743,3.990000009536743,3200
3.900000095367432,4.0,3.900000095367432,3.9600000381469727,3.9600000381469727,6300
3.950000047683716,4.0,3.950000047683716,4.0,4.0,19400
3.859999895095825,4.0,3.5,4.0,4.0,84500
3.869999885559082,3.950000047683716,3.869999885559082,3.950000047683716,3.950000047683716,2600
4.0,4.039999961853027,3.9800000190734863,4.039999961853027,4.039999961853027,27100
4.139999866485596,4.150000095367432,4.050000190734863,4.150000095367432,4.150000095367432,33200
4.110000133514404,4.110000133514404,4.0,4.0,4.0,53200
4.039999961853027,4.150000095367432,3.9600000381469727,4.139999866485596,4.139999866485596,16100
4.050000190734863,4.139999866485596,3.950000047683716,4.139999866485596,4.139999866485596,15800
4.139999866485596,4.199999809265137,4.039999961853027,4.099999904632568,4.099999904632568,70400
4.099999904632568,4.099999904632568,4.039999961853027,4.090000152587891,4.090000152587891,35200
4.099999904632568,4.150000095367432,4.079999923706055,4.079999923706055,4.079999923706055,52700
4.090000152587891,4.150000095367432,3.930000066757202,4.039999961853027,4.039999961853027,136500
3.990000009536743,4.059999942779541,3.9700000286102295,4.0,4.0,76300
4.010000228881836,4.150000095367432,3.950000047683716,4.150000095367432,4.150000095367432,44400
4.099999904632568,4.150000095367432,4.010000228881836,4.150000095367432,4.150000095367432,58800
4.099999904632568,4.25,4.019999980926514,4.239999771118164,4.239999771118164,85000
4.25,4.489999771118164,4.25,4.460000038146973,4.460000038146973,13800
4.389999866485596,4.46999979019165,4.25,4.400000095367432,4.400000095367432,35900
4.349999904632568,4.489999771118164,4.300000190734863,4.440000057220459,4.440000057220459,19700
4.440000057220459,4.5,4.360000133514404,4.400000095367432,4.400000095367432,65300
4.309999942779541,4.380000114440918,4.28000020980835,4.360000133514404,4.360000133514404,14800
4.28000020980835,4.360000133514404,4.28000020980835,4.349999904632568,4.349999904632568,75700
4.449999809265137,4.46999979019165,4.400000095367432,4.449999809265137,4.449999809265137,70200
4.300000190734863,4.449999809265137,4.300000190734863,4.449999809265137,4.449999809265137,6800
4.329999923706055,4.570000171661377,4.329999923706055,4.570000171661377,4.570000171661377,12600
4.53000020980835,4.699999809265137,4.449999809265137,4.639999866485596,4.639999866485596,13900
4.75,4.75,4.679999828338623,4.699999809265137,4.699999809265137,18200
4.650000095367432,5.0,4.650000095367432,4.980000019073486,4.980000019073486,51900
4.889999866485596,4.960000038146973,4.880000114440918,4.900000095367432,4.900000095367432,52600
4.900000095367432,5.0,4.849999904632568,4.900000095367432,4.900000095367432,4900
5.590000152587891,6.0,5.0,5.400000095367432,5.400000095367432,344700
5.559999942779541,5.699999809265137,5.409999847412109,5.489999771118164,5.489999771118164,68800
5.5,5.5,5.289999961853027,5.5,5.5,85600
5.400000095367432,5.679999828338623,5.400000095367432,5.550000190734863,5.550000190734863,21300
5.590000152587891,5.75,5.519999980926514,5.75,5.75,116700
5.75,5.75,5.650000095367432,5.650000095367432,5.650000095367432,32100
5.75,5.75,5.449999809265137,5.480000019073486,5.480000019073486,33700
5.75,5.75,5.400000095367432,5.5,5.5,25600
5.46999979019165,5.46999979019165,5.289999961853027,5.309999942779541,5.309999942779541,13600
5.289999961853027,5.409999847412109,5.179999828338623,5.25,5.25,22100
5.269999980926514,5.300000190734863,5.099999904632568,5.260000228881836,5.260000228881836,84900
5.059999942779541,5.289999961853027,5.050000190734863,5.239999771118164,5.239999771118164,44000
5.059999942779541,5.25,5.059999942779541,5.210000038146973,5.210000038146973,41000
5.139999866485596,5.199999809265137,5.110000133514404,5.150000095367432,5.150000095367432,27200
5.150000095367432,5.25,5.110000133514404,5.210000038146973,5.210000038146973,53200
5.099999904632568,5.25,5.099999904632568,5.25,5.25,6200
5.119999885559082,5.25,5.119999885559082,5.199999809265137,5.199999809265137,81900
5.159999847412109,5.25,5.159999847412109,5.230000019073486,5.230000019073486,60700
5.190000057220459,5.239999771118164,5.190000057220459,5.21999979019165,5.21999979019165,77700
5.170000076293945,5.190000057220459,5.099999904632568,5.159999847412109,5.159999847412109,53400
5.179999828338623,5.190000057220459,5.159999847412109,5.190000057220459,5.190000057220459,3400
5.199999809265137,5.199999809265137,5.159999847412109,5.170000076293945,5.170000076293945,13800
5.150000095367432,5.230000019073486,5.139999866485596,5.179999828338623,5.179999828338623,41000
5.159999847412109,5.25,5.159999847412109,5.239999771118164,5.239999771118164,3700
5.190000057220459,5.5,5.159999847412109,5.480000019073486,5.480000019073486,75900
5.360000133514404,5.710000038146973,5.269999980926514,5.590000152587891,5.590000152587891,84700
5.539999961853027,5.599999904632568,5.409999847412109,5.5,5.5,20700
5.449999809265137,5.559999942779541,5.380000114440918,5.449999809265137,5.449999809265137,31100
5.590000152587891,5.639999866485596,5.409999847412109,5.519999980926514,5.519999980926514,38300
5.5,5.570000171661377,5.349999904632568,5.5,5.5,102600
5.440000057220459,5.440000057220459,5.340000152587891,5.409999847412109,5.409999847412109,60000
5.25,5.400000095367432,5.25,5.28000020980835,5.28000020980835,14900
5.289999961853027,5.289999961853027,5.0,5.0,5.0,96500
4.980000019073486,5.050000190734863,4.920000076293945,4.920000076293945,4.920000076293945,15700
4.920000076293945,4.929999828338623,4.849999904632568,4.889999866485596,4.889999866485596,13500
4.849999904632568,4.849999904632568,4.75,4.760000228881836,4.760000228881836,71900
4.75,4.769999980926514,4.71999979019165,4.739999771118164,4.739999771118164,13900
4.760000228881836,4.849999904632568,4.659999847412109,4.75,4.75,130300
4.670000076293945,4.769999980926514,4.650000095367432,4.71999979019165,4.71999979019165,17400
4.75,4.880000114440918,4.449999809265137,4.849999904632568,4.849999904632568,17200
4.760000228881836,4.860000133514404,4.75,4.75,4.75,5200
4.75,4.840000152587891,4.599999904632568,4.789999961853027,4.789999961853027,8600
4.840000152587891,4.840000152587891,4.739999771118164,4.760000228881836,4.760000228881836,5700
4.739999771118164,4.840000152587891,4.579999923706055,4.679999828338623,4.679999828338623,11400
4.579999923706055,4.730000019073486,4.079999923706055,4.460000038146973,4.460000038146973,41300
4.429999828338623,4.429999828338623,4.099999904632568,4.239999771118164,4.239999771118164,24300
4.159999847412109,4.199999809265137,3.900000095367432,4.03000020980835,4.03000020980835,1085000
4.03000020980835,4.039999961853027,3.9600000381469727,3.990000009536743,3.990000009536743,39000
3.9800000190734863,4.010000228881836,3.9700000286102295,4.010000228881836,4.010000228881836,12700
4.010000228881836,4.25,3.839999914169312,4.019999980926514,4.019999980926514,83400
4.150000095367432,4.21999979019165,3.990000009536743,4.199999809265137,4.199999809265137,39900
4.090000152587891,4.130000114440918,4.050000190734863,4.130000114440918,4.130000114440918,191300
4.070000171661377,4.119999885559082,4.050000190734863,4.119999885559082,4.119999885559082,9300
4.050000190734863,4.260000228881836,4.050000190734863,4.260000228881836,4.260000228881836,32800
4.269999980926514,4.360000133514404,4.25,4.340000152587891,4.340000152587891,99100
4.309999942779541,4.329999923706055,4.28000020980835,4.300000190734863,4.300000190734863,33400
4.289999961853027,4.389999866485596,4.289999961853027,4.389999866485596,4.389999866485596,700
4.320000171661377,4.340000152587891,4.320000171661377,4.340000152587891,4.340000152587891,900
4.340000152587891,4.460000038146973,4.260000228881836,4.260000228881836,4.260000228881836,22200
4.309999942779541,4.380000114440918,4.309999942779541,4.380000114440918,4.380000114440918,11300
4.28000020980835,4.659999847412109,4.28000020980835,4.5,4.5,22100
4.5,4.5,4.5,4.5,4.5,0
4.480000019073486,4.510000228881836,4.409999847412109,4.440000057220459,4.440000057220459,11900
4.480000019073486,4.480000019073486,4.46999979019165,4.46999979019165,4.46999979019165,900
4.440000057220459,4.440000057220459,4.380000114440918,4.380000114440918,4.380000114440918,500
4.380000114440918,4.380000114440918,4.380000114440918,4.380000114440918,4.380000114440918,500
4.480000019073486,4.480000019073486,4.380000114440918,4.400000095367432,4.400000095367432,13100
4.400000095367432,4.400000095367432,4.300000190734863,4.389999866485596,4.389999866485596,10300
4.239999771118164,4.389999866485596,4.239999771118164,4.369999885559082,4.369999885559082,2100
4.289999961853027,4.400000095367432,4.150000095367432,4.349999904632568,4.349999904632568,19900
4.420000076293945,4.420000076293945,4.309999942779541,4.340000152587891,4.340000152587891,3800
4.289999961853027,4.400000095367432,4.25,4.400000095367432,4.400000095367432,16900
4.300000190734863,4.300000190734863,4.119999885559082,4.269999980926514,4.269999980926514,17600
4.300000190734863,4.300000190734863,4.230000019073486,4.300000190734863,4.300000190734863,10500
4.289999961853027,4.300000190734863,4.25,4.25,4.25,8600
4.289999961853027,4.349999904632568,4.25,4.349999904632568,4.349999904632568,22800
4.300000190734863,4.389999866485596,4.230000019073486,4.349999904632568,4.349999904632568,109700
4.309999942779541,4.389999866485596,4.309999942779541,4.389999866485596,4.389999866485596,81400
4.380000114440918,4.380000114440918,4.369999885559082,4.369999885559082,4.369999885559082,400
4.360000133514404,4.440000057220459,4.360000133514404,4.440000057220459,4.440000057220459,8400
4.400000095367432,4.480000019073486,4.309999942779541,4.480000019073486,4.480000019073486,26400
4.480000019073486,4.480000019073486,4.480000019073486,4.480000019073486,4.480000019073486,0
4.46999979019165,4.489999771118164,4.440000057220459,4.480000019073486,4.480000019073486,14800
4.5,4.5,4.400000095367432,4.449999809265137,4.449999809265137,574400
4.400000095367432,4.489999771118164,4.369999885559082,4.380000114440918,4.380000114440918,11100
4.389999866485596,4.429999828338623,4.389999866485596,4.429999828338623,4.429999828338623,2100
4.429999828338623,4.429999828338623,4.349999904632568,4.349999904632568,4.349999904632568,1500
4.380000114440918,4.400000095367432,4.340000152587891,4.400000095367432,4.400000095367432,1207000
4.360000133514404,4.360000133514404,4.360000133514404,4.360000133514404,4.360000133514404,1000
4.25,4.650000095367432,4.25,4.489999771118164,4.489999771118164,35100
4.480000019073486,4.480000019073486,4.480000019073486,4.480000019073486,4.480000019073486,100
4.489999771118164,4.489999771118164,4.489999771118164,4.489999771118164,4.489999771118164,2500
4.400000095367432,4.480000019073486,4.400000095367432,4.480000019073486,4.480000019073486,27800
4.489999771118164,4.489999771118164,4.440000057220459,4.449999809265137,4.449999809265137,3500
4.449999809265137,4.449999809265137,4.449999809265137,4.449999809265137,4.449999809265137,0
4.400000095367432,4.400000095367432,4.300000190734863,4.400000095367432,4.400000095367432,27200
4.400000095367432,4.449999809265137,4.400000095367432,4.449999809265137,4.449999809265137,14800
4.329999923706055,4.449999809265137,4.25,4.449999809265137,4.449999809265137,13600
4.360000133514404,4.449999809265137,4.360000133514404,4.420000076293945,4.420000076293945,35800
4.400000095367432,4.420000076293945,4.389999866485596,4.420000076293945,4.420000076293945,15000
4.400000095367432,4.409999847412109,4.380000114440918,4.400000095367432,4.400000095367432,8800
4.420000076293945,4.429999828338623,4.25,4.25,4.25,55000
4.300000190734863,4.420000076293945,4.300000190734863,4.389999866485596,4.389999866485596,2300
4.300000190734863,4.329999923706055,4.239999771118164,4.329999923706055,4.329999923706055,3300
4.349999904632568,4.429999828338623,4.309999942779541,4.380000114440918,4.380000114440918,600
4.289999961853027,4.369999885559082,4.150000095367432,4.25,4.25,18000
4.110000133514404,4.199999809265137,4.110000133514404,4.199999809265137,4.199999809265137,5700
4.190000057220459,4.329999923706055,4.0,4.0,4.0,70300
4.010000228881836,4.239999771118164,3.950000047683716,4.190000057220459,4.190000057220459,118500
4.110000133514404,4.139999866485596,3.930000066757202,4.139999866485596,4.139999866485596,85600
4.090000152587891,4.130000114440918,4.039999961853027,4.050000190734863,4.050000190734863,11100
4.050000190734863,4.130000114440918,4.010000228881836,4.130000114440918,4.130000114440918,1400
4.099999904632568,4.139999866485596,4.039999961853027,4.139999866485596,4.139999866485596,32800
4.150000095367432,4.150000095367432,4.119999885559082,4.130000114440918,4.130000114440918,5800
4.170000076293945,4.21999979019165,4.150000095367432,4.170000076293945,4.170000076293945,7000
4.159999847412109,4.190000057220459,4.099999904632568,4.159999847412109,4.159999847412109,4700
4.199999809265137,4.25,4.110000133514404,4.25,4.25,14600
4.25,4.25,4.25,4.25,4.25,0
4.340000152587891,4.340000152587891,4.340000152587891,4.340000152587891,4.340000152587891,100
4.289999961853027,4.340000152587891,4.269999980926514,4.329999923706055,4.329999923706055,700
4.389999866485596,4.389999866485596,4.210000038146973,4.28000020980835,4.28000020980835,1200
4.380000114440918,4.380000114440918,4.130000114440918,4.199999809265137,4.199999809265137,2900
4.159999847412109,4.289999961853027,4.099999904632568,4.289999961853027,4.289999961853027,238800
4.130000114440918,4.289999961853027,4.099999904632568,4.289999961853027,4.289999961853027,137400
4.320000171661377,4.329999923706055,4.210000038146973,4.25,4.25,800
4.159999847412109,4.159999847412109,4.099999904632568,4.110000133514404,4.110000133514404,200600
4.119999885559082,4.179999828338623,4.119999885559082,4.119999885559082,4.119999885559082,20200
4.099999904632568,4.110000133514404,4.019999980926514,4.110000133514404,4.110000133514404,21500
4.099999904632568,4.119999885559082,4.099999904632568,4.099999904632568,4.099999904632568,10300
4.059999942779541,4.119999885559082,4.059999942779541,4.079999923706055,4.079999923706055,6600
4.079999923706055,4.079999923706055,4.079999923706055,4.079999923706055,4.079999923706055,1200
4.150000095367432,4.150000095367432,4.050000190734863,4.119999885559082,4.119999885559082,8600
4.110000133514404,4.110000133514404,4.050000190734863,4.079999923706055,4.079999923706055,41300
4.050000190734863,4.090000152587891,4.010000228881836,4.090000152587891,4.090000152587891,79100
4.050000190734863,4.150000095367432,4.050000190734863,4.150000095367432,4.150000095367432,39500
4.090000152587891,4.289999961853027,4.090000152587891,4.139999866485596,4.139999866485596,53100
4.139999866485596,4.150000095367432,4.099999904632568,4.150000095367432,4.150000095367432,39800
4.099999904632568,4.159999847412109,4.050000190734863,4.159999847412109,4.159999847412109,6900
4.159999847412109,4.159999847412109,4.019999980926514,4.019999980926514,4.019999980926514,28700
4.019999980926514,4.050000190734863,4.0,4.039999961853027,4.039999961853027,30100
4.0,4.099999904632568,4.0,4.090000152587891,4.090000152587891,3400
4.099999904632568,4.099999904632568,4.019999980926514,4.019999980926514,4.019999980926514,1100
4.099999904632568,4.099999904632568,4.099999904632568,4.099999904632568,4.099999904632568,2700
4.099999904632568,4.119999885559082,4.099999904632568,4.119999885559082,4.119999885559082,2500
4.079999923706055,4.139999866485596,4.039999961853027,4.130000114440918,4.130000114440918,3700
4.139999866485596,4.139999866485596,4.110000133514404,4.110000133514404,4.110000133514404,5400
4.130000114440918,4.159999847412109,4.130000114440918,4.159999847412109,4.159999847412109,18700
4.21999979019165,4.239999771118164,4.110000133514404,4.21999979019165,4.21999979019165,73000
4.239999771118164,4.289999961853027,4.199999809265137,4.239999771118164,4.239999771118164,99500
4.119999885559082,4.28000020980835,4.119999885559082,4.28000020980835,4.28000020980835,52900
4.210000038146973,4.28000020980835,4.119999885559082,4.199999809265137,4.199999809265137,29700
4.170000076293945,4.25,4.170000076293945,4.199999809265137,4.199999809265137,14900
4.070000171661377,4.25,4.070000171661377,4.25,4.25,45000
4.21999979019165,4.239999771118164,4.21999979019165,4.239999771118164,4.239999771118164,5300
4.320000171661377,4.320000171661377,4.21999979019165,4.28000020980835,4.28000020980835,12500
4.400000095367432,4.400000095367432,4.25,4.269999980926514,4.269999980926514,39700
4.300000190734863,4.300000190734863,4.199999809265137,4.289999961853027,4.289999961853027,12700
4.289999961853027,4.289999961853027,4.260000228881836,4.260000228881836,4.260000228881836,8800
4.289999961853027,4.300000190734863,4.260000228881836,4.300000190734863,4.300000190734863,32700
4.25,4.300000190734863,4.21999979019165,4.300000190734863,4.300000190734863,1700
4.210000038146973,4.349999904632568,4.159999847412109,4.21999979019165,4.21999979019165,50400
4.260000228881836,4.28000020980835,4.199999809265137,4.230000019073486,4.230000019073486,8000
4.25,4.269999980926514,4.190000057220459,4.260000228881836,4.260000228881836,3900
4.130000114440918,4.289999961853027,4.119999885559082,4.269999980926514,4.269999980926514,12300
4.210000038146973,4.28000020980835,4.199999809265137,4.260000228881836,4.260000228881836,1300
4.260000228881836,4.28000020980835,4.21999979019165,4.28000020980835,4.28000020980835,3700
4.230000019073486,4.289999961853027,4.230000019073486,4.289999961853027,4.289999961853027,600
4.230000019073486,4.289999961853027,4.230000019073486,4.289999961853027,4.289999961853027,14600
4.25,4.300000190734863,4.199999809265137,4.260000228881836,4.260000228881836,27800
4.130000114440918,4.289999961853027,4.130000114440918,4.25,4.25,111900
4.179999828338623,4.369999885559082,4.179999828338623,4.369999885559082,4.369999885559082,112700
4.269999980926514,4.380000114440918,4.269999980926514,4.380000114440918,4.380000114440918,61800
4.369999885559082,4.380000114440918,4.300000190734863,4.360000133514404,4.360000133514404,9100
4.300000190734863,4.380000114440918,4.300000190734863,4.349999904632568,4.349999904632568,21100
4.300000190734863,4.409999847412109,4.300000190734863,4.409999847412109,4.409999847412109,24500
4.460000038146973,4.460000038146973,4.25,4.349999904632568,4.349999904632568,9200
4.349999904632568,4.400000095367432,4.300000190734863,4.349999904632568,4.349999904632568,12400
4.349999904632568,4.349999904632568,4.099999904632568,4.199999809265137,4.199999809265137,123500
4.150000095367432,4.199999809265137,4.139999866485596,4.150000095367432,4.150000095367432,25400
4.150000095367432,4.190000057220459,3.9800000190734863,4.150000095367432,4.150000095367432,23400
4.050000190734863,4.099999904632568,4.0,4.050000190734863,4.050000190734863,12400
4.179999828338623,4.179999828338623,3.950000047683716,3.950000047683716,3.950000047683716,2900
4.059999942779541,4.059999942779541,3.9700000286102295,4.0,4.0,3700
4.099999904632568,4.099999904632568,3.990000009536743,3.990000009536743,3.990000009536743,27300
3.950000047683716,3.9600000381469727,3.950000047683716,3.9600000381469727,3.9600000381469727,3300
4.0,4.0,3.869999885559082,3.910000085830689,3.910000085830689,90900
3.900000095367432,3.950000047683716,3.849999904632568,3.900000095367432,3.900000095367432,4200
3.849999904632568,3.849999904632568,3.809999942779541,3.819999933242798,3.819999933242798,4500
3.670000076293945,3.930000066757202,3.670000076293945,3.849999904632568,3.849999904632568,7800
3.940000057220459,3.940000057220459,3.869999885559082,3.869999885559082,3.869999885559082,34600
3.849999904632568,3.849999904632568,3.690000057220459,3.700000047683716,3.700000047683716,10500
4.0,4.0,3.5999999046325684,3.7200000286102295,3.7200000286102295,900
3.5999999046325684,3.75,3.0999999046325684,3.5999999046325684,3.5999999046325684,46700
3.5899999141693115,3.5999999046325684,3.450000047683716,3.450000047683716,3.450000047683716,2900
3.259999990463257,3.400000095367432,3.049999952316284,3.200000047683716,3.200000047683716,14200
3.2100000381469727,3.3499999046325684,3.2100000381469727,3.25,3.25,29000
3.299999952316284,3.299999952316284,2.799999952316284,2.809999942779541,2.809999942779541,52500
2.809999942779541,3.0,2.700000047683716,2.809999942779541,2.809999942779541,26700
2.8499999046325684,3.0,2.7799999713897705,3.0,3.0,11800
3.0,3.0,3.0,3.0,3.0,4700
3.150000095367432,3.25,3.150000095367432,3.220000028610229,3.220000028610229,3600
3.220000028610229,3.3499999046325684,3.220000028610229,3.319999933242798,3.319999933242798,1400
3.200000047683716,3.3299999237060547,3.150000095367432,3.150000095367432,3.150000095367432,37600
3.109999895095825,3.240000009536743,3.0999999046325684,3.150000095367432,3.150000095367432,24300
3.150000095367432,3.2100000381469727,3.109999895095825,3.180000066757202,3.180000066757202,5800
3.180000066757202,3.25,3.150000095367432,3.190000057220459,3.190000057220459,2300
3.150000095367432,3.180000066757202,3.0799999237060547,3.0999999046325684,3.0999999046325684,16000
3.0999999046325684,3.109999895095825,3.049999952316284,3.049999952316284,3.049999952316284,35300
3.0,3.119999885559082,3.0,3.0,3.0,5700
3.0,3.039999961853028,2.8499999046325684,3.0299999713897705,3.0299999713897705,13600
2.9100000858306885,2.990000009536743,2.900000095367432,2.990000009536743,2.990000009536743,2400
2.9800000190734863,2.990000009536743,2.9800000190734863,2.990000009536743,2.990000009536743,4500
2.990000009536743,2.990000009536743,2.990000009536743,2.990000009536743,2.990000009536743,3000
3.0,3.0,2.900000095367432,2.900000095367432,2.900000095367432,16000
2.990000009536743,3.0999999046325684,2.9200000762939453,2.930000066757202,2.930000066757202,20600
2.950000047683716,3.049999952316284,2.799999952316284,2.9800000190734863,2.9800000190734863,16500
2.900000095367432,2.950000047683716,2.799999952316284,2.940000057220459,2.940000057220459,2100
2.900000095367432,2.940000057220459,2.809999942779541,2.809999942779541,2.809999942779541,5900
2.7699999809265137,3.0999999046325684,2.7699999809265137,3.049999952316284,3.049999952316284,180000
3.049999952316284,3.130000114440918,3.049999952316284,3.049999952316284,3.049999952316284,600
3.049999952316284,3.049999952316284,3.0,3.0,3.0,9000
3.0,3.150000095367432,2.9100000858306885,3.0799999237060547,3.0799999237060547,56100
3.0799999237060547,3.0799999237060547,3.0799999237060547,3.0799999237060547,3.0799999237060547,0
2.900000095367432,3.049999952316284,2.799999952316284,2.950000047683716,2.950000047683716,55100
2.940000057220459,3.049999952316284,2.8499999046325684,3.039999961853028,3.039999961853028,96700
2.940000057220459,2.940000057220459,2.609999895095825,2.809999942779541,2.809999942779541,14400
2.930000066757202,2.930000066757202,2.809999942779541,2.900000095367432,2.900000095367432,10800
2.900000095367432,2.900000095367432,2.8399999141693115,2.900000095367432,2.900000095367432,16200
2.900000095367432,2.900000095367432,2.819999933242798,2.900000095367432,2.900000095367432,13100
2.8399999141693115,2.880000114440918,2.8299999237060547,2.8499999046325684,2.8499999046325684,26600
2.809999942779541,2.950000047683716,2.759999990463257,2.8499999046325684,2.8499999046325684,14000
2.799999952316284,2.890000104904175,2.75,2.8499999046325684,2.8499999046325684,21000
2.8499999046325684,2.8499999046325684,2.8399999141693115,2.8399999141693115,2.8399999141693115,200
2.799999952316284,2.799999952316284,2.7100000381469727,2.7300000190734863,2.7300000190734863,7300
3.0,3.0,2.720000028610229,2.740000009536743,2.740000009536743,8800
2.7300000190734863,2.7300000190734863,2.700000047683716,2.700000047683716,2.700000047683716,10200
2.799999952316284,2.799999952316284,2.75,2.75,2.75,3300
2.700000047683716,2.7300000190734863,2.700000047683716,2.7300000190734863,2.7300000190734863,8200
2.7699999809265137,2.7699999809265137,2.75,2.75,2.75,900
2.700000047683716,2.720000028610229,2.609999895095825,2.650000095367432,2.650000095367432,22100
2.650000095367432,2.7100000381469727,2.559999942779541,2.650000095367432,2.650000095367432,21800
2.5899999141693115,2.700000047683716,2.490000009536743,2.5899999141693115,2.5899999141693115,133200
2.619999885559082,2.640000104904175,2.5999999046325684,2.619999885559082,2.619999885559082,29600
2.619999885559082,2.700000047683716,2.549999952316284,2.700000047683716,2.700000047683716,36000
2.700000047683716,2.700000047683716,2.539999961853028,2.559999942779541,2.559999942779541,5400
2.549999952316284,2.5899999141693115,2.549999952316284,2.549999952316284,2.549999952316284,13400
2.5999999046325684,2.700000047683716,2.5899999141693115,2.630000114440918,2.630000114440918,21800
2.5999999046325684,2.5999999046325684,2.539999961853028,2.5899999141693115,2.5899999141693115,14000
2.5999999046325684,2.5999999046325684,2.549999952316284,2.5999999046325684,2.5999999046325684,26300
2.5899999141693115,2.619999885559082,2.549999952316284,2.549999952316284,2.549999952316284,82200
2.549999952316284,2.5799999237060547,2.539999961853028,2.569999933242798,2.569999933242798,96900
2.5899999141693115,2.5899999141693115,2.549999952316284,2.549999952316284,2.549999952316284,21200
2.549999952316284,2.5999999046325684,2.549999952316284,2.549999952316284,2.549999952316284,35300
2.5999999046325684,2.7799999713897705,2.559999942779541,2.5999999046325684,2.5999999046325684,78500
2.5999999046325684,2.5999999046325684,2.5999999046325684,2.5999999046325684,2.5999999046325684,100
2.559999942779541,2.5899999141693115,2.5199999809265137,2.5199999809265137,2.5199999809265137,20400
2.549999952316284,2.559999942779541,2.539999961853028,2.539999961853028,2.539999961853028,29100
2.5899999141693115,2.5899999141693115,2.569999933242798,2.569999933242798,2.569999933242798,1100
2.569999933242798,2.569999933242798,2.569999933242798,2.569999933242798,2.569999933242798,0
2.569999933242798,2.569999933242798,2.5,2.509999990463257,2.509999990463257,61500
2.470000028610229,2.509999990463257,2.400000095367432,2.4600000381469727,2.4600000381469727,30200
2.490000009536743,2.5,2.490000009536743,2.5,2.5,9000
2.4800000190734863,2.490000009536743,2.4800000190734863,2.490000009536743,2.490000009536743,200
2.470000028610229,2.5,2.450000047683716,2.450000047683716,2.450000047683716,17500
2.450000047683716,2.450000047683716,2.450000047683716,2.450000047683716,2.450000047683716,0
2.400000095367432,2.4800000190734863,2.400000095367432,2.4600000381469727,2.4600000381469727,14400
2.4600000381469727,2.5,2.430000066757202,2.430000066757202,2.430000066757202,10300
2.4800000190734863,2.5,2.450000047683716,2.4800000190734863,2.4800000190734863,9900
2.490000009536743,2.5299999713897705,2.4600000381469727,2.470000028610229,2.470000028610229,67700
2.470000028610229,2.470000028610229,2.470000028610229,2.470000028610229,2.470000028610229,0
2.5,2.539999961853028,2.450000047683716,2.450000047683716,2.450000047683716,16700
2.4200000762939453,2.4200000762939453,2.400000095367432,2.4100000858306885,2.4100000858306885,1700
2.430000066757202,2.450000047683716,2.289999961853028,2.289999961853028,2.289999961853028,29500
2.299999952316284,2.400000095367432,2.2799999713897705,2.3399999141693115,2.3399999141693115,18700
2.289999961853028,2.299999952316284,2.240000009536743,2.299999952316284,2.299999952316284,19600
2.299999952316284,2.299999952316284,2.299999952316284,2.299999952316284,2.299999952316284,15000
2.299999952316284,2.4100000858306885,2.299999952316284,2.400000095367432,2.400000095367432,30100
2.450000047683716,2.450000047683716,2.450000047683716,2.450000047683716,2.450000047683716,3000
2.450000047683716,2.5,2.440000057220459,2.5,2.5,41400
2.440000057220459,2.450000047683716,2.430000066757202,2.450000047683716,2.450000047683716,30200
2.4600000381469727,2.549999952316284,2.450000047683716,2.549999952316284,2.549999952316284,31100
2.450000047683716,2.509999990463257,2.3499999046325684,2.3499999046325684,2.3499999046325684,18800
2.380000114440918,2.380000114440918,2.299999952316284,2.3499999046325684,2.3499999046325684,27400
2.400000095367432,2.450000047683716,2.400000095367432,2.450000047683716,2.450000047683716,1000
2.4600000381469727,2.509999990463257,2.4600000381469727,2.509999990463257,2.509999990463257,1500
2.470000028610229,2.539999961853028,2.470000028610229,2.5,2.5,3300
2.490000009536743,2.630000114440918,2.490000009536743,2.5899999141693115,2.5899999141693115,4300
2.549999952316284,2.549999952316284,2.549999952316284,2.549999952316284,2.549999952316284,2300
2.5299999713897705,2.5999999046325684,2.5,2.5,2.5,52200
2.5,2.549999952316284,2.450000047683716,2.549999952316284,2.549999952316284,2900
2.3299999237060547,2.5,2.3299999237060547,2.440000057220459,2.440000057220459,2200
2.380000114440918,2.430000066757202,2.380000114440918,2.430000066757202,2.430000066757202,1700
2.4800000190734863,2.5,2.400000095367432,2.400000095367432,2.400000095367432,18100
2.400000095367432,2.400000095367432,2.400000095367432,2.400000095367432,2.400000095367432,0
2.440000057220459,2.440000057220459,2.440000057220459,2.440000057220459,2.440000057220459,200
2.3299999237060547,2.3299999237060547,2.3299999237060547,2.3299999237060547,2.3299999237060547,700
2.380000114440918,2.4100000858306885,2.299999952316284,2.299999952316284,2.299999952316284,4300
2.3399999141693115,2.3399999141693115,2.289999961853028,2.299999952316284,2.299999952316284,3800
2.299999952316284,2.400000095367432,2.0999999046325684,2.25,2.25,11500
2.2799999713897705,2.289999961853028,2.2799999713897705,2.289999961853028,2.289999961853028,1100
2.3399999141693115,2.380000114440918,2.3399999141693115,2.3399999141693115,2.3399999141693115,1600
2.3499999046325684,2.3499999046325684,2.3499999046325684,2.3499999046325684,2.3499999046325684,3000
2.3399999141693115,2.3399999141693115,2.25,2.25,2.25,31500
2.259999990463257,2.299999952316284,2.2100000381469727,2.2100000381469727,2.2100000381469727,2600
2.299999952316284,2.299999952316284,2.200000047683716,2.240000009536743,2.240000009536743,7400
2.25,2.3299999237060547,2.25,2.2799999713897705,2.2799999713897705,1700
2.25,2.25,2.25,2.25,2.25,100
2.259999990463257,2.490000009536743,2.259999990463257,2.3399999141693115,2.3399999141693115,1700
2.289999961853028,2.289999961853028,2.289999961853028,2.289999961853028,2.289999961853028,100
2.289999961853028,2.289999961853028,2.289999961853028,2.289999961853028,2.289999961853028,0
2.289999961853028,2.3499999046325684,2.140000104904175,2.299999952316284,2.299999952316284,9800
2.259999990463257,2.299999952316284,2.25,2.25,2.25,10800
2.299999952316284,2.299999952316284,2.25,2.299999952316284,2.299999952316284,7100
2.3499999046325684,2.3499999046325684,2.299999952316284,2.299999952316284,2.299999952316284,15100
2.289999961853028,2.299999952316284,2.25,2.299999952316284,2.299999952316284,12700
2.299999952316284,2.299999952316284,2.25,2.25,2.25,37400
2.25,2.25,2.150000095367432,2.200000047683716,2.200000047683716,51500
2.200000047683716,2.200000047683716,2.200000047683716,2.200000047683716,2.200000047683716,3700
2.200000047683716,2.200000047683716,2.190000057220459,2.190000057220459,2.190000057220459,11000
2.25,2.25,2.200000047683716,2.25,2.25,47900
2.259999990463257,2.299999952316284,2.240000009536743,2.299999952316284,2.299999952316284,32000
2.259999990463257,2.299999952316284,2.240000009536743,2.25,2.25,20500
2.25,2.3299999237060547,2.25,2.319999933242798,2.319999933242798,34300
2.259999990463257,2.259999990463257,2.2100000381469727,2.2100000381469727,2.2100000381469727,38000
2.299999952316284,2.3499999046325684,2.2799999713897705,2.3499999046325684,2.3499999046325684,30400
2.299999952316284,2.319999933242798,2.240000009536743,2.240000009536743,2.240000009536743,15800
2.240000009536743,2.240000009536743,2.2300000190734863,2.2300000190734863,2.2300000190734863,11500
2.240000009536743,2.240000009536743,2.2100000381469727,2.2100000381469727,2.2100000381469727,13900
2.2300000190734863,2.2300000190734863,2.2100000381469727,2.220000028610229,2.220000028610229,18100
2.25,2.25,2.25,2.25,2.25,5400
2.289999961853028,2.289999961853028,2.2799999713897705,2.289999961853028,2.289999961853028,2000
2.2699999809265137,2.309999942779541,2.220000028610229,2.299999952316284,2.299999952316284,26000
2.299999952316284,2.5999999046325684,2.299999952316284,2.440000057220459,2.440000057220459,30400
2.450000047683716,2.650000095367432,2.450000047683716,2.609999895095825,2.609999895095825,22700
2.549999952316284,2.650000095367432,2.440000057220459,2.650000095367432,2.650000095367432,7400
2.700000047683716,2.7799999713897705,2.700000047683716,2.75,2.75,3400
2.799999952316284,2.869999885559082,2.799999952316284,2.869999885559082,2.869999885559082,9200
2.799999952316284,2.799999952316284,2.6600000858306885,2.759999990463257,2.759999990463257,11700
2.799999952316284,2.930000066757202,2.799999952316284,2.930000066757202,2.930000066757202,2600
2.799999952316284,2.799999952316284,2.6600000858306885,2.75,2.75,11400
2.7100000381469727,2.7100000381469727,2.5999999046325684,2.5999999046325684,2.5999999046325684,8000
2.549999952316284,2.5799999237060547,2.5,2.549999952316284,2.549999952316284,10300
2.450000047683716,2.539999961853028,2.450000047683716,2.5199999809265137,2.5199999809265137,2500
2.5199999809265137,2.5199999809265137,2.5199999809265137,2.5199999809265137,2.5199999809265137,0
2.5,2.5,2.2699999809265137,2.3499999046325684,2.3499999046325684,24400
2.259999990463257,2.299999952316284,2.25,2.25,2.25,6400
2.259999990463257,2.2699999809265137,2.25,2.25,2.25,48900
2.25,2.289999961853028,2.25,2.289999961853028,2.289999961853028,1800
2.2699999809265137,2.2699999809265137,2.25,2.25,2.25,43700
2.2799999713897705,2.2799999713897705,2.259999990463257,2.2799999713897705,2.2799999713897705,26100
2.3499999046325684,2.3499999046325684,2.240000009536743,2.240000009536743,2.240000009536743,14400
2.240000009536743,2.299999952316284,2.240000009536743,2.289999961853028,2.289999961853028,26900
2.25,2.4200000762939453,2.190000057220459,2.289999961853028,2.289999961853028,6600
2.289999961853028,2.289999961853028,2.289999961853028,2.289999961853028,2.289999961853028,0
2.3399999141693115,2.3399999141693115,2.3399999141693115,2.3399999141693115,2.3399999141693115,1300
2.4200000762939453,2.4200000762939453,2.200000047683716,2.25,2.25,11800
2.25,2.25,2.200000047683716,2.200000047683716,2.200000047683716,17100
2.25,2.539999961853028,2.25,2.390000104904175,2.390000104904175,33100
2.4100000858306885,2.4100000858306885,2.2799999713897705,2.309999942779541,2.309999942779541,10000
2.259999990463257,2.2699999809265137,2.200000047683716,2.2300000190734863,2.2300000190734863,10300
2.299999952316284,2.299999952316284,2.200000047683716,2.240000009536743,2.240000009536743,41800
2.220000028610229,2.2699999809265137,2.220000028610229,2.2699999809265137,2.2699999809265137,11700
2.220000028610229,2.2699999809265137,2.2100000381469727,2.220000028610229,2.220000028610229,37800
2.359999895095825,2.359999895095825,2.190000057220459,2.25,2.25,72600
2.299999952316284,2.3399999141693115,2.240000009536743,2.3399999141693115,2.3399999141693115,44800
2.3399999141693115,2.3399999141693115,2.289999961853028,2.289999961853028,2.289999961853028,74400
2.299999952316284,2.3499999046325684,2.299999952316284,2.3499999046325684,2.3499999046325684,32400
2.299999952316284,2.470000028610229,2.299999952316284,2.440000057220459,2.440000057220459,75500
2.4600000381469727,2.4600000381469727,2.359999895095825,2.380000114440918,2.380000114440918,46800
2.3399999141693115,2.3399999141693115,2.299999952316284,2.319999933242798,2.319999933242798,14300
2.369999885559082,2.390000104904175,2.299999952316284,2.299999952316284,2.299999952316284,2100
2.3299999237060547,2.3299999237060547,2.299999952316284,2.309999942779541,2.309999942779541,12900
2.3499999046325684,2.5,2.3499999046325684,2.5,2.5,30800
2.450000047683716,2.470000028610229,2.3499999046325684,2.400000095367432,2.400000095367432,7500
2.359999895095825,2.359999895095825,2.299999952316284,2.299999952316284,2.299999952316284,18800
2.3299999237060547,2.390000104904175,2.319999933242798,2.369999885559082,2.369999885559082,22000
2.3299999237060547,2.4800000190734863,2.299999952316284,2.319999933242798,2.319999933242798,3700
2.299999952316284,2.380000114440918,2.299999952316284,2.380000114440918,2.380000114440918,700
2.430000066757202,2.5,2.430000066757202,2.5,2.5,3300
2.450000047683716,2.5,2.4100000858306885,2.4100000858306885,2.4100000858306885,4900
2.4100000858306885,2.4100000858306885,2.4100000858306885,2.4100000858306885,2.4100000858306885,0
2.470000028610229,2.490000009536743,2.4100000858306885,2.450000047683716,2.450000047683716,6700
2.450000047683716,2.4600000381469727,2.400000095367432,2.400000095367432,2.400000095367432,9800
2.430000066757202,2.430000066757202,2.299999952316284,2.390000104904175,2.390000104904175,24100
2.369999885559082,2.4800000190734863,2.369999885559082,2.450000047683716,2.450000047683716,13100
2.4800000190734863,2.4800000190734863,2.440000057220459,2.450000047683716,2.450000047683716,8000
2.450000047683716,2.450000047683716,2.440000057220459,2.450000047683716,2.450000047683716,5400
2.400000095367432,2.4200000762939453,2.400000095367432,2.4200000762939453,2.4200000762939453,9200
2.4600000381469727,2.4600000381469727,2.4100000858306885,2.450000047683716,2.450000047683716,300
2.4100000858306885,2.490000009536743,2.369999885559082,2.380000114440918,2.380000114440918,13300
2.4200000762939453,2.450000047683716,2.380000114440918,2.4100000858306885,2.4100000858306885,20500
2.400000095367432,2.400000095367432,2.380000114440918,2.380000114440918,2.380000114440918,17100
2.400000095367432,2.400000095367432,2.400000095367432,2.400000095367432,2.400000095367432,2300
2.390000104904175,2.390000104904175,2.380000114440918,2.390000104904175,2.390000104904175,15100
2.390000104904175,2.390000104904175,2.380000114440918,2.390000104904175,2.390000104904175,12100
2.440000057220459,2.470000028610229,2.440000057220459,2.470000028610229,2.470000028610229,5900
2.440000057220459,2.490000009536743,2.440000057220459,2.4600000381469727,2.4600000381469727,500
2.450000047683716,2.5199999809265137,2.4200000762939453,2.4200000762939453,2.4200000762939453,9000
2.430000066757202,2.5,2.430000066757202,2.470000028610229,2.470000028610229,11300
2.470000028610229,2.539999961853028,2.470000028610229,2.539999961853028,2.539999961853028,27200
2.5299999713897705,2.559999942779541,2.5199999809265137,2.559999942779541,2.559999942779541,21900
2.5299999713897705,2.680000066757202,2.5299999713897705,2.680000066757202,2.680000066757202,11200
2.700000047683716,2.7799999713897705,2.5999999046325684,2.7300000190734863,2.7300000190734863,20400
2.700000047683716,2.819999933242798,2.700000047683716,2.7799999713897705,2.7799999713897705,24900
2.789999961853028,2.789999961853028,2.400000095367432,2.4800000190734863,2.4800000190734863,10300
2.4800000190734863,2.4800000190734863,2.259999990463257,2.259999990463257,2.259999990463257,9700
2.450000047683716,2.450000047683716,2.2300000190734863,2.259999990463257,2.259999990463257,19000
2.2699999809265137,2.2699999809265137,2.0,2.119999885559082,2.119999885559082,41800
2.140000104904175,2.200000047683716,2.109999895095825,2.1700000762939453,2.1700000762939453,40800
2.2300000190734863,2.2300000190734863,2.0799999237060547,2.109999895095825,2.109999895095825,24300
2.0899999141693115,2.150000095367432,2.0899999141693115,2.140000104904175,2.140000104904175,11100
2.119999885559082,2.1700000762939453,2.0999999046325684,2.0999999046325684,2.0999999046325684,21600
2.150000095367432,2.1600000858306885,2.109999895095825,2.150000095367432,2.150000095367432,13000
2.1600000858306885,2.289999961853028,2.1600000858306885,2.240000009536743,2.240000009536743,25000
2.289999961853028,2.289999961853028,2.200000047683716,2.2799999713897705,2.2799999713897705,9100
2.289999961853028,2.289999961853028,2.150000095367432,2.25,2.25,24300
2.259999990463257,2.299999952316284,2.2300000190734863,2.299999952316284,2.299999952316284,29100
2.289999961853028,2.369999885559082,2.200000047683716,2.369999885559082,2.369999885559082,7200
2.3299999237060547,2.380000114440918,2.2300000190734863,2.3499999046325684,2.3499999046325684,109100
2.289999961853028,2.3299999237060547,2.240000009536743,2.3299999237060547,2.3299999237060547,56100
2.2799999713897705,2.3399999141693115,2.240000009536743,2.3299999237060547,2.3299999237060547,7000
2.319999933242798,2.319999933242798,2.200000047683716,2.25,2.25,12300
2.2100000381469727,2.220000028610229,2.2100000381469727,2.2100000381469727,2.2100000381469727,16600
2.220000028610229,2.220000028610229,2.220000028610229,2.220000028610229,2.220000028610229,6300
2.2100000381469727,2.25,2.2100000381469727,2.25,2.25,4400
2.25,2.25,2.240000009536743,2.240000009536743,2.240000009536743,1000
2.220000028610229,2.220000028610229,2.1700000762939453,2.180000066757202,2.180000066757202,2100
2.180000066757202,2.180000066757202,2.109999895095825,2.150000095367432,2.150000095367432,7700
2.0899999141693115,2.25,2.0899999141693115,2.200000047683716,2.200000047683716,13900
2.190000057220459,2.190000057220459,2.119999885559082,2.180000066757202,2.180000066757202,1600
2.180000066757202,2.25,2.180000066757202,2.180000066757202,2.180000066757202,8700
2.190000057220459,2.220000028610229,2.1700000762939453,2.200000047683716,2.200000047683716,29200
2.400000095367432,2.490000009536743,2.25,2.3399999141693115,2.3399999141693115,38300
2.299999952316284,2.380000114440918,2.299999952316284,2.309999942779541,2.309999942779541,29800
2.3399999141693115,2.5,2.3399999141693115,2.380000114440918,2.380000114440918,8000
2.380000114440918,2.380000114440918,2.3299999237060547,2.380000114440918,2.380000114440918,1700
2.3399999141693115,2.3399999141693115,2.3299999237060547,2.3299999237060547,2.3299999237060547,600
2.319999933242798,2.3299999237060547,2.2799999713897705,2.299999952316284,2.299999952316284,19100
2.2699999809265137,2.2699999809265137,2.25,2.25,2.25,4900
2.200000047683716,2.2699999809265137,2.200000047683716,2.259999990463257,2.259999990463257,12400
2.2100000381469727,2.2300000190734863,2.1600000858306885,2.2300000190734863,2.2300000190734863,8900
2.200000047683716,2.289999961853028,2.180000066757202,2.289999961853028,2.289999961853028,2600
2.319999933242798,2.359999895095825,2.319999933242798,2.3399999141693115,2.3399999141693115,11900
2.3499999046325684,2.359999895095825,2.3499999046325684,2.359999895095825,2.359999895095825,32800
2.359999895095825,2.380000114440918,2.3399999141693115,2.3399999141693115,2.3399999141693115,24300
2.539999961853028,2.539999961853028,2.3299999237060547,2.3299999237060547,2.3299999237060547,44100
2.3499999046325684,2.380000114440918,2.299999952316284,2.369999885559082,2.369999885559082,13900
2.380000114440918,2.380000114440918,2.380000114440918,2.380000114440918,2.380000114440918,600
2.3499999046325684,2.440000057220459,2.3499999046325684,2.4200000762939453,2.4200000762939453,40800
2.4200000762939453,2.470000028610229,2.400000095367432,2.450000047683716,2.450000047683716,34400
2.450000047683716,2.4800000190734863,2.440000057220459,2.4600000381469727,2.4600000381469727,38700
2.4800000190734863,2.490000009536743,2.4600000381469727,2.4600000381469727,2.4600000381469727,500
2.4600000381469727,2.569999933242798,2.450000047683716,2.509999990463257,2.509999990463257,81800
2.509999990463257,2.5299999713897705,2.5,2.5299999713897705,2.5299999713897705,10400
2.4800000190734863,2.5,2.470000028610229,2.5,2.5,2900
2.549999952316284,2.569999933242798,2.539999961853028,2.559999942779541,2.559999942779541,3300
2.559999942779541,2.559999942779541,2.559999942779541,2.559999942779541,2.559999942779541,0
2.609999895095825,2.7100000381469727,2.5999999046325684,2.7100000381469727,2.7100000381469727,51900
2.720000028610229,2.720000028610229,2.6700000762939453,2.700000047683716,2.700000047683716,29900
2.700000047683716,2.720000028610229,2.6700000762939453,2.720000028610229,2.720000028610229,38400
2.7100000381469727,2.720000028610229,2.700000047683716,2.700000047683716,2.700000047683716,36300
2.700000047683716,2.890000104904175,2.700000047683716,2.880000114440918,2.880000114440918,103400
2.9100000858306885,2.9100000858306885,2.819999933242798,2.900000095367432,2.900000095367432,52200
2.900000095367432,2.940000057220459,2.900000095367432,2.9100000858306885,2.9100000858306885,299200
2.9100000858306885,2.9100000858306885,2.740000009536743,2.740000009536743,2.740000009536743,82400
2.7100000381469727,2.7100000381469727,2.5799999237060547,2.5999999046325684,2.5999999046325684,51300
2.4200000762939453,2.6700000762939453,2.4200000762939453,2.6700000762939453,2.6700000762939453,4100
2.650000095367432,2.680000066757202,2.5999999046325684,2.5999999046325684,2.5999999046325684,16000
2.5999999046325684,2.5999999046325684,2.5999999046325684,2.5999999046325684,2.5999999046325684,100
2.539999961853028,2.539999961853028,2.539999961853028,2.539999961853028,2.539999961853028,2400
2.5899999141693115,2.619999885559082,2.5,2.619999885559082,2.619999885559082,36000
2.609999895095825,2.75,2.5999999046325684,2.5999999046325684,2.5999999046325684,118400
2.5999999046325684,2.609999895095825,2.549999952316284,2.549999952316284,2.549999952316284,36100
2.549999952316284,2.549999952316284,2.549999952316284,2.549999952316284,2.549999952316284,0
2.549999952316284,2.549999952316284,2.549999952316284,2.549999952316284,2.549999952316284,0
2.5,2.509999990463257,2.5,2.509999990463257,2.509999990463257,400
2.400000095367432,2.490000009536743,2.299999952316284,2.490000009536743,2.490000009536743,10800
2.4800000190734863,2.4800000190734863,2.4800000190734863,2.4800000190734863,2.4800000190734863,1100
2.4800000190734863,2.4800000190734863,2.4800000190734863,2.4800000190734863,2.4800000190734863,0
2.3499999046325684,2.4600000381469727,2.3499999046325684,2.4600000381469727,2.4600000381469727,1100
2.400000095367432,2.400000095367432,2.390000104904175,2.390000104904175,2.390000104904175,600
2.400000095367432,2.400000095367432,2.3499999046325684,2.3499999046325684,2.3499999046325684,44800
2.369999885559082,2.380000114440918,2.359999895095825,2.369999885559082,2.369999885559082,14000
2.369999885559082,2.400000095367432,2.3399999141693115,2.369999885559082,2.369999885559082,11800
2.4100000858306885,2.450000047683716,2.400000095367432,2.400000095367432,2.400000095367432,5700
2.4100000858306885,2.4100000858306885,2.3499999046325684,2.369999885559082,2.369999885559082,26600
2.390000104904175,2.400000095367432,2.380000114440918,2.380000114440918,2.380000114440918,3700
2.359999895095825,2.359999895095825,2.3499999046325684,2.359999895095825,2.359999895095825,16600
2.359999895095825,2.450000047683716,2.359999895095825,2.450000047683716,2.450000047683716,17900
2.440000057220459,2.440000057220459,2.4100000858306885,2.440000057220459,2.440000057220459,10100
2.539999961853028,2.539999961853028,2.3499999046325684,2.5,2.5,17600
2.5,2.5,2.4800000190734863,2.5,2.5,61200
2.5299999713897705,2.7799999713897705,2.5,2.759999990463257,2.759999990463257,97000
2.680000066757202,2.799999952316284,2.650000095367432,2.680000066757202,2.680000066757202,34500
2.680000066757202,2.7799999713897705,2.6600000858306885,2.680000066757202,2.680000066757202,32700
2.640000104904175,2.880000114440918,2.640000104904175,2.869999885559082,2.869999885559082,23700
2.900000095367432,3.369999885559082,2.900000095367432,3.0299999713897705,3.0299999713897705,47800
2.9800000190734863,3.009999990463257,2.9600000381469727,3.009999990463257,3.009999990463257,24400
2.970000028610229,3.039999961853028,2.970000028610229,3.0,3.0,11900
3.049999952316284,3.1600000858306885,3.0299999713897705,3.039999961853028,3.039999961853028,13500
3.039999961853028,3.039999961853028,3.0,3.009999990463257,3.009999990463257,15200
3.0,3.0,2.950000047683716,3.0,3.0,13600
3.0,3.0,2.869999885559082,3.0,3.0,20600
2.9800000190734863,3.009999990463257,2.9600000381469727,2.9600000381469727,2.9600000381469727,4200
2.950000047683716,2.970000028610229,2.950000047683716,2.970000028610229,2.970000028610229,2200
2.9600000381469727,3.0,2.900000095367432,2.900000095367432,2.900000095367432,9800
2.9100000858306885,2.9800000190734863,2.900000095367432,2.9800000190734863,2.9800000190734863,3000
2.9200000762939453,2.930000066757202,2.9100000858306885,2.9100000858306885,2.9100000858306885,4200
2.9100000858306885,3.0,2.869999885559082,2.9600000381469727,2.9600000381469727,7800
2.9200000762939453,2.9200000762939453,2.5899999141693115,2.6700000762939453,2.6700000762939453,66600
2.7100000381469727,2.759999990463257,2.700000047683716,2.759999990463257,2.759999990463257,5300
2.7799999713897705,2.7799999713897705,2.7100000381469727,2.740000009536743,2.740000009536743,11700
2.740000009536743,2.7799999713897705,2.7100000381469727,2.7799999713897705,2.7799999713897705,2900
2.7799999713897705,2.940000057220459,2.7799999713897705,2.8399999141693115,2.8399999141693115,7600
2.799999952316284,2.799999952316284,2.5,2.740000009536743,2.740000009536743,17700
2.799999952316284,2.990000009536743,2.799999952316284,2.990000009536743,2.990000009536743,11000
2.809999942779541,2.990000009536743,2.609999895095825,2.990000009536743,2.990000009536743,9000
2.940000057220459,2.990000009536743,2.9100000858306885,2.950000047683716,2.950000047683716,8200
3.0,3.049999952316284,2.9800000190734863,3.049999952316284,3.049999952316284,17200
3.0,3.0,2.9800000190734863,3.0,3.0,9400
3.049999952316284,3.059999942779541,2.970000028610229,2.970000028610229,2.970000028610229,5600
3.049999952316284,3.049999952316284,2.940000057220459,2.970000028610229,2.970000028610229,15700
2.900000095367432,2.9200000762939453,2.880000114440918,2.880000114440918,2.880000114440918,6300
2.880000114440918,3.109999895095825,2.880000114440918,2.950000047683716,2.950000047683716,7400
2.950000047683716,2.9800000190734863,2.940000057220459,2.9800000190734863,2.9800000190734863,3900
3.049999952316284,3.049999952316284,2.890000104904175,2.930000066757202,2.930000066757202,9000
2.8399999141693115,2.990000009536743,2.799999952316284,2.799999952316284,2.799999952316284,2400
2.819999933242798,3.1600000858306885,2.819999933242798,2.950000047683716,2.950000047683716,13200
3.049999952316284,3.049999952316284,2.8499999046325684,2.970000028610229,2.970000028610229,22500
2.9800000190734863,3.0,2.950000047683716,2.970000028610229,2.970000028610229,5100
3.0,3.0299999713897705,2.900000095367432,2.990000009536743,2.990000009536743,9300
3.0299999713897705,3.039999961853028,2.990000009536743,3.039999961853028,3.039999961853028,3900
2.5299999713897705,2.9800000190734863,2.5299999713897705,2.950000047683716,2.950000047683716,14000
2.950000047683716,2.950000047683716,2.819999933242798,2.900000095367432,2.900000095367432,13500
2.9100000858306885,2.970000028610229,2.9100000858306885,2.950000047683716,2.950000047683716,5600
2.950000047683716,2.9800000190734863,2.950000047683716,2.970000028610229,2.970000028610229,7700
2.9800000190734863,3.049999952316284,2.9200000762939453,3.0,3.0,30400
2.940000057220459,2.990000009536743,2.930000066757202,2.990000009536743,2.990000009536743,1700
2.9600000381469727,2.990000009536743,2.9600000381469727,2.990000009536743,2.990000009536743,1100
2.9100000858306885,3.0,2.9100000858306885,2.950000047683716,2.950000047683716,15400
2.950000047683716,3.0,2.890000104904175,2.9600000381469727,2.9600000381469727,105000
2.900000095367432,2.950000047683716,2.900000095367432,2.950000047683716,2.950000047683716,9800
2.940000057220459,2.950000047683716,2.930000066757202,2.950000047683716,2.950000047683716,14300
3.319999933242798,3.450000047683716,3.25,3.289999961853028,3.289999961853028,997600
3.450000047683716,3.450000047683716,3.299999952316284,3.3499999046325684,3.3499999046325684,145000
3.369999885559082,3.390000104904175,3.3499999046325684,3.369999885559082,3.369999885559082,72200
3.369999885559082,3.430000066757202,3.359999895095825,3.380000114440918,3.380000114440918,63400
3.3399999141693115,3.4800000190734863,3.3399999141693115,3.390000104904175,3.390000104904175,79200
3.400000095367432,3.400000095367432,3.390000104904175,3.400000095367432,3.400000095367432,22500
3.400000095367432,3.4200000762939453,3.400000095367432,3.400000095367432,3.400000095367432,113000
3.440000057220459,3.440000057220459,3.369999885559082,3.4100000858306885,3.4100000858306885,217700
3.400000095367432,3.5,3.400000095367432,3.4200000762939453,3.4200000762939453,32900
3.450000047683716,3.450000047683716,3.299999952316284,3.299999952316284,3.299999952316284,48900
3.3499999046325684,3.369999885559082,3.299999952316284,3.299999952316284,3.299999952316284,33900
3.309999942779541,3.3299999237060547,3.2699999809265137,3.299999952316284,3.299999952316284,28600
3.440000057220459,3.440000057220459,3.25,3.440000057220459,3.440000057220459,20100
3.440000057220459,3.4800000190734863,3.4200000762939453,3.470000028610229,3.470000028610229,13800
3.5,3.569999933242798,3.5,3.569999933242798,3.569999933242798,39000
3.569999933242798,3.5899999141693115,3.559999942779541,3.559999942779541,3.559999942779541,24800
3.619999885559082,3.619999885559082,3.5299999713897705,3.569999933242798,3.569999933242798,10400
3.509999990463257,3.5999999046325684,3.509999990463257,3.569999933242798,3.569999933242798,10600
3.569999933242798,3.5999999046325684,3.559999942779541,3.5999999046325684,3.5999999046325684,26800
3.569999933242798,3.569999933242798,3.5,3.549999952316284,3.549999952316284,4700
3.549999952316284,3.5799999237060547,3.539999961853028,3.559999942779541,3.559999942779541,25400
3.559999942779541,3.559999942779541,3.509999990463257,3.549999952316284,3.549999952316284,3100
3.5299999713897705,3.619999885559082,3.5299999713897705,3.619999885559082,3.619999885559082,18600
3.559999942779541,3.630000114440918,3.559999942779541,3.5799999237060547,3.5799999237060547,8200
3.5999999046325684,3.839999914169312,3.549999952316284,3.75,3.75,151500
3.75,3.799999952316284,3.670000076293945,3.7799999713897705,3.7799999713897705,41200
3.7899999618530273,3.809999942779541,3.7100000381469727,3.75,3.75,53100
3.7300000190734863,3.849999904632568,3.680000066757202,3.7100000381469727,3.7100000381469727,34500
3.7300000190734863,3.869999885559082,3.700000047683716,3.859999895095825,3.859999895095825,124500
3.849999904632568,3.869999885559082,3.849999904632568,3.869999885559082,3.869999885559082,26300
3.849999904632568,3.880000114440918,3.809999942779541,3.829999923706055,3.829999923706055,17000
3.829999923706055,3.829999923706055,3.799999952316284,3.799999952316284,3.799999952316284,116700
3.849999904632568,3.849999904632568,3.759999990463257,3.759999990463257,3.759999990463257,1500
3.7100000381469727,3.759999990463257,3.559999942779541,3.5999999046325684,3.5999999046325684,15000
3.5,3.549999952316284,3.5,3.5299999713897705,3.5299999713897705,3600
3.5799999237060547,3.660000085830689,3.5299999713897705,3.5899999141693115,3.5899999141693115,7000
3.440000057220459,3.4800000190734863,3.400000095367432,3.450000047683716,3.450000047683716,68200
3.4600000381469727,3.559999942779541,3.4200000762939453,3.4200000762939453,3.4200000762939453,25200
3.4200000762939453,3.470000028610229,3.4200000762939453,3.440000057220459,3.440000057220459,26300
3.509999990463257,3.5799999237060547,3.4100000858306885,3.4100000858306885,3.4100000858306885,14400
3.359999895095825,3.5,3.359999895095825,3.450000047683716,3.450000047683716,33000
3.450000047683716,3.509999990463257,3.440000057220459,3.4600000381469727,3.4600000381469727,28500
3.4100000858306885,3.549999952316284,3.4100000858306885,3.549999952316284,3.549999952316284,6800
3.5,3.549999952316284,3.369999885559082,3.490000009536743,3.490000009536743,23500
3.5199999809265137,3.5199999809265137,3.4600000381469727,3.4600000381469727,3.4600000381469727,2700
3.509999990463257,3.509999990463257,3.200000047683716,3.440000057220459,3.440000057220459,19200
3.5,3.5,3.3499999046325684,3.430000066757202,3.430000066757202,12200
3.4600000381469727,3.819999933242798,3.4600000381469727,3.5,3.5,8700
3.450000047683716,3.4600000381469727,3.400000095367432,3.440000057220459,3.440000057220459,17300
3.440000057220459,3.509999990463257,3.440000057220459,3.5,3.5,44500
3.549999952316284,3.549999952316284,3.490000009536743,3.490000009536743,3.490000009536743,2300
3.450000047683716,3.450000047683716,3.400000095367432,3.400000095367432,3.400000095367432,1300
3.3499999046325684,3.390000104904175,3.299999952316284,3.3399999141693115,3.3399999141693115,39000
3.390000104904175,3.390000104904175,3.390000104904175,3.390000104904175,3.390000104904175,500
3.390000104904175,3.400000095367432,3.299999952316284,3.390000104904175,3.390000104904175,13200
3.309999942779541,3.3499999046325684,3.200000047683716,3.3499999046325684,3.3499999046325684,15200
3.3299999237060547,3.3399999141693115,3.299999952316284,3.3399999141693115,3.3399999141693115,2900
3.289999961853028,3.3399999141693115,3.240000009536743,3.259999990463257,3.259999990463257,39500
3.200000047683716,3.309999942779541,3.200000047683716,3.309999942779541,3.309999942779541,3000
3.309999942779541,3.470000028610229,3.309999942779541,3.470000028610229,3.470000028610229,8300
3.4100000858306885,3.4600000381469727,3.4100000858306885,3.4600000381469727,3.4600000381469727,11300
3.490000009536743,3.490000009536743,3.400000095367432,3.470000028610229,3.470000028610229,46200
3.4200000762939453,3.490000009536743,3.4200000762939453,3.450000047683716,3.450000047683716,39000
3.450000047683716,3.4600000381469727,3.430000066757202,3.450000047683716,3.450000047683716,49800
3.490000009536743,3.5999999046325684,3.490000009536743,3.5199999809265137,3.5199999809265137,37000
3.5199999809265137,3.5199999809265137,3.5199999809265137,3.5199999809265137,3.5199999809265137,700
3.450000047683716,3.559999942779541,3.450000047683716,3.559999942779541,3.559999942779541,12800
3.490000009536743,3.539999961853028,3.380000114440918,3.4600000381469727,3.4600000381469727,5000
3.4200000762939453,3.450000047683716,3.4200000762939453,3.450000047683716,3.450000047683716,1400
3.4200000762939453,3.490000009536743,3.4200000762939453,3.490000009536743,3.490000009536743,1400
3.490000009536743,3.650000095367432,3.490000009536743,3.650000095367432,3.650000095367432,6400
3.5999999046325684,3.650000095367432,3.5,3.5,3.5,30100
3.569999933242798,3.569999933242798,3.549999952316284,3.569999933242798,3.569999933242798,34400
3.630000114440918,3.650000095367432,3.619999885559082,3.650000095367432,3.650000095367432,2500
3.609999895095825,3.700000047683716,3.609999895095825,3.630000114440918,3.630000114440918,3800
3.630000114440918,3.630000114440918,3.559999942779541,3.5999999046325684,3.5999999046325684,3500
3.4100000858306885,3.619999885559082,3.4100000858306885,3.549999952316284,3.549999952316284,1700
3.549999952316284,3.549999952316284,3.4600000381469727,3.5,3.5,10200
3.559999942779541,3.650000095367432,3.549999952316284,3.650000095367432,3.650000095367432,61900
3.5999999046325684,3.5999999046325684,3.430000066757202,3.5,3.5,16200
3.509999990463257,3.700000047683716,3.509999990463257,3.5299999713897705,3.5299999713897705,51100
3.4600000381469727,3.549999952316284,3.430000066757202,3.430000066757202,3.430000066757202,2100
3.380000114440918,3.5,3.380000114440918,3.490000009536743,3.490000009536743,37800
3.450000047683716,3.640000104904175,3.400000095367432,3.4800000190734863,3.4800000190734863,2600
3.4800000190734863,3.4800000190734863,3.400000095367432,3.4100000858306885,3.4100000858306885,3600
3.3499999046325684,3.5,3.130000114440918,3.25,3.25,15500
3.3499999046325684,3.3499999046325684,3.2699999809265137,3.2799999713897705,3.2799999713897705,9400
3.220000028610229,3.289999961853028,3.0199999809265137,3.25,3.25,22100
3.3299999237060547,3.5299999713897705,3.200000047683716,3.4100000858306885,3.4100000858306885,9200
3.309999942779541,3.3399999141693115,3.2100000381469727,3.3399999141693115,3.3399999141693115,2400
3.2100000381469727,3.2100000381469727,3.0799999237060547,3.119999885559082,3.119999885559082,77300
3.200000047683716,3.25,3.150000095367432,3.2300000190734863,3.2300000190734863,37800
3.25,3.25,3.25,3.25,3.25,1500
3.25,3.25,3.25,3.25,3.25,3700
3.25,3.25,3.200000047683716,3.200000047683716,3.200000047683716,2000
3.25,3.25,3.190000057220459,3.190000057220459,3.190000057220459,7200
3.2100000381469727,3.2100000381469727,3.1600000858306885,3.1600000858306885,3.1600000858306885,2600
3.240000009536743,3.25,3.2300000190734863,3.25,3.25,3900
3.25,3.25,3.0899999141693115,3.190000057220459,3.190000057220459,12700
3.2100000381469727,3.240000009536743,3.200000047683716,3.2300000190734863,3.2300000190734863,20700
3.200000047683716,3.369999885559082,3.150000095367432,3.3299999237060547,3.3299999237060547,18200
3.299999952316284,3.3499999046325684,3.25,3.3499999046325684,3.3499999046325684,16100
3.400000095367432,3.400000095367432,3.3499999046325684,3.3499999046325684,3.3499999046325684,1400
3.3499999046325684,3.3499999046325684,3.3499999046325684,3.3499999046325684,3.3499999046325684,0
3.3399999141693115,3.3399999141693115,3.319999933242798,3.319999933242798,3.319999933242798,1400
3.299999952316284,3.299999952316284,3.25,3.25,3.25,800
3.3399999141693115,3.359999895095825,3.299999952316284,3.309999942779541,3.309999942779541,13700
3.319999933242798,3.3399999141693115,3.2699999809265137,3.299999952316284,3.299999952316284,8400
3.2699999809265137,3.2699999809265137,3.0,3.2300000190734863,3.2300000190734863,19400
3.140000104904175,3.299999952316284,3.140000104904175,3.200000047683716,3.200000047683716,62800
3.2300000190734863,3.25,3.2300000190734863,3.25,3.25,900
3.3399999141693115,3.3399999141693115,3.289999961853028,3.289999961853028,3.289999961853028,600
3.25,3.299999952316284,3.200000047683716,3.289999961853028,3.289999961853028,2100
3.200000047683716,3.299999952316284,3.200000047683716,3.299999952316284,3.299999952316284,36200
3.309999942779541,3.309999942779541,3.25,3.25,3.25,700
3.180000066757202,3.180000066757202,3.150000095367432,3.150000095367432,3.150000095367432,38800
3.109999895095825,3.150000095367432,3.0899999141693115,3.150000095367432,3.150000095367432,2700
3.140000104904175,3.150000095367432,3.119999885559082,3.150000095367432,3.150000095367432,37000
3.200000047683716,3.200000047683716,3.150000095367432,3.150000095367432,3.150000095367432,5100
3.25,3.299999952316284,3.25,3.2799999713897705,3.2799999713897705,9200
3.2300000190734863,3.25,3.2300000190734863,3.240000009536743,3.240000009536743,3600
3.140000104904175,3.25,3.140000104904175,3.25,3.25,7300
3.25,3.3399999141693115,3.2300000190734863,3.3399999141693115,3.3399999141693115,1400
3.25,3.259999990463257,3.0999999046325684,3.200000047683716,3.200000047683716,12200
3.1600000858306885,3.180000066757202,3.1600000858306885,3.1700000762939453,3.1700000762939453,2700
3.119999885559082,3.119999885559082,2.990000009536743,3.109999895095825,3.109999895095825,41100
3.0999999046325684,3.0999999046325684,3.059999942779541,3.059999942779541,3.059999942779541,10700
3.200000047683716,3.200000047683716,3.0999999046325684,3.0999999046325684,3.0999999046325684,2900
3.059999942779541,3.059999942779541,3.0,3.0299999713897705,3.0299999713897705,4600
3.0899999141693115,3.0999999046325684,3.0899999141693115,3.0899999141693115,3.0899999141693115,2500
3.0899999141693115,3.0899999141693115,3.0899999141693115,3.0899999141693115,3.0899999141693115,0
3.009999990463257,3.0199999809265137,3.009999990463257,3.0199999809265137,3.0199999809265137,200
3.0299999713897705,3.1600000858306885,2.900000095367432,3.1600000858306885,3.1600000858306885,117400
3.180000066757202,3.25,3.1600000858306885,3.25,3.25,2100
3.200000047683716,3.200000047683716,3.109999895095825,3.1600000858306885,3.1600000858306885,7500
3.1600000858306885,3.200000047683716,3.0799999237060547,3.0999999046325684,3.0999999046325684,10900
3.009999990463257,3.009999990463257,3.0,3.0,3.0,32500
3.0,3.0,2.890000104904175,2.9200000762939453,2.9200000762939453,187700
2.9600000381469727,3.150000095367432,2.9600000381469727,3.150000095367432,3.150000095367432,165200
3.2699999809265137,3.490000009536743,3.0899999141693115,3.3499999046325684,3.3499999046325684,232700
3.309999942779541,3.309999942779541,3.0899999141693115,3.150000095367432,3.150000095367432,108500
3.190000057220459,3.2799999713897705,3.109999895095825,3.2799999713897705,3.2799999713897705,55400
3.299999952316284,3.299999952316284,3.1700000762939453,3.2699999809265137,3.2699999809265137,82600
3.2699999809265137,3.2699999809265137,3.220000028610229,3.240000009536743,3.240000009536743,59000
3.190000057220459,3.2699999809265137,3.0899999141693115,3.2300000190734863,3.2300000190734863,45800
3.259999990463257,3.2699999809265137,3.259999990463257,3.2699999809265137,3.2699999809265137,4700
3.259999990463257,3.259999990463257,3.1600000858306885,3.25,3.25,13200
3.259999990463257,3.259999990463257,3.190000057220459,3.220000028610229,3.220000028610229,67600
3.180000066757202,3.200000047683716,3.109999895095825,3.200000047683716,3.200000047683716,44100
3.25,3.309999942779541,3.200000047683716,3.200000047683716,3.200000047683716,29000
3.200000047683716,3.220000028610229,3.150000095367432,3.220000028610229,3.220000028610229,20600
3.1700000762939453,3.1700000762939453,3.130000114440918,3.1600000858306885,3.1600000858306885,6700
3.0899999141693115,3.190000057220459,3.0799999237060547,3.119999885559082,3.119999885559082,45500
3.240000009536743,3.240000009536743,3.150000095367432,3.200000047683716,3.200000047683716,27900
3.1700000762939453,3.1700000762939453,3.069999933242798,3.1600000858306885,3.1600000858306885,37700
3.180000066757202,3.180000066757202,3.0899999141693115,3.109999895095825,3.109999895095825,4000
3.059999942779541,3.0999999046325684,3.059999942779541,3.0799999237060547,3.0799999237060547,41100
3.0799999237060547,3.140000104904175,3.0799999237060547,3.0799999237060547,3.0799999237060547,5800
3.0999999046325684,3.140000104904175,3.069999933242798,3.130000114440918,3.130000114440918,23900
3.109999895095825,3.130000114440918,3.0899999141693115,3.130000114440918,3.130000114440918,14100
3.130000114440918,3.130000114440918,3.0299999713897705,3.0299999713897705,3.0299999713897705,25900
3.069999933242798,3.069999933242798,2.9800000190734863,3.0199999809265137,3.0199999809265137,44000
3.0199999809265137,3.069999933242798,3.0,3.0199999809265137,3.0199999809265137,7100
3.0299999713897705,3.0899999141693115,2.950000047683716,3.0799999237060547,3.0799999237060547,102900
3.059999942779541,3.059999942779541,2.990000009536743,3.059999942779541,3.059999942779541,41300
3.0,3.049999952316284,2.9800000190734863,3.049999952316284,3.049999952316284,60300
3.009999990463257,3.039999961853028,3.0,3.0,3.0,77600
3.0,3.009999990463257,2.9600000381469727,2.9600000381469727,2.9600000381469727,119000
2.9800000190734863,3.0299999713897705,2.9600000381469727,3.0,3.0,170400
3.0,3.0,3.0,3.0,3.0,5500
3.0,3.0199999809265137,3.0,3.0,3.0,113700
2.9800000190734863,3.049999952316284,2.9800000190734863,3.009999990463257,3.009999990463257,11600
3.009999990463257,3.0299999713897705,2.9600000381469727,3.009999990463257,3.009999990463257,31200
3.0199999809265137,3.0199999809265137,3.0,3.0,3.0,5200
3.0199999809265137,3.0199999809265137,2.9600000381469727,3.0199999809265137,3.0199999809265137,14400
3.0,3.049999952316284,3.0,3.0199999809265137,3.0199999809265137,30500
3.0199999809265137,3.0199999809265137,3.0,3.0,3.0,20100
3.0,3.0299999713897705,2.990000009536743,3.0,3.0,209300
3.009999990463257,3.119999885559082,3.0,3.049999952316284,3.049999952316284,6800
3.049999952316284,3.049999952316284,3.0,3.039999961853028,3.039999961853028,11200
3.049999952316284,3.049999952316284,3.0199999809265137,3.039999961853028,3.039999961853028,6100
3.039999961853028,3.119999885559082,2.9600000381469727,2.9600000381469727,2.9600000381469727,12200
2.9600000381469727,3.049999952316284,2.9600000381469727,2.9800000190734863,2.9800000190734863,6600
3.0,3.0199999809265137,2.930000066757202,2.9600000381469727,2.9600000381469727,11700
3.0,3.049999952316284,2.990000009536743,3.0,3.0,147300
3.009999990463257,3.009999990463257,2.900000095367432,2.930000066757202,2.930000066757202,17700
2.950000047683716,2.990000009536743,2.9100000858306885,2.990000009536743,2.990000009536743,27700
2.930000066757202,3.0,2.9200000762939453,3.0,3.0,8000
2.9600000381469727,3.0,2.880000114440918,2.950000047683716,2.950000047683716,124300
2.9100000858306885,2.9600000381469727,2.900000095367432,2.9200000762939453,2.9200000762939453,12700
2.9100000858306885,2.970000028610229,2.900000095367432,2.970000028610229,2.970000028610229,4200
2.9800000190734863,3.0,2.940000057220459,2.950000047683716,2.950000047683716,44400
2.950000047683716,2.970000028610229,2.9100000858306885,2.9600000381469727,2.9600000381469727,33500
2.970000028610229,3.0899999141693115,2.940000057220459,2.9800000190734863,2.9800000190734863,53100
2.9600000381469727,3.0,2.930000066757202,2.970000028610229,2.970000028610229,33800
2.9800000190734863,2.9800000190734863,2.930000066757202,2.970000028610229,2.970000028610229,30500
2.9600000381469727,3.0299999713897705,2.950000047683716,2.9800000190734863,2.9800000190734863,70800
2.990000009536743,2.990000009536743,2.9600000381469727,2.9800000190734863,2.9800000190734863,53700
2.9600000381469727,2.990000009536743,2.9600000381469727,2.970000028610229,2.970000028610229,26400
2.9600000381469727,2.990000009536743,2.950000047683716,2.9800000190734863,2.9800000190734863,46300
2.990000009536743,2.990000009536743,2.950000047683716,2.950000047683716,2.950000047683716,39300
2.9600000381469727,2.9600000381469727,2.859999895095825,2.900000095367432,2.900000095367432,42700
2.8499999046325684,3.0,2.8499999046325684,3.0,3.0,22400
2.9600000381469727,2.970000028610229,2.950000047683716,2.9600000381469727,2.9600000381469727,47000
2.950000047683716,2.970000028610229,2.930000066757202,2.940000057220459,2.940000057220459,85700
2.950000047683716,3.0299999713897705,2.9200000762939453,3.0299999713897705,3.0299999713897705,52500
2.9800000190734863,2.990000009536743,2.9800000190734863,2.990000009536743,2.990000009536743,14300
3.009999990463257,3.009999990463257,2.9600000381469727,2.9600000381469727,2.9600000381469727,16800
2.990000009536743,2.990000009536743,2.950000047683716,2.9800000190734863,2.9800000190734863,12700
3.0,3.009999990463257,2.970000028610229,2.970000028610229,2.970000028610229,70800
2.990000009536743,3.009999990463257,2.970000028610229,3.0,3.0,85800
3.0,3.009999990463257,2.940000057220459,2.970000028610229,2.970000028610229,163000
3.039999961853028,3.240000009536743,3.039999961853028,3.150000095367432,3.150000095367432,87800
3.140000104904175,3.25,3.119999885559082,3.150000095367432,3.150000095367432,42200
3.1700000762939453,3.25,3.140000104904175,3.1600000858306885,3.1600000858306885,17900
3.200000047683716,3.200000047683716,3.119999885559082,3.1700000762939453,3.1700000762939453,4600
3.1600000858306885,3.200000047683716,3.140000104904175,3.180000066757202,3.180000066757202,42100
3.180000066757202,3.180000066757202,3.140000104904175,3.150000095367432,3.150000095367432,7300
3.180000066757202,3.180000066757202,3.150000095367432,3.180000066757202,3.180000066757202,4800
3.0999999046325684,3.150000095367432,3.0999999046325684,3.150000095367432,3.150000095367432,10100
3.180000066757202,3.180000066757202,3.180000066757202,3.180000066757202,3.180000066757202,200
3.1700000762939453,3.1700000762939453,3.1700000762939453,3.1700000762939453,3.1700000762939453,3500
3.180000066757202,3.180000066757202,3.109999895095825,3.140000104904175,3.140000104904175,3600
3.1600000858306885,3.1600000858306885,3.140000104904175,3.150000095367432,3.150000095367432,8600
3.109999895095825,3.180000066757202,3.109999895095825,3.140000104904175,3.140000104904175,6600
3.150000095367432,3.150000095367432,3.150000095367432,3.150000095367432,3.150000095367432,1300
3.0799999237060547,3.150000095367432,3.0799999237060547,3.150000095367432,3.150000095367432,1100
3.0999999046325684,3.150000095367432,3.0799999237060547,3.0799999237060547,3.0799999237060547,25000
3.0799999237060547,3.150000095367432,2.9600000381469727,3.0799999237060547,3.0799999237060547,31000
3.0899999141693115,3.109999895095825,3.059999942779541,3.0799999237060547,3.0799999237060547,11100
3.0799999237060547,3.0799999237060547,3.0,3.039999961853028,3.039999961853028,10200
3.0,3.0799999237060547,3.0,3.039999961853028,3.039999961853028,27300
3.059999942779541,3.150000095367432,3.059999942779541,3.140000104904175,3.140000104904175,10300
3.119999885559082,3.119999885559082,3.069999933242798,3.0999999046325684,3.0999999046325684,9600
3.1600000858306885,3.25,3.039999961853028,3.0799999237060547,3.0799999237060547,13900
3.0899999141693115,3.0899999141693115,2.970000028610229,3.049999952316284,3.049999952316284,12100
3.059999942779541,3.0799999237060547,3.039999961853028,3.069999933242798,3.069999933242798,4800
3.059999942779541,3.25,3.059999942779541,3.2300000190734863,3.2300000190734863,37600
3.190000057220459,3.25,3.119999885559082,3.25,3.25,26300
3.240000009536743,3.309999942779541,3.240000009536743,3.289999961853028,3.289999961853028,50900
3.309999942779541,3.3299999237060547,3.2799999713897705,3.3299999237060547,3.3299999237060547,22800
3.3299999237060547,3.3299999237060547,3.200000047683716,3.200000047683716,3.200000047683716,15900
3.200000047683716,3.220000028610229,3.190000057220459,3.200000047683716,3.200000047683716,6500
3.200000047683716,3.2300000190734863,3.200000047683716,3.2100000381469727,3.2100000381469727,20900
3.240000009536743,3.25,3.200000047683716,3.25,3.25,2000
3.259999990463257,3.319999933242798,3.190000057220459,3.2799999713897705,3.2799999713897705,23500
3.200000047683716,3.25,3.190000057220459,3.190000057220459,3.190000057220459,7600
3.1700000762939453,3.1700000762939453,3.0999999046325684,3.130000114440918,3.130000114440918,2300
3.119999885559082,3.289999961853028,3.109999895095825,3.180000066757202,3.180000066757202,13800
3.109999895095825,3.25,3.0999999046325684,3.25,3.25,12700
3.190000057220459,3.190000057220459,3.039999961853028,3.0799999237060547,3.0799999237060547,171200
3.069999933242798,3.130000114440918,3.069999933242798,3.0999999046325684,3.0999999046325684,26800
3.200000047683716,3.200000047683716,3.109999895095825,3.150000095367432,3.150000095367432,15700
3.150000095367432,3.1700000762939453,3.150000095367432,3.150000095367432,3.150000095367432,8900
3.140000104904175,3.190000057220459,3.130000114440918,3.150000095367432,3.150000095367432,600
3.140000104904175,3.140000104904175,3.140000104904175,3.140000104904175,3.140000104904175,600
3.180000066757202,3.200000047683716,3.180000066757202,3.200000047683716,3.200000047683716,3200
3.200000047683716,3.2300000190734863,3.200000047683716,3.200000047683716,3.200000047683716,6300
3.049999952316284,3.220000028610229,3.049999952316284,3.0999999046325684,3.0999999046325684,143600
3.049999952316284,3.109999895095825,3.009999990463257,3.109999895095825,3.109999895095825,110600
3.109999895095825,3.150000095367432,3.0899999141693115,3.0899999141693115,3.0899999141693115,3600
3.150000095367432,3.150000095367432,3.049999952316284,3.059999942779541,3.059999942779541,59300
3.0799999237060547,3.109999895095825,3.0199999809265137,3.109999895095825,3.109999895095825,5400
3.109999895095825,3.150000095367432,3.109999895095825,3.150000095367432,3.150000095367432,3600
3.1600000858306885,3.1600000858306885,3.0999999046325684,3.0999999046325684,3.0999999046325684,300
3.109999895095825,3.109999895095825,3.0999999046325684,3.0999999046325684,3.0999999046325684,21900
3.009999990463257,3.049999952316284,3.009999990463257,3.049999952316284,3.049999952316284,4600
3.039999961853028,3.0999999046325684,3.039999961853028,3.0999999046325684,3.0999999046325684,1100
3.0999999046325684,3.0999999046325684,3.0999999046325684,3.0999999046325684,3.0999999046325684,7200
3.0899999141693115,3.109999895095825,3.059999942779541,3.059999942779541,3.059999942779541,2700
3.049999952316284,3.069999933242798,3.009999990463257,3.009999990463257,3.009999990463257,2600
3.0199999809265137,3.069999933242798,3.009999990463257,3.069999933242798,3.069999933242798,2700
3.0299999713897705,3.130000114440918,3.0299999713897705,3.130000114440918,3.130000114440918,1700
3.119999885559082,3.150000095367432,3.0999999046325684,3.150000095367432,3.150000095367432,75900
3.150000095367432,3.200000047683716,3.109999895095825,3.109999895095825,3.109999895095825,12400
3.0899999141693115,3.1600000858306885,3.0899999141693115,3.1600000858306885,3.1600000858306885,4100
3.1600000858306885,3.2100000381469727,3.1600000858306885,3.2100000381469727,3.2100000381469727,4400
3.259999990463257,3.259999990463257,3.150000095367432,3.1600000858306885,3.1600000858306885,9600
3.039999961853028,3.220000028610229,3.039999961853028,3.220000028610229,3.220000028610229,6700
3.25,3.25,3.25,3.25,3.25,5000
3.200000047683716,3.2100000381469727,3.180000066757202,3.180000066757202,3.180000066757202,6000
3.200000047683716,3.2300000190734863,3.180000066757202,3.2300000190734863,3.2300000190734863,52800
3.2100000381469727,3.259999990463257,3.2100000381469727,3.25,3.25,19000
3.240000009536743,3.25,3.220000028610229,3.220000028610229,3.220000028610229,12100
3.25,3.25,3.2100000381469727,3.220000028610229,3.220000028610229,16100
3.289999961853028,3.299999952316284,3.2300000190734863,3.2300000190734863,3.2300000190734863,16700
3.259999990463257,3.2699999809265137,3.25,3.2699999809265137,3.2699999809265137,6900
3.289999961853028,3.289999961853028,3.259999990463257,3.2699999809265137,3.2699999809265137,12200
3.25,3.25,3.200000047683716,3.240000009536743,3.240000009536743,19700
3.190000057220459,3.25,3.190000057220459,3.25,3.25,3400
3.240000009536743,3.259999990463257,3.2100000381469727,3.2100000381469727,3.2100000381469727,9300
3.2100000381469727,3.259999990463257,3.2100000381469727,3.240000009536743,3.240000009536743,37700
3.220000028610229,3.2300000190734863,3.200000047683716,3.2100000381469727,3.2100000381469727,12500
3.220000028610229,3.240000009536743,3.2100000381469727,3.2300000190734863,3.2300000190734863,23000
3.2300000190734863,3.2799999713897705,3.220000028610229,3.2799999713897705,3.2799999713897705,2200
3.2300000190734863,3.2300000190734863,3.2300000190734863,3.2300000190734863,3.2300000190734863,2000
3.190000057220459,3.240000009536743,3.190000057220459,3.2100000381469727,3.2100000381469727,5900
3.220000028610229,3.220000028610229,3.2100000381469727,3.2100000381469727,3.2100000381469727,400
3.2100000381469727,3.2100000381469727,3.2100000381469727,3.2100000381469727,3.2100000381469727,300
3.2100000381469727,3.25,3.200000047683716,3.2100000381469727,3.2100000381469727,13500
3.25,3.299999952316284,3.240000009536743,3.299999952316284,3.299999952316284,213800
3.25,3.299999952316284,3.240000009536743,3.299999952316284,3.299999952316284,5500
3.2699999809265137,3.2699999809265137,3.25,3.25,3.25,7800
3.25,3.2699999809265137,3.25,3.2699999809265137,3.2699999809265137,23800
3.25,3.2699999809265137,3.25,3.2699999809265137,3.2699999809265137,9400
3.25,3.2699999809265137,3.25,3.2699999809265137,3.2699999809265137,20400
3.220000028610229,3.289999961853028,3.220000028610229,3.240000009536743,3.240000009536743,111000
3.220000028610229,3.259999990463257,3.220000028610229,3.25,3.25,22600
3.2300000190734863,3.2699999809265137,3.220000028610229,3.240000009536743,3.240000009536743,8700
3.289999961853028,3.289999961853028,3.200000047683716,3.289999961853028,3.289999961853028,14700
3.2699999809265137,3.2799999713897705,3.25,3.25,3.25,5000
3.2699999809265137,3.289999961853028,3.259999990463257,3.259999990463257,3.259999990463257,7500
3.2799999713897705,3.2799999713897705,3.2799999713897705,3.2799999713897705,3.2799999713897705,2800
3.289999961853028,3.299999952316284,3.289999961853028,3.299999952316284,3.299999952316284,11600
3.299999952316284,3.3299999237060547,3.25,3.25,3.25,28300
3.2699999809265137,3.3299999237060547,3.25,3.319999933242798,3.319999933242798,5400
3.2799999713897705,3.2799999713897705,3.25,3.2699999809265137,3.2699999809265137,6700
3.299999952316284,3.319999933242798,3.25,3.319999933242798,3.319999933242798,10100
3.259999990463257,3.259999990463257,3.259999990463257,3.259999990463257,3.259999990463257,400
3.259999990463257,3.3299999237060547,3.25,3.25,3.25,23400
3.289999961853028,3.289999961853028,3.289999961853028,3.289999961853028,3.289999961853028,200
3.2699999809265137,3.319999933242798,3.25,3.299999952316284,3.299999952316284,600
3.319999933242798,3.3299999237060547,3.259999990463257,3.3299999237060547,3.3299999237060547,5000
3.2699999809265137,3.2799999713897705,3.25,3.2799999713897705,3.2799999713897705,700
3.2799999713897705,3.3399999141693115,3.259999990463257,3.309999942779541,3.309999942779541,9800
3.309999942779541,3.309999942779541,3.309999942779541,3.309999942779541,3.309999942779541,0
3.299999952316284,3.309999942779541,3.259999990463257,3.289999961853028,3.289999961853028,1100
3.2799999713897705,3.3299999237060547,3.2799999713897705,3.3299999237060547,3.3299999237060547,2400
3.289999961853028,3.289999961853028,3.2100000381469727,3.259999990463257,3.259999990463257,7800
3.220000028610229,3.220000028610229,3.2100000381469727,3.2100000381469727,3.2100000381469727,1700
3.220000028610229,3.25,3.2100000381469727,3.25,3.25,6100
3.2100000381469727,3.2300000190734863,3.2100000381469727,3.2300000190734863,3.2300000190734863,5100
3.2100000381469727,3.299999952316284,3.2100000381469727,3.2699999809265137,3.2699999809265137,4000
3.2100000381469727,3.299999952316284,3.2100000381469727,3.289999961853028,3.289999961853028,4300
3.299999952316284,3.299999952316284,3.220000028610229,3.299999952316284,3.299999952316284,15200
3.3299999237060547,3.3299999237060547,3.319999933242798,3.319999933242798,3.319999933242798,1500
3.319999933242798,3.3299999237060547,3.299999952316284,3.319999933242798,3.319999933242798,8200
3.319999933242798,3.4100000858306885,3.319999933242798,3.390000104904175,3.390000104904175,20500
3.640000104904175,3.640000104904175,3.440000057220459,3.440000057220459,3.440000057220459,3300
3.5,3.5,3.400000095367432,3.400000095367432,3.400000095367432,4100
3.380000114440918,3.490000009536743,3.380000114440918,3.450000047683716,3.450000047683716,1700
3.450000047683716,3.450000047683716,3.450000047683716,3.450000047683716,3.450000047683716,1900
3.440000057220459,3.470000028610229,3.400000095367432,3.450000047683716,3.450000047683716,5200
3.390000104904175,3.440000057220459,3.3399999141693115,3.430000066757202,3.430000066757202,70200
3.450000047683716,3.4800000190734863,3.450000047683716,3.4600000381469727,3.4600000381469727,9400
3.430000066757202,3.450000047683716,3.4100000858306885,3.450000047683716,3.450000047683716,6600
3.390000104904175,3.390000104904175,3.200000047683716,3.289999961853028,3.289999961853028,4100
3.309999942779541,3.4600000381469727,3.309999942779541,3.4600000381469727,3.4600000381469727,2500
3.450000047683716,3.4600000381469727,3.299999952316284,3.400000095367432,3.400000095367432,19000
3.369999885559082,3.490000009536743,3.359999895095825,3.440000057220459,3.440000057220459,18200
3.440000057220459,3.490000009536743,3.440000057220459,3.4800000190734863,3.4800000190734863,5100
3.4600000381469727,3.4800000190734863,3.390000104904175,3.400000095367432,3.400000095367432,5200
3.390000104904175,3.390000104904175,3.359999895095825,3.359999895095825,3.359999895095825,300
3.309999942779541,3.5,3.309999942779541,3.5,3.5,6800
3.490000009536743,3.5299999713897705,3.400000095367432,3.5299999713897705,3.5299999713897705,27300
3.549999952316284,3.759999990463257,3.5,3.609999895095825,3.609999895095825,35600
3.630000114440918,3.799999952316284,3.5799999237060547,3.7300000190734863,3.7300000190734863,17700
3.7699999809265137,3.7699999809265137,3.690000057220459,3.740000009536743,3.740000009536743,12800
3.740000009536743,3.740000009536743,3.650000095367432,3.7300000190734863,3.7300000190734863,22400
3.7200000286102295,3.7300000190734863,3.670000076293945,3.680000066757202,3.680000066757202,7700
3.660000085830689,3.660000085830689,3.5,3.509999990463257,3.509999990463257,15900
3.490000009536743,3.5899999141693115,3.430000066757202,3.430000066757202,3.430000066757202,8800
3.180000066757202,3.4200000762939453,3.180000066757202,3.309999942779541,3.309999942779541,15000
3.369999885559082,3.440000057220459,3.220000028610229,3.289999961853028,3.289999961853028,5200
3.25,3.289999961853028,3.240000009536743,3.25,3.25,15200
3.25,3.25,3.150000095367432,3.25,3.25,52400
3.2100000381469727,3.299999952316284,3.2100000381469727,3.2699999809265137,3.2699999809265137,1300
3.220000028610229,3.240000009536743,3.069999933242798,3.1600000858306885,3.1600000858306885,2200
3.069999933242798,3.240000009536743,2.9200000762939453,3.180000066757202,3.180000066757202,6100
2.9800000190734863,3.25,2.9800000190734863,3.190000057220459,3.190000057220459,49800
3.2300000190734863,3.2300000190734863,3.220000028610229,3.220000028610229,3.220000028610229,400
3.240000009536743,3.240000009536743,3.1700000762939453,3.200000047683716,3.200000047683716,6400
3.140000104904175,3.200000047683716,3.0999999046325684,3.200000047683716,3.200000047683716,2400
3.200000047683716,3.25,3.150000095367432,3.150000095367432,3.150000095367432,5100
3.150000095367432,3.200000047683716,3.109999895095825,3.200000047683716,3.200000047683716,2000
3.200000047683716,3.200000047683716,3.200000047683716,3.200000047683716,3.200000047683716,0
3.200000047683716,3.200000047683716,3.200000047683716,3.200000047683716,3.200000047683716,0
3.25,3.289999961853028,3.25,3.289999961853028,3.289999961853028,300
3.2100000381469727,3.2699999809265137,3.150000095367432,3.150000095367432,3.150000095367432,1900
3.1700000762939453,3.259999990463257,3.1700000762939453,3.259999990463257,3.259999990463257,700
3.259999990463257,3.259999990463257,3.259999990463257,3.259999990463257,3.259999990463257,0
3.2300000190734863,3.2300000190734863,3.2100000381469727,3.2100000381469727,3.2100000381469727,800
3.25,3.25,3.25,3.25,3.25,200
3.240000009536743,3.259999990463257,3.180000066757202,3.259999990463257,3.259999990463257,700
3.180000066757202,3.180000066757202,3.180000066757202,3.180000066757202,3.180000066757202,100
3.200000047683716,3.200000047683716,3.200000047683716,3.200000047683716,3.200000047683716,50000
3.1700000762939453,3.220000028610229,3.0199999809265137,3.220000028610229,3.220000028610229,2800
3.259999990463257,3.2699999809265137,3.220000028610229,3.220000028610229,3.220000028610229,2000
3.1700000762939453,3.1700000762939453,3.0999999046325684,3.1600000858306885,3.1600000858306885,3300
3.140000104904175,3.150000095367432,3.140000104904175,3.150000095367432,3.150000095367432,300
3.069999933242798,3.1600000858306885,3.0299999713897705,3.150000095367432,3.150000095367432,1700
3.150000095367432,3.150000095367432,2.950000047683716,3.0199999809265137,3.0199999809265137,8900
3.0199999809265137,3.059999942779541,3.0,3.059999942779541,3.059999942779541,9800
3.059999942779541,3.059999942779541,3.059999942779541,3.059999942779541,3.059999942779541,0
2.9800000190734863,3.0,2.950000047683716,3.0,3.0,10000
3.049999952316284,3.0899999141693115,3.049999952316284,3.0899999141693115,3.0899999141693115,500
3.009999990463257,3.009999990463257,3.0,3.0,3.0,7000
3.0,3.0,3.0,3.0,3.0,2700
3.0,3.049999952316284,3.0,3.049999952316284,3.049999952316284,1700
3.0999999046325684,3.140000104904175,3.0999999046325684,3.140000104904175,3.140000104904175,200
2.950000047683716,3.2100000381469727,2.950000047683716,3.150000095367432,3.150000095367432,9900
3.130000114440918,3.130000114440918,3.049999952316284,3.0999999046325684,3.0999999046325684,600
3.009999990463257,3.049999952316284,2.9100000858306885,3.049999952316284,3.049999952316284,3300
3.0,3.0,3.0,3.0,3.0,12200
3.009999990463257,3.0199999809265137,3.0,3.009999990463257,3.009999990463257,600
3.0,3.049999952316284,3.0,3.049999952316284,3.049999952316284,400
3.049999952316284,3.049999952316284,3.049999952316284,3.049999952316284,3.049999952316284,0
3.0999999046325684,3.0999999046325684,3.0999999046325684,3.0999999046325684,3.0999999046325684,1000
3.059999942779541,3.109999895095825,3.009999990463257,3.069999933242798,3.069999933242798,1400
2.990000009536743,3.049999952316284,2.970000028610229,3.0299999713897705,3.0299999713897705,6700
3.039999961853028,3.130000114440918,3.0299999713897705,3.0899999141693115,3.0899999141693115,10700
3.059999942779541,3.0999999046325684,3.0,3.069999933242798,3.069999933242798,4000
3.109999895095825,3.1600000858306885,3.0999999046325684,3.150000095367432,3.150000095367432,4500
3.150000095367432,3.150000095367432,3.150000095367432,3.150000095367432,3.150000095367432,0
3.059999942779541,3.150000095367432,3.039999961853028,3.150000095367432,3.150000095367432,3600
3.0899999141693115,3.109999895095825,3.049999952316284,3.109999895095825,3.109999895095825,1100
3.0799999237060547,3.109999895095825,3.059999942779541,3.109999895095825,3.109999895095825,5700
3.109999895095825,3.1600000858306885,3.109999895095825,3.109999895095825,3.109999895095825,4300
3.150000095367432,3.150000095367432,3.150000095367432,3.150000095367432,3.150000095367432,500
3.1600000858306885,3.200000047683716,3.109999895095825,3.109999895095825,3.109999895095825,5100
3.119999885559082,3.119999885559082,3.119999885559082,3.119999885559082,3.119999885559082,1900
3.109999895095825,3.109999895095825,3.0999999046325684,3.0999999046325684,3.0999999046325684,2600
3.049999952316284,3.049999952316284,2.950000047683716,3.049999952316284,3.049999952316284,2600
3.0299999713897705,3.0299999713897705,3.0299999713897705,3.0299999713897705,3.0299999713897705,300
3.0799999237060547,3.0999999046325684,3.039999961853028,3.0999999046325684,3.0999999046325684,9000
3.009999990463257,3.0999999046325684,3.009999990463257,3.0999999046325684,3.0999999046325684,13900
3.109999895095825,3.1600000858306885,3.059999942779541,3.150000095367432,3.150000095367432,10500
3.200000047683716,3.25,3.009999990463257,3.25,3.25,26700
3.180000066757202,3.289999961853028,3.150000095367432,3.180000066757202,3.180000066757202,16500
3.150000095367432,3.289999961853028,3.150000095367432,3.2100000381469727,3.2100000381469727,13000
3.2300000190734863,3.3399999141693115,3.2300000190734863,3.3399999141693115,3.3399999141693115,12300
3.309999942779541,3.319999933242798,3.220000028610229,3.319999933242798,3.319999933242798,7900
3.289999961853028,3.400000095367432,3.200000047683716,3.289999961853028,3.289999961853028,37600
3.25,3.25,3.2100000381469727,3.240000009536743,3.240000009536743,1500
3.259999990463257,3.309999942779541,3.1700000762939453,3.1700000762939453,3.1700000762939453,18700
3.200000047683716,3.220000028610229,3.200000047683716,3.220000028610229,3.220000028610229,7700
3.1600000858306885,3.1600000858306885,3.130000114440918,3.130000114440918,3.130000114440918,700
3.109999895095825,3.109999895095825,3.109999895095825,3.109999895095825,3.109999895095825,200
3.0999999046325684,3.200000047683716,3.0999999046325684,3.200000047683716,3.200000047683716,2300
3.200000047683716,3.25,3.200000047683716,3.25,3.25,8300
3.200000047683716,3.25,3.200000047683716,3.200000047683716,3.200000047683716,5500
3.200000047683716,3.200000047683716,3.200000047683716,3.200000047683716,3.200000047683716,2000
3.150000095367432,3.200000047683716,3.0999999046325684,3.200000047683716,3.200000047683716,2000
3.150000095367432,3.150000095367432,3.0999999046325684,3.150000095367432,3.150000095367432,4800
3.0999999046325684,3.150000095367432,3.009999990463257,3.150000095367432,3.150000095367432,85200
3.200000047683716,3.25,3.009999990463257,3.150000095367432,3.150000095367432,492100
3.0999999046325684,3.25,3.0999999046325684,3.2100000381469727,3.2100000381469727,357400
3.150000095367432,3.4800000190734863,3.049999952316284,3.4200000762939453,3.4200000762939453,219700
3.470000028610229,3.5999999046325684,3.319999933242798,3.5999999046325684,3.5999999046325684,160600
3.5299999713897705,3.5299999713897705,3.25,3.299999952316284,3.299999952316284,41500
3.309999942779541,3.319999933242798,3.130000114440918,3.319999933242798,3.319999933242798,166600
3.299999952316284,3.369999885559082,3.25,3.359999895095825,3.359999895095825,326100
3.369999885559082,3.5299999713897705,3.3499999046325684,3.5299999713897705,3.5299999713897705,34700
3.539999961853028,3.549999952316284,3.390000104904175,3.390000104904175,3.390000104904175,17200
3.450000047683716,3.5999999046325684,3.400000095367432,3.5999999046325684,3.5999999046325684,40000
3.559999942779541,3.559999942779541,3.5,3.549999952316284,3.549999952316284,236000
3.5199999809265137,3.559999942779541,3.5,3.509999990463257,3.509999990463257,12900
3.5299999713897705,3.549999952316284,3.490000009536743,3.5,3.5,210200
3.5,3.5199999809265137,3.5,3.5199999809265137,3.5199999809265137,5100
3.539999961853028,3.569999933242798,3.5,3.569999933242798,3.569999933242798,4700
3.539999961853028,3.569999933242798,3.5,3.549999952316284,3.549999952316284,8200
3.549999952316284,3.559999942779541,3.5199999809265137,3.559999942779541,3.559999942779541,4500
3.569999933242798,3.950000047683716,3.5,3.829999923706055,3.829999923706055,84200
3.829999923706055,3.839999914169312,3.7899999618530273,3.799999952316284,3.799999952316284,13000
3.839999914169312,3.890000104904175,3.819999933242798,3.819999933242798,3.819999933242798,31300
3.839999914169312,3.940000057220459,3.799999952316284,3.900000095367432,3.900000095367432,25200
3.900000095367432,3.900000095367432,3.809999942779541,3.849999904632568,3.849999904632568,16700
3.829999923706055,3.829999923706055,3.759999990463257,3.759999990463257,3.759999990463257,9800
3.759999990463257,3.849999904632568,3.759999990463257,3.7799999713897705,3.7799999713897705,26900
3.7799999713897705,3.839999914169312,3.75,3.819999933242798,3.819999933242798,7200
3.75,3.75,3.700000047683716,3.700000047683716,3.700000047683716,20900
3.700000047683716,3.75,3.650000095367432,3.740000009536743,3.740000009536743,9700
3.7100000381469727,3.740000009536743,3.700000047683716,3.700000047683716,3.700000047683716,6200
3.759999990463257,3.7899999618530273,3.650000095367432,3.650000095367432,3.650000095367432,10000
3.660000085830689,3.680000066757202,3.660000085830689,3.660000085830689,3.660000085830689,1800
3.700000047683716,3.700000047683716,3.650000095367432,3.680000066757202,3.680000066757202,52600
3.700000047683716,3.700000047683716,3.650000095367432,3.700000047683716,3.700000047683716,44700
3.690000057220459,3.690000057220459,3.640000104904175,3.640000104904175,3.640000104904175,20900
3.670000076293945,3.700000047683716,3.650000095367432,3.700000047683716,3.700000047683716,31100
3.660000085830689,3.690000057220459,3.640000104904175,3.690000057220459,3.690000057220459,4200
3.609999895095825,3.7300000190734863,3.609999895095825,3.680000066757202,3.680000066757202,52100
3.619999885559082,3.660000085830689,3.609999895095825,3.630000114440918,3.630000114440918,17300
3.630000114440918,3.700000047683716,3.619999885559082,3.700000047683716,3.700000047683716,12900
3.7300000190734863,3.7300000190734863,3.650000095367432,3.650000095367432,3.650000095367432,21000
3.660000085830689,3.680000066757202,3.619999885559082,3.619999885559082,3.619999885559082,35300
3.619999885559082,3.670000076293945,3.619999885559082,3.640000104904175,3.640000104904175,8500
3.690000057220459,3.7200000286102295,3.650000095367432,3.700000047683716,3.700000047683716,67600
3.700000047683716,3.75,3.650000095367432,3.7200000286102295,3.7200000286102295,36800
3.700000047683716,3.799999952316284,3.700000047683716,3.799999952316284,3.799999952316284,73300
3.819999933242798,3.920000076293945,3.819999933242798,3.920000076293945,3.920000076293945,75000
3.930000066757202,4.039999961853027,3.930000066757202,3.9700000286102295,3.9700000286102295,46800
4.010000228881836,4.050000190734863,3.990000009536743,3.990000009536743,3.990000009536743,12900
3.950000047683716,4.159999847412109,3.920000076293945,4.159999847412109,4.159999847412109,25900
4.179999828338623,4.25,4.079999923706055,4.079999923706055,4.079999923706055,37100
4.230000019073486,4.440000057220459,4.110000133514404,4.380000114440918,4.380000114440918,115600
4.380000114440918,4.5,4.380000114440918,4.400000095367432,4.400000095367432,47200
4.460000038146973,4.590000152587891,4.449999809265137,4.46999979019165,4.46999979019165,68600
4.519999980926514,4.820000171661377,4.5,4.630000114440918,4.630000114440918,85200
4.619999885559082,4.630000114440918,4.46999979019165,4.46999979019165,4.46999979019165,35600
4.460000038146973,4.46999979019165,4.369999885559082,4.400000095367432,4.400000095367432,6900
4.449999809265137,4.539999961853027,4.300000190734863,4.539999961853027,4.539999961853027,60500
4.510000228881836,4.570000171661377,4.400000095367432,4.550000190734863,4.550000190734863,56000
4.599999904632568,4.739999771118164,4.460000038146973,4.739999771118164,4.739999771118164,82200
4.659999847412109,4.659999847412109,4.449999809265137,4.5,4.5,26600
4.5,4.539999961853027,4.449999809265137,4.5,4.5,10000
4.550000190734863,4.550000190734863,4.360000133514404,4.360000133514404,4.360000133514404,21900
4.260000228881836,4.260000228881836,4.150000095367432,4.199999809265137,4.199999809265137,7500
4.099999904632568,4.150000095367432,4.0,4.079999923706055,4.079999923706055,17800
4.050000190734863,4.150000095367432,4.050000190734863,4.150000095367432,4.150000095367432,39100
4.119999885559082,4.199999809265137,4.050000190734863,4.130000114440918,4.130000114440918,16800
4.159999847412109,4.210000038146973,4.159999847412109,4.210000038146973,4.210000038146973,21300
4.159999847412109,4.25,4.139999866485596,4.179999828338623,4.179999828338623,31300
4.130000114440918,4.289999961853027,4.079999923706055,4.25,4.25,13200
4.199999809265137,4.300000190734863,4.139999866485596,4.300000190734863,4.300000190734863,5800
4.269999980926514,4.289999961853027,4.21999979019165,4.269999980926514,4.269999980926514,3400
4.260000228881836,4.449999809265137,4.260000228881836,4.449999809265137,4.449999809265137,80100
4.449999809265137,4.599999904632568,4.420000076293945,4.449999809265137,4.449999809265137,110600
4.449999809265137,4.449999809265137,4.440000057220459,4.449999809265137,4.449999809265137,3600
4.440000057220459,4.480000019073486,4.420000076293945,4.440000057220459,4.440000057220459,3700
4.400000095367432,4.449999809265137,4.320000171661377,4.320000171661377,4.320000171661377,2400
4.369999885559082,4.449999809265137,4.369999885559082,4.400000095367432,4.400000095367432,51700
4.440000057220459,4.5,4.420000076293945,4.5,4.5,57600
4.489999771118164,4.5,4.449999809265137,4.449999809265137,4.449999809265137,25800
4.5,4.5,4.199999809265137,4.449999809265137,4.449999809265137,40400
4.449999809265137,4.449999809265137,4.300000190734863,4.449999809265137,4.449999809265137,23800
4.449999809265137,4.5,4.449999809265137,4.5,4.5,110800
4.5,4.550000190734863,4.480000019073486,4.550000190734863,4.550000190734863,49200
4.5,4.550000190734863,4.449999809265137,4.519999980926514,4.519999980926514,33000
4.510000228881836,4.53000020980835,4.380000114440918,4.480000019073486,4.480000019073486,12900
4.5,4.590000152587891,4.400000095367432,4.400000095367432,4.400000095367432,128600
4.440000057220459,4.5,4.400000095367432,4.440000057220459,4.440000057220459,4900
4.409999847412109,4.5,4.300000190734863,4.300000190734863,4.300000190734863,18100
4.320000171661377,4.320000171661377,4.210000038146973,4.300000190734863,4.300000190734863,25900
4.269999980926514,4.349999904632568,4.239999771118164,4.239999771118164,4.239999771118164,14100
4.320000171661377,4.449999809265137,4.320000171661377,4.349999904632568,4.349999904632568,24300
4.349999904632568,4.449999809265137,4.329999923706055,4.349999904632568,4.349999904632568,11000
4.389999866485596,4.5,4.389999866485596,4.449999809265137,4.449999809265137,39300
4.460000038146973,4.550000190734863,4.409999847412109,4.550000190734863,4.550000190734863,37400
4.599999904632568,4.650000095367432,4.519999980926514,4.519999980926514,4.519999980926514,20500
4.590000152587891,4.650000095367432,4.460000038146973,4.559999942779541,4.559999942779541,58100
4.590000152587891,4.599999904632568,4.309999942779541,4.590000152587891,4.590000152587891,84700
4.599999904632568,4.630000114440918,4.579999923706055,4.630000114440918,4.630000114440918,72300
4.650000095367432,4.659999847412109,4.630000114440918,4.659999847412109,4.659999847412109,27100
4.690000057220459,4.71999979019165,4.630000114440918,4.670000076293945,4.670000076293945,13600
4.610000133514404,4.699999809265137,4.550000190734863,4.639999866485596,4.639999866485596,12300
4.599999904632568,4.610000133514404,4.5,4.5,4.5,7600
4.53000020980835,4.559999942779541,4.489999771118164,4.559999942779541,4.559999942779541,3500
4.550000190734863,4.550000190734863,4.449999809265137,4.449999809265137,4.449999809265137,3800
4.429999828338623,4.550000190734863,4.429999828338623,4.519999980926514,4.519999980926514,33700
4.480000019073486,4.5,4.440000057220459,4.460000038146973,4.460000038146973,13200
4.409999847412109,4.659999847412109,4.360000133514404,4.409999847412109,4.409999847412109,37200
4.440000057220459,4.78000020980835,4.440000057220459,4.75,4.75,41900
4.639999866485596,4.739999771118164,4.639999866485596,4.670000076293945,4.670000076293945,4600
4.820000171661377,4.869999885559082,4.820000171661377,4.829999923706055,4.829999923706055,11100
4.820000171661377,4.920000076293945,4.769999980926514,4.820000171661377,4.820000171661377,27000
4.949999809265137,5.150000095367432,4.949999809265137,5.150000095367432,5.150000095367432,53200
5.150000095367432,5.269999980926514,5.150000095367432,5.199999809265137,5.199999809265137,26900
5.239999771118164,5.25,5.139999866485596,5.25,5.25,5900
5.190000057220459,5.239999771118164,5.179999828338623,5.239999771118164,5.239999771118164,25100
5.190000057220459,5.21999979019165,4.900000095367432,5.099999904632568,5.099999904632568,12000
5.139999866485596,5.25,4.840000152587891,4.96999979019165,4.96999979019165,27200
5.050000190734863,5.159999847412109,4.860000133514404,5.039999961853027,5.039999961853027,5900
5.039999961853027,5.190000057220459,4.949999809265137,5.139999866485596,5.139999866485596,38400
5.179999828338623,5.179999828338623,5.0,5.130000114440918,5.130000114440918,6100
5.110000133514404,5.150000095367432,5.039999961853027,5.119999885559082,5.119999885559082,14600
5.090000152587891,5.190000057220459,4.980000019073486,5.070000171661377,5.070000171661377,24300
5.019999980926514,5.099999904632568,5.0,5.050000190734863,5.050000190734863,16800
5.090000152587891,5.099999904632568,4.96999979019165,4.96999979019165,4.96999979019165,8300
4.960000038146973,5.099999904632568,4.869999885559082,5.099999904632568,5.099999904632568,27900
5.090000152587891,5.090000152587891,4.940000057220459,5.059999942779541,5.059999942779541,56900
5.03000020980835,5.130000114440918,4.940000057220459,5.130000114440918,5.130000114440918,9500
5.139999866485596,5.150000095367432,5.019999980926514,5.099999904632568,5.099999904632568,12000
5.070000171661377,5.300000190734863,5.050000190734863,5.300000190734863,5.300000190734863,52500
5.260000228881836,5.5,5.260000228881836,5.5,5.5,37100
5.5,5.5,5.210000038146973,5.429999828338623,5.429999828338623,24800
5.420000076293945,5.449999809265137,5.230000019073486,5.320000171661377,5.320000171661377,12200
5.239999771118164,5.400000095367432,5.239999771118164,5.400000095367432,5.400000095367432,18900
5.380000114440918,5.570000171661377,5.21999979019165,5.420000076293945,5.420000076293945,41100
5.449999809265137,5.670000076293945,5.449999809265137,5.670000076293945,5.670000076293945,39600
5.579999923706055,5.670000076293945,5.429999828338623,5.650000095367432,5.650000095367432,42000
5.789999961853027,5.789999961853027,5.480000019073486,5.599999904632568,5.599999904632568,88400
5.599999904632568,5.800000190734863,5.5,5.730000019073486,5.730000019073486,31300
5.699999809265137,5.699999809265137,5.25,5.659999847412109,5.659999847412109,125500
5.599999904632568,5.599999904632568,5.110000133514404,5.440000057220459,5.440000057220459,1197700
5.369999885559082,5.5,5.230000019073486,5.429999828338623,5.429999828338623,46400
5.46999979019165,5.46999979019165,5.170000076293945,5.199999809265137,5.199999809265137,62500
5.239999771118164,5.25,5.139999866485596,5.199999809265137,5.199999809265137,28500
5.150000095367432,5.480000019073486,5.019999980926514,5.46999979019165,5.46999979019165,122300
5.389999866485596,5.5,4.949999809265137,5.159999847412109,5.159999847412109,101200
5.119999885559082,5.489999771118164,5.090000152587891,5.489999771118164,5.489999771118164,38600
5.440000057220459,5.489999771118164,5.340000152587891,5.489999771118164,5.489999771118164,13200
5.460000038146973,5.460000038146973,5.260000228881836,5.260000228881836,5.260000228881836,17300
5.21999979019165,5.21999979019165,5.050000190734863,5.079999923706055,5.079999923706055,7800
5.110000133514404,5.440000057220459,5.050000190734863,5.409999847412109,5.409999847412109,6500
5.400000095367432,5.400000095367432,5.139999866485596,5.139999866485596,5.139999866485596,20400
5.139999866485596,5.190000057220459,5.050000190734863,5.099999904632568,5.099999904632568,14500
5.050000190734863,5.099999904632568,5.0,5.019999980926514,5.019999980926514,31800
5.010000228881836,5.460000038146973,5.010000228881836,5.460000038146973,5.460000038146973,15600
5.420000076293945,5.420000076293945,5.25,5.25,5.25,19300
5.300000190734863,5.449999809265137,5.21999979019165,5.369999885559082,5.369999885559082,33900
5.300000190734863,5.449999809265137,5.269999980926514,5.429999828338623,5.429999828338623,39500
5.429999828338623,5.449999809265137,5.309999942779541,5.309999942779541,5.309999942779541,42600
5.300000190734863,5.340000152587891,5.300000190734863,5.329999923706055,5.329999923706055,14500
5.300000190734863,5.300000190734863,5.139999866485596,5.139999866485596,5.139999866485596,26800
5.159999847412109,5.190000057220459,5.019999980926514,5.139999866485596,5.139999866485596,23200
5.199999809265137,5.400000095367432,5.150000095367432,5.360000133514404,5.360000133514404,22400
5.400000095367432,5.400000095367432,5.230000019073486,5.300000190734863,5.300000190734863,16600
5.320000171661377,5.639999866485596,5.210000038146973,5.630000114440918,5.630000114440918,25600
5.599999904632568,5.849999904632568,5.599999904632568,5.679999828338623,5.679999828338623,8300
5.659999847412109,5.860000133514404,5.590000152587891,5.789999961853027,5.789999961853027,16700
5.809999942779541,5.809999942779541,5.380000114440918,5.380000114440918,5.380000114440918,26600
5.099999904632568,5.510000228881836,5.099999904632568,5.5,5.5,13400
5.480000019073486,6.070000171661377,5.480000019073486,6.070000171661377,6.070000171661377,19100
6.079999923706055,6.179999828338623,5.920000076293945,6.070000171661377,6.070000171661377,19300
6.0,6.139999866485596,5.920000076293945,6.130000114440918,6.130000114440918,21000
6.099999904632568,6.099999904632568,5.900000095367432,5.980000019073486,5.980000019073486,11500
5.940000057220459,5.940000057220459,5.78000020980835,5.909999847412109,5.909999847412109,7200
5.900000095367432,5.96999979019165,5.809999942779541,5.849999904632568,5.849999904632568,5600
5.900000095367432,6.099999904632568,5.800000190734863,5.880000114440918,5.880000114440918,17500
5.840000152587891,5.860000133514404,5.610000133514404,5.670000076293945,5.670000076293945,11800
5.599999904632568,5.880000114440918,5.5,5.849999904632568,5.849999904632568,42400
5.650000095367432,6.170000076293945,5.650000095367432,6.150000095367432,6.150000095367432,23100
6.119999885559082,6.820000171661377,6.019999980926514,6.809999942779541,6.809999942779541,53000
6.75,6.75,6.400000095367432,6.5,6.5,23600
6.510000228881836,6.510000228881836,6.360000133514404,6.389999866485596,6.389999866485596,18400
6.369999885559082,6.369999885559082,6.150000095367432,6.170000076293945,6.170000076293945,4600
6.199999809265137,6.199999809265137,6.03000020980835,6.070000171661377,6.070000171661377,8900
6.039999961853027,6.190000057220459,5.960000038146973,5.989999771118164,5.989999771118164,16500
6.039999961853027,6.039999961853027,5.800000190734863,5.920000076293945,5.920000076293945,22000
5.909999847412109,5.940000057220459,5.619999885559082,5.929999828338623,5.929999828338623,21100
5.949999809265137,5.949999809265137,5.519999980926514,5.730000019073486,5.730000019073486,23500
5.699999809265137,5.699999809265137,5.53000020980835,5.610000133514404,5.610000133514404,5900
5.659999847412109,5.659999847412109,5.610000133514404,5.650000095367432,5.650000095367432,6000
5.619999885559082,5.619999885559082,5.53000020980835,5.570000171661377,5.570000171661377,12300
5.510000228881836,5.639999866485596,5.510000228881836,5.599999904632568,5.599999904632568,17300
5.579999923706055,5.909999847412109,5.559999942779541,5.909999847412109,5.909999847412109,21900
5.989999771118164,5.989999771118164,5.75,5.78000020980835,5.78000020980835,23500
5.800000190734863,5.829999923706055,5.75,5.820000171661377,5.820000171661377,13100
5.800000190734863,5.840000152587891,5.800000190734863,5.840000152587891,5.840000152587891,7100
5.829999923706055,5.940000057220459,5.829999923706055,5.940000057220459,5.940000057220459,6200
5.920000076293945,6.119999885559082,5.889999866485596,6.010000228881836,6.010000228881836,28500
5.900000095367432,5.929999828338623,5.880000114440918,5.900000095367432,5.900000095367432,49200
5.920000076293945,5.96999979019165,5.829999923706055,5.940000057220459,5.940000057220459,5600
5.949999809265137,6.150000095367432,5.949999809265137,6.070000171661377,6.070000171661377,7600
6.099999904632568,6.130000114440918,5.920000076293945,5.989999771118164,5.989999771118164,23200
5.960000038146973,5.980000019073486,5.849999904632568,5.929999828338623,5.929999828338623,10100
6.050000190734863,6.179999828338623,6.019999980926514,6.179999828338623,6.179999828338623,36600
6.199999809265137,6.25,6.190000057220459,6.239999771118164,6.239999771118164,11600
6.239999771118164,6.349999904632568,6.210000038146973,6.239999771118164,6.239999771118164,41200
6.25,6.269999980926514,6.0,6.019999980926514,6.019999980926514,12300
6.0,6.099999904632568,5.949999809265137,6.099999904632568,6.099999904632568,16200
6.070000171661377,6.25,6.070000171661377,6.119999885559082,6.119999885559082,24200
6.150000095367432,6.269999980926514,6.150000095367432,6.230000019073486,6.230000019073486,13900
6.260000228881836,6.429999828338623,6.260000228881836,6.360000133514404,6.360000133514404,20100
6.349999904632568,6.380000114440918,6.230000019073486,6.360000133514404,6.360000133514404,11500
6.389999866485596,6.5,6.389999866485596,6.5,6.5,19400
6.489999771118164,6.610000133514404,6.489999771118164,6.570000171661377,6.570000171661377,20600
6.539999961853027,6.539999961853027,6.480000019073486,6.480000019073486,6.480000019073486,12300
6.480000019073486,6.510000228881836,6.480000019073486,6.480000019073486,6.480000019073486,14600
6.389999866485596,6.420000076293945,6.28000020980835,6.329999923706055,6.329999923706055,6300
6.349999904632568,6.409999847412109,6.199999809265137,6.409999847412109,6.409999847412109,12700
6.429999828338623,6.53000020980835,6.429999828338623,6.510000228881836,6.510000228881836,17600
6.53000020980835,6.650000095367432,6.449999809265137,6.519999980926514,6.519999980926514,49400
6.590000152587891,6.590000152587891,6.400000095367432,6.420000076293945,6.420000076293945,23800
6.440000057220459,6.539999961853027,6.400000095367432,6.5,6.5,24600
6.519999980926514,6.670000076293945,6.5,6.630000114440918,6.630000114440918,8900
6.579999923706055,6.619999885559082,6.239999771118164,6.28000020980835,6.28000020980835,30000
6.300000190734863,6.420000076293945,6.300000190734863,6.349999904632568,6.349999904632568,12700
6.349999904632568,6.409999847412109,6.260000228881836,6.289999961853027,6.289999961853027,15100
6.369999885559082,6.570000171661377,6.300000190734863,6.489999771118164,6.489999771118164,18000
6.519999980926514,6.610000133514404,6.460000038146973,6.480000019073486,6.480000019073486,8200
6.5,6.5,6.400000095367432,6.400000095367432,6.400000095367432,6600
6.440000057220459,6.559999942779541,6.440000057220459,6.559999942779541,6.559999942779541,11700
6.579999923706055,6.820000171661377,6.579999923706055,6.800000190734863,6.800000190734863,57200
6.829999923706055,6.900000095367432,6.650000095367432,6.659999847412109,6.659999847412109,26000
6.679999828338623,6.739999771118164,6.480000019073486,6.599999904632568,6.599999904632568,14700
6.630000114440918,6.71999979019165,6.610000133514404,6.659999847412109,6.659999847412109,11500
6.599999904632568,6.599999904632568,6.210000038146973,6.210000038146973,6.210000038146973,37100
6.210000038146973,6.230000019073486,6.010000228881836,6.010000228881836,6.010000228881836,15900
5.980000019073486,6.139999866485596,5.929999828338623,6.130000114440918,6.130000114440918,21700
6.150000095367432,6.179999828338623,6.059999942779541,6.139999866485596,6.139999866485596,5600
6.130000114440918,6.28000020980835,6.099999904632568,6.260000228881836,6.260000228881836,21000
6.239999771118164,6.239999771118164,5.980000019073486,5.980000019073486,5.980000019073486,32400
5.989999771118164,6.010000228881836,5.940000057220459,5.96999979019165,5.96999979019165,13000
5.96999979019165,6.03000020980835,5.96999979019165,5.989999771118164,5.989999771118164,19500
6.03000020980835,6.079999923706055,6.019999980926514,6.050000190734863,6.050000190734863,19100
6.03000020980835,6.039999961853027,6.0,6.010000228881836,6.010000228881836,4400
6.03000020980835,6.050000190734863,6.019999980926514,6.039999961853027,6.039999961853027,5300
6.039999961853027,6.070000171661377,6.039999961853027,6.050000190734863,6.050000190734863,4400
6.050000190734863,6.079999923706055,6.0,6.050000190734863,6.050000190734863,46300
6.039999961853027,6.059999942779541,6.03000020980835,6.050000190734863,6.050000190734863,19800
6.079999923706055,6.099999904632568,6.070000171661377,6.090000152587891,6.090000152587891,5300
6.099999904632568,6.099999904632568,6.010000228881836,6.079999923706055,6.079999923706055,7500
6.090000152587891,6.090000152587891,6.0,6.010000228881836,6.010000228881836,56000
6.03000020980835,6.199999809265137,6.03000020980835,6.150000095367432,6.150000095367432,108600
6.159999847412109,6.320000171661377,6.119999885559082,6.300000190734863,6.300000190734863,16100
6.320000171661377,6.440000057220459,6.309999942779541,6.409999847412109,6.409999847412109,33000
6.429999828338623,6.579999923706055,6.21999979019165,6.579999923706055,6.579999923706055,40100
6.550000190734863,6.559999942779541,6.340000152587891,6.380000114440918,6.380000114440918,31100
6.400000095367432,6.400000095367432,6.130000114440918,6.28000020980835,6.28000020980835,51100
6.309999942779541,6.369999885559082,6.190000057220459,6.329999923706055,6.329999923706055,68400
6.360000133514404,6.590000152587891,6.329999923706055,6.510000228881836,6.510000228881836,36400
6.460000038146973,6.519999980926514,6.449999809265137,6.519999980926514,6.519999980926514,14900
6.550000190734863,7.239999771118164,6.550000190734863,7.050000190734863,7.050000190734863,71700
7.050000190734863,7.440000057220459,6.900000095367432,7.400000095367432,7.400000095367432,33000
7.429999828338623,7.519999980926514,7.25,7.519999980926514,7.519999980926514,31900
7.550000190734863,7.559999942779541,7.199999809265137,7.400000095367432,7.400000095367432,27100
7.420000076293945,7.789999961853027,7.340000152587891,7.710000038146973,7.710000038146973,33600
7.659999847412109,7.809999942779541,7.510000228881836,7.809999942779541,7.809999942779541,69100
7.78000020980835,7.800000190734863,7.690000057220459,7.690000057220459,7.690000057220459,3100
7.940000057220459,8.029999732971191,7.71999979019165,7.900000095367432,7.900000095367432,23000
7.880000114440918,7.880000114440918,7.800000190734863,7.829999923706055,7.829999923706055,13500
7.800000190734863,7.800000190734863,7.710000038146973,7.71999979019165,7.71999979019165,11800
7.699999809265137,7.820000171661377,7.519999980926514,7.800000190734863,7.800000190734863,33300
7.760000228881836,7.829999923706055,7.710000038146973,7.769999980926514,7.769999980926514,55200
7.800000190734863,7.889999866485596,7.789999961853027,7.849999904632568,7.849999904632568,21400
7.909999847412109,7.920000076293945,7.760000228881836,7.800000190734863,7.800000190734863,25400
7.78000020980835,7.78000020980835,7.670000076293945,7.699999809265137,7.699999809265137,7400
7.71999979019165,8.109999656677246,7.71999979019165,8.0600004196167,8.0600004196167,15000
8.050000190734863,8.279999732971191,8.050000190734863,8.149999618530273,8.149999618530273,28100
8.199999809265137,8.199999809265137,7.929999828338623,7.989999771118164,7.989999771118164,36000
7.960000038146973,7.960000038146973,7.75,7.900000095367432,7.900000095367432,12400
7.909999847412109,8.0,7.800000190734863,7.829999923706055,7.829999923706055,20600
7.820000171661377,8.0,7.820000171661377,7.940000057220459,7.940000057220459,27200
7.96999979019165,7.96999979019165,7.880000114440918,7.909999847412109,7.909999847412109,11800
7.929999828338623,7.949999809265137,7.46999979019165,7.71999979019165,7.71999979019165,25300
7.690000057220459,7.769999980926514,7.690000057220459,7.71999979019165,7.71999979019165,10800
7.699999809265137,7.699999809265137,7.269999980926514,7.409999847412109,7.409999847412109,31500
7.46999979019165,7.590000152587891,7.449999809265137,7.519999980926514,7.519999980926514,15100
7.5,7.5,7.150000095367432,7.230000019073486,7.230000019073486,28900
7.210000038146973,7.230000019073486,6.920000076293945,7.0,7.0,55400
6.949999809265137,7.300000190734863,6.949999809265137,7.230000019073486,7.230000019073486,36200
7.25,7.409999847412109,7.119999885559082,7.21999979019165,7.21999979019165,46900
7.199999809265137,7.21999979019165,7.170000076293945,7.190000057220459,7.190000057220459,5700
7.179999828338623,7.260000228881836,7.139999866485596,7.21999979019165,7.21999979019165,30000
7.239999771118164,7.550000190734863,7.190000057220459,7.539999961853027,7.539999961853027,15500
7.519999980926514,7.53000020980835,7.21999979019165,7.28000020980835,7.28000020980835,13600
7.289999961853027,7.440000057220459,7.289999961853027,7.440000057220459,7.440000057220459,7600
7.420000076293945,7.760000228881836,7.409999847412109,7.710000038146973,7.710000038146973,37100
7.710000038146973,7.739999771118164,7.630000114440918,7.639999866485596,7.639999866485596,34500
7.659999847412109,7.710000038146973,7.599999904632568,7.610000133514404,7.610000133514404,7900
7.630000114440918,7.699999809265137,7.570000171661377,7.590000152587891,7.590000152587891,5300
7.639999866485596,7.75,7.599999904632568,7.670000076293945,7.670000076293945,5000
7.639999866485596,7.670000076293945,7.570000171661377,7.579999923706055,7.579999923706055,4500
7.559999942779541,7.579999923706055,7.550000190734863,7.579999923706055,7.579999923706055,3800
7.650000095367432,7.75,7.570000171661377,7.590000152587891,7.590000152587891,45900
7.550000190734863,7.570000171661377,7.510000228881836,7.570000171661377,7.570000171661377,6500
7.590000152587891,7.599999904632568,7.349999904632568,7.349999904632568,7.349999904632568,12800
7.369999885559082,7.380000114440918,7.340000152587891,7.380000114440918,7.380000114440918,2500
7.429999828338623,7.429999828338623,7.260000228881836,7.360000133514404,7.360000133514404,11500
7.380000114440918,7.380000114440918,7.190000057220459,7.190000057220459,7.190000057220459,13000
7.199999809265137,7.269999980926514,7.199999809265137,7.25,7.25,5300
7.239999771118164,7.340000152587891,7.230000019073486,7.25,7.25,24400
7.28000020980835,7.28000020980835,7.199999809265137,7.21999979019165,7.21999979019165,6400
7.199999809265137,7.300000190734863,7.199999809265137,7.260000228881836,7.260000228881836,5800
7.260000228881836,7.329999923706055,7.25,7.320000171661377,7.320000171661377,7600
7.300000190734863,7.449999809265137,7.300000190734863,7.449999809265137,7.449999809265137,12800
7.449999809265137,7.449999809265137,7.329999923706055,7.340000152587891,7.340000152587891,16100
7.320000171661377,7.400000095367432,7.320000171661377,7.340000152587891,7.340000152587891,6100
7.340000152587891,7.400000095367432,7.199999809265137,7.28000020980835,7.28000020980835,14800
7.25,7.25,7.179999828338623,7.25,7.25,5000
7.21999979019165,7.420000076293945,7.21999979019165,7.28000020980835,7.28000020980835,21400
7.25,7.25,7.010000228881836,7.21999979019165,7.21999979019165,15700
7.210000038146973,7.230000019073486,6.96999979019165,7.150000095367432,7.150000095367432,48600
7.159999847412109,7.230000019073486,7.099999904632568,7.230000019073486,7.230000019073486,27800
7.159999847412109,7.210000038146973,7.159999847412109,7.159999847412109,7.159999847412109,5500
7.150000095367432,7.179999828338623,7.099999904632568,7.139999866485596,7.139999866485596,16700
7.139999866485596,7.28000020980835,7.119999885559082,7.199999809265137,7.199999809265137,17800
7.159999847412109,7.21999979019165,7.050000190734863,7.079999923706055,7.079999923706055,16200
7.099999904632568,7.309999942779541,7.099999904632568,7.199999809265137,7.199999809265137,11800
7.199999809265137,7.260000228881836,7.070000171661377,7.179999828338623,7.179999828338623,21800
7.230000019073486,7.230000019073486,7.150000095367432,7.179999828338623,7.179999828338623,5700
7.150000095367432,7.210000038146973,7.150000095367432,7.179999828338623,7.179999828338623,11100
7.21999979019165,7.21999979019165,7.039999961853027,7.039999961853027,7.039999961853027,39600
7.050000190734863,7.119999885559082,6.980000019073486,6.989999771118164,6.989999771118164,19100
7.03000020980835,7.03000020980835,6.940000057220459,6.949999809265137,6.949999809265137,34200
6.980000019073486,6.989999771118164,6.78000020980835,6.789999961853027,6.789999961853027,22000
6.849999904632568,7.039999961853027,6.789999961853027,6.980000019073486,6.980000019073486,45900
6.880000114440918,7.039999961853027,6.880000114440918,6.96999979019165,6.96999979019165,13300
7.0,7.0,6.940000057220459,6.960000038146973,6.960000038146973,11600
6.989999771118164,6.989999771118164,6.849999904632568,6.880000114440918,6.880000114440918,7000
6.880000114440918,6.949999809265137,6.829999923706055,6.929999828338623,6.929999828338623,17400
6.960000038146973,6.960000038146973,6.840000152587891,6.849999904632568,6.849999904632568,6800
6.860000133514404,6.940000057220459,6.849999904632568,6.889999866485596,6.889999866485596,9200
6.920000076293945,6.920000076293945,6.829999923706055,6.849999904632568,6.849999904632568,22500
6.900000095367432,6.989999771118164,6.849999904632568,6.920000076293945,6.920000076293945,13200
6.889999866485596,7.010000228881836,6.800000190734863,6.880000114440918,6.880000114440918,25000
6.909999847412109,6.940000057220459,6.820000171661377,6.849999904632568,6.849999904632568,23800
6.840000152587891,6.989999771118164,6.809999942779541,6.900000095367432,6.900000095367432,11500
6.960000038146973,7.150000095367432,6.849999904632568,7.010000228881836,7.010000228881836,19500
7.050000190734863,7.369999885559082,6.889999866485596,7.25,7.25,48400
7.010000228881836,7.010000228881836,6.550000190734863,6.639999866485596,6.639999866485596,139900
6.619999885559082,6.920000076293945,6.599999904632568,6.800000190734863,6.800000190734863,44200
6.809999942779541,6.900000095367432,6.699999809265137,6.900000095367432,6.900000095367432,21200
6.889999866485596,7.070000171661377,6.599999904632568,6.849999904632568,6.849999904632568,113900
6.820000171661377,6.989999771118164,6.739999771118164,6.820000171661377,6.820000171661377,137300
6.809999942779541,6.840000152587891,6.440000057220459,6.559999942779541,6.559999942779541,294800
6.610000133514404,6.769999980926514,6.550000190734863,6.699999809265137,6.699999809265137,2300100
6.730000019073486,6.949999809265137,6.610000133514404,6.71999979019165,6.71999979019165,419000
6.71999979019165,7.150000095367432,6.659999847412109,7.070000171661377,7.070000171661377,266200
7.139999866485596,7.400000095367432,7.050000190734863,7.380000114440918,7.380000114440918,108800
7.440000057220459,8.239999771118164,7.420000076293945,8.119999885559082,8.119999885559082,376900
8.119999885559082,8.140000343322754,7.909999847412109,8.050000190734863,8.050000190734863,220500
8.0600004196167,8.109999656677246,7.900000095367432,7.940000057220459,7.940000057220459,212500
8.119999885559082,8.729999542236328,8.09000015258789,8.5,8.5,453400
8.40999984741211,8.5,8.3100004196167,8.390000343322754,8.390000343322754,221000
8.420000076293945,8.970000267028809,8.359999656677246,8.90999984741211,8.90999984741211,226400
9.0,9.210000038146973,8.979999542236328,9.0,9.0,527700
9.140000343322754,9.270000457763672,8.800000190734863,8.920000076293945,8.920000076293945,236600
8.800000190734863,9.100000381469728,8.800000190734863,8.930000305175781,8.930000305175781,71400
8.949999809265137,9.039999961853027,8.770000457763672,8.819999694824219,8.819999694824219,53100
8.84000015258789,8.90999984741211,7.989999771118164,8.050000190734863,8.050000190734863,307400
8.0,8.239999771118164,7.730000019073486,7.880000114440918,7.880000114440918,181300
8.0600004196167,8.359999656677246,7.880000114440918,8.319999694824219,8.319999694824219,190800
8.520000457763672,8.550000190734863,8.220000267028809,8.279999732971191,8.279999732971191,49600
8.239999771118164,8.479999542236328,8.0600004196167,8.1899995803833,8.1899995803833,75400
8.239999771118164,8.390000343322754,8.130000114440918,8.25,8.25,69900
8.279999732971191,8.289999961853027,8.130000114440918,8.15999984741211,8.15999984741211,146100
8.15999984741211,8.180000305175781,7.980000019073486,8.109999656677246,8.109999656677246,114600
8.149999618530273,8.180000305175781,7.840000152587891,7.900000095367432,7.900000095367432,67600
7.889999866485596,7.909999847412109,7.599999904632568,7.739999771118164,7.739999771118164,75000
7.71999979019165,8.0,7.590000152587891,7.989999771118164,7.989999771118164,72800
8.029999732971191,8.050000190734863,7.690000057220459,7.860000133514404,7.860000133514404,60700
7.889999866485596,8.25,7.889999866485596,8.210000038146973,8.210000038146973,50700
8.130000114440918,8.15999984741211,7.96999979019165,8.130000114440918,8.130000114440918,49700
8.170000076293945,8.170000076293945,7.989999771118164,8.0600004196167,8.0600004196167,35900
8.029999732971191,8.229999542236328,7.909999847412109,8.220000267028809,8.220000267028809,53300
8.1899995803833,8.25,8.0,8.0,8.0,28700
8.069999694824219,8.329999923706055,8.0,8.3100004196167,8.3100004196167,74500
8.329999923706055,8.329999923706055,8.119999885559082,8.180000305175781,8.180000305175781,57100
8.1899995803833,8.25,8.100000381469727,8.140000343322754,8.140000343322754,25400
8.050000190734863,8.119999885559082,7.900000095367432,7.949999809265137,7.949999809265137,61900
7.949999809265137,8.199999809265137,7.929999828338623,8.199999809265137,8.199999809265137,79900
8.140000343322754,8.3100004196167,7.960000038146973,8.270000457763672,8.270000457763672,73600
8.270000457763672,8.270000457763672,8.0,8.260000228881836,8.260000228881836,46400
8.300000190734863,8.329999923706055,8.239999771118164,8.329999923706055,8.329999923706055,47300
8.300000190734863,8.5,8.25,8.5,8.5,69000
8.470000267028809,8.470000267028809,8.170000076293945,8.449999809265137,8.449999809265137,393600
8.479999542236328,8.479999542236328,8.199999809265137,8.300000190734863,8.300000190734863,36700
8.279999732971191,8.430000305175781,8.25,8.380000114440918,8.380000114440918,34400
8.329999923706055,8.479999542236328,8.329999923706055,8.380000114440918,8.380000114440918,31900
8.479999542236328,8.510000228881836,8.300000190734863,8.489999771118164,8.489999771118164,26700
8.029999732971191,8.619999885559082,8.029999732971191,8.600000381469727,8.600000381469727,43600
8.65999984741211,8.6899995803833,8.369999885559082,8.479999542236328,8.479999542236328,47100
8.449999809265137,8.5,8.359999656677246,8.5,8.5,38000
8.430000305175781,8.75,8.430000305175781,8.729999542236328,8.729999542236328,107600
8.699999809265137,8.760000228881836,8.529999732971191,8.609999656677246,8.609999656677246,19400
8.640000343322754,8.670000076293945,8.550000190734863,8.649999618530273,8.649999618530273,30500
8.630000114440918,8.699999809265137,8.59000015258789,8.699999809265137,8.699999809265137,30700
8.649999618530273,8.899999618530273,8.600000381469727,8.869999885559082,8.869999885559082,40400
8.90999984741211,8.989999771118164,8.699999809265137,8.84000015258789,8.84000015258789,49400
8.800000190734863,8.84000015258789,8.619999885559082,8.670000076293945,8.670000076293945,40500
8.65999984741211,8.770000457763672,8.65999984741211,8.680000305175781,8.680000305175781,36200
8.630000114440918,8.739999771118164,8.5600004196167,8.600000381469727,8.600000381469727,26600
8.510000228881836,8.619999885559082,8.350000381469727,8.399999618530273,8.399999618530273,58500
8.359999656677246,8.829999923706055,8.359999656677246,8.8100004196167,8.8100004196167,51300
8.720000267028809,8.920000076293945,8.670000076293945,8.84000015258789,8.84000015258789,66800
8.850000381469727,8.850000381469727,8.619999885559082,8.680000305175781,8.680000305175781,24700
8.6899995803833,8.6899995803833,8.380000114440918,8.470000267028809,8.470000267028809,34200
8.510000228881836,8.550000190734863,8.25,8.279999732971191,8.279999732971191,38200
8.390000343322754,8.600000381469727,8.329999923706055,8.600000381469727,8.600000381469727,26100
8.5600004196167,8.84000015258789,8.550000190734863,8.739999771118164,8.739999771118164,27200
8.670000076293945,9.050000190734863,8.670000076293945,8.8100004196167,8.8100004196167,65300
8.8100004196167,8.8100004196167,8.619999885559082,8.65999984741211,8.65999984741211,36700
8.630000114440918,8.720000267028809,8.40999984741211,8.510000228881836,8.510000228881836,85200
8.600000381469727,8.930000305175781,8.510000228881836,8.90999984741211,8.90999984741211,60200
8.890000343322754,8.890000343322754,7.800000190734863,7.960000038146973,7.960000038146973,275200
7.989999771118164,8.029999732971191,7.829999923706055,7.989999771118164,7.989999771118164,126200
7.96999979019165,8.010000228881836,7.849999904632568,7.929999828338623,7.929999828338623,33000
7.900000095367432,7.900000095367432,7.590000152587891,7.590000152587891,7.590000152587891,147000
7.570000171661377,7.679999828338623,7.460000038146973,7.460000038146973,7.460000038146973,135000
7.389999866485596,7.389999866485596,6.900000095367432,6.980000019073486,6.980000019073486,296300
7.0,7.099999904632568,6.949999809265137,6.960000038146973,6.960000038146973,113800
6.989999771118164,7.070000171661377,6.960000038146973,7.010000228881836,7.010000228881836,147800
6.989999771118164,7.110000133514404,6.900000095367432,6.96999979019165,6.96999979019165,51700
6.989999771118164,7.039999961853027,6.909999847412109,6.949999809265137,6.949999809265137,61200
6.929999828338623,7.0,6.730000019073486,6.900000095367432,6.900000095367432,279000
6.920000076293945,7.119999885559082,6.78000020980835,7.019999980926514,7.019999980926514,40100
6.940000057220459,7.079999923706055,6.75,6.75,6.75,43300
6.75,6.889999866485596,6.639999866485596,6.730000019073486,6.730000019073486,64000
6.71999979019165,7.0,6.710000038146973,6.880000114440918,6.880000114440918,37100
6.900000095367432,7.070000171661377,6.760000228881836,6.960000038146973,6.960000038146973,62700
7.039999961853027,7.25,7.0,7.150000095367432,7.150000095367432,32900
7.139999866485596,7.46999979019165,7.0,7.329999923706055,7.329999923706055,35200
7.369999885559082,7.53000020980835,7.21999979019165,7.239999771118164,7.239999771118164,22600
7.300000190734863,7.429999828338623,7.199999809265137,7.230000019073486,7.230000019073486,22800
7.25,7.769999980926514,7.25,7.71999979019165,7.71999979019165,96000
7.789999961853027,7.800000190734863,7.670000076293945,7.699999809265137,7.699999809265137,52200
7.679999828338623,8.0,7.599999904632568,7.900000095367432,7.900000095367432,125100
7.820000171661377,8.020000457763672,7.800000190734863,7.96999979019165,7.96999979019165,106200
8.020000457763672,8.520000457763672,7.949999809265137,8.260000228881836,8.260000228881836,183900
8.380000114440918,8.520000457763672,8.380000114440918,8.460000038146973,8.460000038146973,181900
8.470000267028809,8.59000015258789,8.319999694824219,8.390000343322754,8.390000343322754,59000
8.34000015258789,8.34000015258789,8.119999885559082,8.260000228881836,8.260000228881836,64000
8.210000038146973,8.3100004196167,8.149999618530273,8.279999732971191,8.279999732971191,35700
8.34000015258789,8.34000015258789,8.210000038146973,8.279999732971191,8.279999732971191,82000
8.270000457763672,8.369999885559082,8.239999771118164,8.329999923706055,8.329999923706055,37700
8.350000381469727,8.510000228881836,8.100000381469727,8.470000267028809,8.470000267028809,43900
8.470000267028809,8.510000228881836,8.40999984741211,8.40999984741211,8.40999984741211,19500
8.40999984741211,8.449999809265137,8.350000381469727,8.430000305175781,8.430000305175781,23900
8.359999656677246,8.489999771118164,8.279999732971191,8.319999694824219,8.319999694824219,23200
8.210000038146973,8.319999694824219,8.199999809265137,8.319999694824219,8.319999694824219,36600
8.319999694824219,8.319999694824219,8.180000305175781,8.25,8.25,39400
8.15999984741211,8.239999771118164,8.100000381469727,8.130000114440918,8.130000114440918,22800
8.0600004196167,8.079999923706055,7.869999885559082,8.010000228881836,8.010000228881836,80400
7.96999979019165,8.029999732971191,7.940000057220459,7.949999809265137,7.949999809265137,8200
7.900000095367432,7.980000019073486,7.78000020980835,7.800000190734863,7.800000190734863,37200
7.820000171661377,7.820000171661377,7.25,7.300000190734863,7.300000190734863,93600
7.349999904632568,7.519999980926514,7.300000190734863,7.400000095367432,7.400000095367432,70700
7.570000171661377,7.78000020980835,7.480000019073486,7.559999942779541,7.559999942779541,27500
7.510000228881836,7.71999979019165,7.400000095367432,7.639999866485596,7.639999866485596,80000
7.579999923706055,7.71999979019165,7.400000095367432,7.559999942779541,7.559999942779541,78500
7.550000190734863,7.590000152587891,7.400000095367432,7.429999828338623,7.429999828338623,57100
7.5,7.5,7.300000190734863,7.369999885559082,7.369999885559082,47300
7.309999942779541,7.440000057220459,7.300000190734863,7.380000114440918,7.380000114440918,33600
7.480000019073486,7.550000190734863,7.400000095367432,7.489999771118164,7.489999771118164,47000
7.489999771118164,7.53000020980835,7.300000190734863,7.300000190734863,7.300000190734863,34600
7.300000190734863,7.480000019073486,7.300000190734863,7.320000171661377,7.320000171661377,48100
7.25,7.360000133514404,7.25,7.260000228881836,7.260000228881836,41500
7.260000228881836,7.389999866485596,7.25,7.360000133514404,7.360000133514404,25800
7.389999866485596,7.429999828338623,7.25,7.320000171661377,7.320000171661377,29700
7.300000190734863,7.349999904632568,7.269999980926514,7.349999904632568,7.349999904632568,60800
7.320000171661377,7.349999904632568,7.260000228881836,7.289999961853027,7.289999961853027,61100
7.309999942779541,7.349999904632568,7.179999828338623,7.199999809265137,7.199999809265137,79700
7.199999809265137,7.320000171661377,7.119999885559082,7.159999847412109,7.159999847412109,36600
7.130000114440918,7.139999866485596,6.900000095367432,7.099999904632568,7.099999904632568,83700
7.099999904632568,7.170000076293945,6.949999809265137,7.099999904632568,7.099999904632568,64300
7.099999904632568,7.190000057220459,7.070000171661377,7.159999847412109,7.159999847412109,46500
7.230000019073486,7.230000019073486,7.130000114440918,7.199999809265137,7.199999809265137,71500
7.199999809265137,7.21999979019165,7.150000095367432,7.190000057220459,7.190000057220459,226600
7.190000057220459,7.289999961853027,7.159999847412109,7.28000020980835,7.28000020980835,82600
7.25,7.28000020980835,7.179999828338623,7.25,7.25,36400
7.239999771118164,7.260000228881836,7.079999923706055,7.170000076293945,7.170000076293945,68200
7.170000076293945,7.210000038146973,7.070000171661377,7.179999828338623,7.179999828338623,19100
7.099999904632568,7.119999885559082,6.480000019073486,6.610000133514404,6.610000133514404,351100
6.599999904632568,6.869999885559082,6.519999980926514,6.829999923706055,6.829999923706055,61800
6.849999904632568,6.989999771118164,6.650000095367432,6.75,6.75,63200
6.860000133514404,6.860000133514404,6.710000038146973,6.739999771118164,6.739999771118164,36800
5.900000095367432,6.099999904632568,5.559999942779541,5.579999923706055,5.579999923706055,1969200
5.650000095367432,5.769999980926514,5.570000171661377,5.639999866485596,5.639999866485596,332900
5.679999828338623,5.690000057220459,5.289999961853027,5.389999866485596,5.389999866485596,746700
5.429999828338623,5.679999828338623,5.320000171661377,5.590000152587891,5.590000152587891,435000
5.550000190734863,5.739999771118164,5.550000190734863,5.690000057220459,5.690000057220459,122900
5.710000038146973,5.940000057220459,5.690000057220459,5.869999885559082,5.869999885559082,200900
5.940000057220459,5.940000057220459,5.599999904632568,5.599999904632568,5.599999904632568,85000
5.619999885559082,5.690000057220459,5.519999980926514,5.639999866485596,5.639999866485596,218400
5.639999866485596,5.889999866485596,5.619999885559082,5.690000057220459,5.690000057220459,155900
5.699999809265137,5.849999904632568,5.659999847412109,5.699999809265137,5.699999809265137,158000
5.739999771118164,5.75,5.599999904632568,5.630000114440918,5.630000114440918,91400
5.699999809265137,5.699999809265137,5.46999979019165,5.519999980926514,5.519999980926514,96000
5.550000190734863,5.650000095367432,5.519999980926514,5.550000190734863,5.550000190734863,172000
5.599999904632568,5.739999771118164,5.550000190734863,5.559999942779541,5.559999942779541,177700
5.559999942779541,5.559999942779541,5.369999885559082,5.449999809265137,5.449999809265137,104300
5.46999979019165,5.480000019073486,5.369999885559082,5.449999809265137,5.449999809265137,52200
5.480000019073486,5.579999923706055,5.409999847412109,5.539999961853027,5.539999961853027,78000
5.610000133514404,5.800000190734863,5.449999809265137,5.739999771118164,5.739999771118164,160000
5.71999979019165,5.920000076293945,5.619999885559082,5.889999866485596,5.889999866485596,190500
5.880000114440918,5.929999828338623,5.75,5.920000076293945,5.920000076293945,235100
5.949999809265137,6.079999923706055,5.860000133514404,6.059999942779541,6.059999942779541,145400
6.03000020980835,6.210000038146973,5.989999771118164,6.170000076293945,6.170000076293945,226300
6.150000095367432,6.429999828338623,6.139999866485596,6.380000114440918,6.380000114440918,212700
6.329999923706055,6.480000019073486,6.300000190734863,6.460000038146973,6.460000038146973,53100
6.460000038146973,6.53000020980835,6.369999885559082,6.409999847412109,6.409999847412109,46300
6.400000095367432,6.480000019073486,6.300000190734863,6.360000133514404,6.360000133514404,92200
6.309999942779541,6.309999942779541,6.099999904632568,6.110000133514404,6.110000133514404,61400
6.139999866485596,6.199999809265137,6.0,6.159999847412109,6.159999847412109,88900
6.099999904632568,6.230000019073486,5.989999771118164,6.170000076293945,6.170000076293945,68900
6.170000076293945,6.559999942779541,6.099999904632568,6.449999809265137,6.449999809265137,65100
6.440000057220459,6.440000057220459,6.099999904632568,6.239999771118164,6.239999771118164,67100
6.289999961853027,6.550000190734863,6.260000228881836,6.360000133514404,6.360000133514404,53800
6.389999866485596,6.400000095367432,6.230000019073486,6.28000020980835,6.28000020980835,32000
6.300000190734863,6.349999904632568,6.25,6.309999942779541,6.309999942779541,54900
6.349999904632568,6.349999904632568,6.150000095367432,6.199999809265137,6.199999809265137,200700
6.300000190734863,6.300000190734863,6.039999961853027,6.079999923706055,6.079999923706055,136600
6.150000095367432,6.170000076293945,6.019999980926514,6.119999885559082,6.119999885559082,107500
6.110000133514404,6.199999809265137,6.03000020980835,6.179999828338623,6.179999828338623,76700
6.199999809265137,6.309999942779541,6.039999961853027,6.070000171661377,6.070000171661377,596000
6.079999923706055,6.159999847412109,5.940000057220459,6.050000190734863,6.050000190734863,191100
6.099999904632568,6.130000114440918,5.929999828338623,6.079999923706055,6.079999923706055,110200
6.119999885559082,6.170000076293945,6.0,6.170000076293945,6.170000076293945,75000
6.159999847412109,6.159999847412109,6.0,6.03000020980835,6.03000020980835,64400
6.0,6.010000228881836,5.820000171661377,5.929999828338623,5.929999828338623,118900
5.980000019073486,6.039999961853027,5.829999923706055,5.920000076293945,5.920000076293945,79500
5.909999847412109,5.929999828338623,5.809999942779541,5.889999866485596,5.889999866485596,98100
5.849999904632568,5.929999828338623,5.789999961853027,5.829999923706055,5.829999923706055,62500
5.900000095367432,6.010000228881836,5.860000133514404,5.869999885559082,5.869999885559082,55900
5.769999980926514,5.860000133514404,5.699999809265137,5.730000019073486,5.730000019073486,103000
5.739999771118164,5.820000171661377,5.730000019073486,5.809999942779541,5.809999942779541,601600
5.820000171661377,6.0,5.820000171661377,5.869999885559082,5.869999885559082,51800
5.829999923706055,5.900000095367432,5.690000057220459,5.829999923706055,5.829999923706055,297500
5.829999923706055,5.940000057220459,5.800000190734863,5.869999885559082,5.869999885559082,267600
5.840000152587891,5.929999828338623,5.78000020980835,5.840000152587891,5.840000152587891,172500
5.809999942779541,5.900000095367432,5.639999866485596,5.849999904632568,5.849999904632568,141200
5.889999866485596,5.889999866485596,5.710000038146973,5.71999979019165,5.71999979019165,197400
5.699999809265137,5.800000190734863,5.539999961853027,5.699999809265137,5.699999809265137,161600
5.730000019073486,5.789999961853027,5.610000133514404,5.650000095367432,5.650000095367432,117100
5.539999961853027,5.760000228881836,5.539999961853027,5.639999866485596,5.639999866485596,158500
5.699999809265137,6.0,5.699999809265137,5.880000114440918,5.880000114440918,152900
5.829999923706055,5.980000019073486,5.78000020980835,5.789999961853027,5.789999961853027,59900
5.909999847412109,6.050000190734863,5.860000133514404,6.03000020980835,6.03000020980835,119900
6.059999942779541,6.159999847412109,5.909999847412109,5.940000057220459,5.940000057220459,78700
5.949999809265137,6.070000171661377,5.949999809265137,6.010000228881836,6.010000228881836,282900
6.019999980926514,6.019999980926514,5.880000114440918,6.0,6.0,143000
5.980000019073486,6.050000190734863,5.699999809265137,5.949999809265137,5.949999809265137,48800
5.920000076293945,5.989999771118164,5.920000076293945,5.960000038146973,5.960000038146973,71100
5.989999771118164,6.039999961853027,5.889999866485596,6.019999980926514,6.019999980926514,152500
6.0,6.070000171661377,5.900000095367432,5.920000076293945,5.920000076293945,81100
6.010000228881836,6.099999904632568,6.0,6.0,6.0,128400
5.96999979019165,6.119999885559082,5.75,5.75,5.75,204600
4.5,4.849999904632568,4.300000190734863,4.659999847412109,4.659999847412109,2529000
4.690000057220459,4.78000020980835,4.599999904632568,4.78000020980835,4.78000020980835,460900
4.949999809265137,5.119999885559082,4.800000190734863,4.869999885559082,4.869999885559082,531700
4.920000076293945,5.289999961853027,4.869999885559082,5.090000152587891,5.090000152587891,392200
5.019999980926514,5.110000133514404,5.019999980926514,5.059999942779541,5.059999942779541,128700
5.059999942779541,5.130000114440918,4.599999904632568,4.980000019073486,4.980000019073486,287800
4.940000057220459,5.03000020980835,4.869999885559082,5.010000228881836,5.010000228881836,124000
5.010000228881836,5.090000152587891,4.909999847412109,4.989999771118164,4.989999771118164,102000
5.050000190734863,5.079999923706055,4.900000095367432,4.949999809265137,4.949999809265137,140300
4.909999847412109,5.050000190734863,4.909999847412109,4.949999809265137,4.949999809265137,203300
4.920000076293945,5.0,4.920000076293945,4.96999979019165,4.96999979019165,62500
5.0,5.079999923706055,4.960000038146973,5.050000190734863,5.050000190734863,159800
5.03000020980835,5.119999885559082,5.0,5.099999904632568,5.099999904632568,179200
5.239999771118164,5.239999771118164,5.090000152587891,5.130000114440918,5.130000114440918,204100
5.079999923706055,5.159999847412109,5.079999923706055,5.099999904632568,5.099999904632568,355000
5.090000152587891,5.130000114440918,5.050000190734863,5.050000190734863,5.050000190734863,296200
5.130000114440918,5.190000057220459,5.099999904632568,5.139999866485596,5.139999866485596,174900
5.199999809265137,5.320000171661377,5.119999885559082,5.230000019073486,5.230000019073486,226400
5.230000019073486,5.599999904632568,5.230000019073486,5.369999885559082,5.369999885559082,521600
5.460000038146973,5.590000152587891,5.440000057220459,5.480000019073486,5.480000019073486,210000
5.53000020980835,5.550000190734863,5.300000190734863,5.300000190734863,5.300000190734863,271500
5.349999904632568,5.579999923706055,5.21999979019165,5.269999980926514,5.269999980926514,224900
5.300000190734863,5.360000133514404,5.150000095367432,5.199999809265137,5.199999809265137,190200
5.210000038146973,5.389999866485596,5.119999885559082,5.360000133514404,5.360000133514404,141900
5.349999904632568,5.389999866485596,5.239999771118164,5.369999885559082,5.369999885559082,97500
5.340000152587891,5.360000133514404,5.0,5.199999809265137,5.199999809265137,236400
5.150000095367432,5.409999847412109,5.03000020980835,5.059999942779541,5.059999942779541,203600
5.130000114440918,5.159999847412109,4.889999866485596,5.070000171661377,5.070000171661377,205200
5.110000133514404,5.119999885559082,4.860000133514404,5.0,5.0,382000
5.079999923706055,5.139999866485596,4.900000095367432,5.099999904632568,5.099999904632568,164500
5.059999942779541,5.139999866485596,5.03000020980835,5.070000171661377,5.070000171661377,103600
5.099999904632568,5.210000038146973,5.059999942779541,5.190000057220459,5.190000057220459,102000
5.179999828338623,5.320000171661377,4.96999979019165,4.980000019073486,4.980000019073486,158800
4.989999771118164,5.039999961853027,4.78000020980835,4.949999809265137,4.949999809265137,94100
4.989999771118164,5.0,4.869999885559082,4.909999847412109,4.909999847412109,83500
4.880000114440918,4.929999828338623,4.699999809265137,4.699999809265137,4.699999809265137,110600
4.699999809265137,4.829999923706055,4.5,4.690000057220459,4.690000057220459,117700
4.730000019073486,4.730000019073486,4.510000228881836,4.550000190734863,4.550000190734863,127000
4.519999980926514,4.769999980926514,4.309999942779541,4.53000020980835,4.53000020980835,139800
4.510000228881836,4.690000057220459,4.369999885559082,4.510000228881836,4.510000228881836,113400
4.5,4.599999904632568,4.420000076293945,4.449999809265137,4.449999809265137,91900
4.449999809265137,4.590000152587891,4.389999866485596,4.420000076293945,4.420000076293945,69900
4.400000095367432,4.46999979019165,4.380000114440918,4.380000114440918,4.380000114440918,103100
4.320000171661377,4.460000038146973,4.300000190734863,4.440000057220459,4.440000057220459,171700
4.46999979019165,4.46999979019165,4.349999904632568,4.369999885559082,4.369999885559082,97800
4.329999923706055,4.510000228881836,4.260000228881836,4.409999847412109,4.409999847412109,119500
4.480000019073486,4.920000076293945,4.409999847412109,4.800000190734863,4.800000190734863,155800
4.670000076293945,4.739999771118164,4.449999809265137,4.53000020980835,4.53000020980835,177800
4.539999961853027,4.650000095367432,4.5,4.559999942779541,4.559999942779541,111400
4.519999980926514,4.559999942779541,4.46999979019165,4.539999961853027,4.539999961853027,165500
4.519999980926514,4.639999866485596,4.5,4.619999885559082,4.619999885559082,76300
4.650000095367432,4.71999979019165,4.650000095367432,4.659999847412109,4.659999847412109,48800
4.670000076293945,4.670000076293945,4.570000171661377,4.619999885559082,4.619999885559082,112600
4.699999809265137,4.75,4.650000095367432,4.679999828338623,4.679999828338623,117700
4.699999809265137,4.699999809265137,4.5,4.5,4.5,208400
4.460000038146973,4.670000076293945,4.460000038146973,4.639999866485596,4.639999866485596,115700
4.690000057220459,4.75,4.590000152587891,4.639999866485596,4.639999866485596,164400
4.659999847412109,4.739999771118164,4.480000019073486,4.650000095367432,4.650000095367432,216400
4.679999828338623,4.820000171661377,4.570000171661377,4.710000038146973,4.710000038146973,148500
4.739999771118164,4.769999980926514,4.550000190734863,4.570000171661377,4.570000171661377,83800
4.550000190734863,4.610000133514404,4.409999847412109,4.420000076293945,4.420000076293945,132500
4.449999809265137,4.53000020980835,4.449999809265137,4.5,4.5,144900
4.5,4.550000190734863,4.360000133514404,4.480000019073486,4.480000019073486,83000
4.46999979019165,4.5,4.369999885559082,4.480000019073486,4.480000019073486,112800
4.46999979019165,4.71999979019165,4.360000133514404,4.619999885559082,4.619999885559082,99800
4.599999904632568,4.96999979019165,4.449999809265137,4.889999866485596,4.889999866485596,92900
4.769999980926514,4.980000019073486,4.670000076293945,4.909999847412109,4.909999847412109,83000
4.909999847412109,4.980000019073486,4.760000228881836,4.769999980926514,4.769999980926514,79300
4.789999961853027,4.789999961853027,4.650000095367432,4.710000038146973,4.710000038146973,60800
4.739999771118164,4.940000057220459,4.699999809265137,4.840000152587891,4.840000152587891,80400
4.769999980926514,5.099999904632568,4.710000038146973,5.050000190734863,5.050000190734863,94800
5.03000020980835,5.090000152587891,4.940000057220459,5.090000152587891,5.090000152587891,70300
5.070000171661377,5.119999885559082,4.929999828338623,5.059999942779541,5.059999942779541,72600
5.099999904632568,5.25,5.039999961853027,5.239999771118164,5.239999771118164,88200
5.300000190734863,5.349999904632568,5.21999979019165,5.340000152587891,5.340000152587891,139500
5.420000076293945,5.5,5.199999809265137,5.269999980926514,5.269999980926514,112400
5.289999961853027,5.400000095367432,5.099999904632568,5.159999847412109,5.159999847412109,140000
5.110000133514404,5.489999771118164,5.110000133514404,5.300000190734863,5.300000190734863,114100
5.300000190734863,5.400000095367432,5.050000190734863,5.329999923706055,5.329999923706055,106700
5.480000019073486,5.889999866485596,5.260000228881836,5.889999866485596,5.889999866485596,1513800
5.710000038146973,5.789999961853027,5.659999847412109,5.670000076293945,5.670000076293945,298400
5.699999809265137,5.840000152587891,5.539999961853027,5.630000114440918,5.630000114440918,177200
5.739999771118164,5.840000152587891,5.599999904632568,5.639999866485596,5.639999866485596,145600
5.570000171661377,5.679999828338623,5.510000228881836,5.679999828338623,5.679999828338623,75000
5.670000076293945,5.800000190734863,5.239999771118164,5.369999885559082,5.369999885559082,124900
5.320000171661377,5.480000019073486,5.03000020980835,5.090000152587891,5.090000152587891,175800
5.039999961853027,5.199999809265137,5.019999980926514,5.099999904632568,5.099999904632568,92500
5.050000190734863,5.28000020980835,5.050000190734863,5.25,5.25,190200
5.21999979019165,5.340000152587891,5.119999885559082,5.329999923706055,5.329999923706055,241400
5.400000095367432,5.630000114440918,5.349999904632568,5.570000171661377,5.570000171661377,202300
5.590000152587891,5.659999847412109,5.460000038146973,5.579999923706055,5.579999923706055,201100
5.630000114440918,5.699999809265137,5.570000171661377,5.639999866485596,5.639999866485596,78400
5.630000114440918,5.699999809265137,5.519999980926514,5.53000020980835,5.53000020980835,80700
5.619999885559082,5.71999979019165,5.489999771118164,5.5,5.5,73400
5.420000076293945,5.75,5.420000076293945,5.75,5.75,134200
5.769999980926514,5.869999885559082,5.630000114440918,5.869999885559082,5.869999885559082,142100
5.889999866485596,5.989999771118164,5.800000190734863,5.849999904632568,5.849999904632568,122800
5.889999866485596,6.150000095367432,5.869999885559082,6.039999961853027,6.039999961853027,190200
6.090000152587891,6.170000076293945,5.989999771118164,6.070000171661377,6.070000171661377,71400
6.130000114440918,6.199999809265137,5.960000038146973,6.199999809265137,6.199999809265137,157800
6.210000038146973,6.210000038146973,6.03000020980835,6.039999961853027,6.039999961853027,75700
6.079999923706055,6.150000095367432,5.989999771118164,6.110000133514404,6.110000133514404,66700
6.090000152587891,6.119999885559082,5.949999809265137,5.960000038146973,5.960000038146973,55000
5.940000057220459,6.039999961853027,5.630000114440918,5.75,5.75,134400
5.710000038146973,5.849999904632568,5.449999809265137,5.53000020980835,5.53000020980835,384600
5.46999979019165,5.75,5.46999979019165,5.670000076293945,5.670000076293945,87700
5.679999828338623,5.789999961853027,5.659999847412109,5.730000019073486,5.730000019073486,86700
5.75,5.809999942779541,5.739999771118164,5.760000228881836,5.760000228881836,117400
5.730000019073486,5.760000228881836,5.659999847412109,5.730000019073486,5.730000019073486,94100
5.789999961853027,5.909999847412109,5.739999771118164,5.760000228881836,5.760000228881836,173700
5.21999979019165,5.760000228881836,5.21999979019165,5.610000133514404,5.610000133514404,199700
5.559999942779541,5.71999979019165,5.480000019073486,5.539999961853027,5.539999961853027,54100
5.53000020980835,5.570000171661377,5.079999923706055,5.289999961853027,5.289999961853027,136000
5.269999980926514,5.46999979019165,5.199999809265137,5.409999847412109,5.409999847412109,48800
5.400000095367432,5.639999866485596,5.400000095367432,5.619999885559082,5.619999885559082,93600
5.690000057220459,5.690000057220459,5.53000020980835,5.599999904632568,5.599999904632568,50900
5.599999904632568,5.599999904632568,5.420000076293945,5.460000038146973,5.460000038146973,47700
5.460000038146973,5.5,5.389999866485596,5.440000057220459,5.440000057220459,76800
5.360000133514404,5.429999828338623,5.360000133514404,5.429999828338623,5.429999828338623,31600
5.400000095367432,5.460000038146973,5.329999923706055,5.360000133514404,5.360000133514404,22900
5.389999866485596,5.420000076293945,5.230000019073486,5.25,5.25,53800
5.230000019073486,5.289999961853027,5.179999828338623,5.239999771118164,5.239999771118164,73200
5.199999809265137,5.320000171661377,5.199999809265137,5.25,5.25,71200
5.269999980926514,5.28000020980835,5.190000057220459,5.25,5.25,60200
5.230000019073486,5.329999923706055,5.230000019073486,5.260000228881836,5.260000228881836,54000
5.269999980926514,5.320000171661377,5.21999979019165,5.25,5.25,49100
5.269999980926514,5.289999961853027,5.199999809265137,5.239999771118164,5.239999771118164,77800
5.25,5.28000020980835,5.179999828338623,5.210000038146973,5.210000038146973,119700
5.199999809265137,5.400000095367432,5.190000057220459,5.239999771118164,5.239999771118164,183800
5.269999980926514,5.329999923706055,5.139999866485596,5.199999809265137,5.199999809265137,59000
5.230000019073486,5.25,5.050000190734863,5.059999942779541,5.059999942779541,97500
5.079999923706055,5.130000114440918,5.059999942779541,5.079999923706055,5.079999923706055,56100
5.099999904632568,5.139999866485596,4.989999771118164,5.039999961853027,5.039999961853027,71000
5.019999980926514,5.059999942779541,4.820000171661377,5.03000020980835,5.03000020980835,60100
5.010000228881836,5.090000152587891,4.880000114440918,4.949999809265137,4.949999809265137,53800
5.070000171661377,5.070000171661377,4.960000038146973,5.059999942779541,5.059999942779541,44400
5.070000171661377,5.119999885559082,4.96999979019165,4.989999771118164,4.989999771118164,39600
4.949999809265137,4.989999771118164,4.789999961853027,4.949999809265137,4.949999809265137,31300
4.900000095367432,5.019999980926514,4.699999809265137,4.78000020980835,4.78000020980835,73900
4.78000020980835,4.809999942779541,4.570000171661377,4.630000114440918,4.630000114440918,71800
4.639999866485596,4.769999980926514,4.619999885559082,4.699999809265137,4.699999809265137,44600
4.679999828338623,4.78000020980835,4.679999828338623,4.760000228881836,4.760000228881836,24900
4.800000190734863,4.800000190734863,4.679999828338623,4.679999828338623,4.679999828338623,35200
4.699999809265137,4.739999771118164,4.599999904632568,4.670000076293945,4.670000076293945,36600
4.630000114440918,4.699999809265137,4.599999904632568,4.639999866485596,4.639999866485596,44400
4.670000076293945,4.670000076293945,4.489999771118164,4.579999923706055,4.579999923706055,70000
4.510000228881836,4.679999828338623,4.480000019073486,4.610000133514404,4.610000133514404,61000
4.650000095367432,4.809999942779541,4.610000133514404,4.690000057220459,4.690000057220459,92300
4.690000057220459,4.699999809265137,4.650000095367432,4.650000095367432,4.650000095367432,35300
4.659999847412109,4.739999771118164,4.579999923706055,4.639999866485596,4.639999866485596,69800
4.699999809265137,4.699999809265137,4.5,4.579999923706055,4.579999923706055,30000
4.619999885559082,4.659999847412109,4.420000076293945,4.630000114440918,4.630000114440918,40500
4.570000171661377,4.610000133514404,4.389999866485596,4.440000057220459,4.440000057220459,57700
4.409999847412109,4.5,4.300000190734863,4.320000171661377,4.320000171661377,46300
3.990000009536743,4.199999809265137,3.910000085830689,3.990000009536743,3.990000009536743,197600
4.010000228881836,4.179999828338623,3.930000066757202,4.090000152587891,4.090000152587891,79500
4.0,4.179999828338623,4.0,4.159999847412109,4.159999847412109,65300
4.179999828338623,4.230000019073486,4.099999904632568,4.179999828338623,4.179999828338623,53200
4.139999866485596,4.25,3.9800000190734863,4.21999979019165,4.21999979019165,39200
4.300000190734863,4.400000095367432,4.25,4.380000114440918,4.380000114440918,42600
4.349999904632568,4.389999866485596,4.329999923706055,4.380000114440918,4.380000114440918,48900
4.409999847412109,4.420000076293945,4.199999809265137,4.199999809265137,4.199999809265137,18700
4.199999809265137,4.199999809265137,4.0,4.190000057220459,4.190000057220459,33900
4.159999847412109,4.190000057220459,4.110000133514404,4.179999828338623,4.179999828338623,10100
4.139999866485596,4.190000057220459,4.070000171661377,4.139999866485596,4.139999866485596,108100
4.159999847412109,4.170000076293945,4.079999923706055,4.150000095367432,4.150000095367432,83900
4.119999885559082,4.179999828338623,4.110000133514404,4.150000095367432,4.150000095367432,30700
4.170000076293945,4.25,4.159999847412109,4.230000019073486,4.230000019073486,33800
4.210000038146973,4.349999904632568,4.170000076293945,4.320000171661377,4.320000171661377,63400
4.289999961853027,4.380000114440918,4.150000095367432,4.230000019073486,4.230000019073486,17100
4.210000038146973,4.25,4.050000190734863,4.050000190734863,4.050000190734863,19200
4.079999923706055,4.199999809265137,4.079999923706055,4.190000057220459,4.190000057220459,11900
4.150000095367432,4.150000095367432,3.75,3.819999933242798,3.819999933242798,86100
3.75,3.9600000381469727,3.75,3.75,3.75,20800
3.819999933242798,4.050000190734863,3.809999942779541,3.950000047683716,3.950000047683716,52100
3.9600000381469727,4.039999961853027,3.9600000381469727,4.0,4.0,19200
3.990000009536743,4.0,3.75,3.75,3.75,94600
3.759999990463257,3.880000114440918,3.7200000286102295,3.740000009536743,3.740000009536743,121400
3.690000057220459,3.890000104904175,3.690000057220459,3.759999990463257,3.759999990463257,121000
3.7300000190734863,3.890000104904175,3.7300000190734863,3.839999914169312,3.839999914169312,45800
3.839999914169312,3.890000104904175,3.7300000190734863,3.880000114440918,3.880000114440918,38500
3.799999952316284,3.869999885559082,3.7699999809265137,3.869999885559082,3.869999885559082,48500
3.859999895095825,4.019999980926514,3.859999895095825,3.930000066757202,3.930000066757202,49000
3.9700000286102295,4.099999904632568,3.9600000381469727,4.099999904632568,4.099999904632568,59500
4.070000171661377,4.070000171661377,3.910000085830689,3.9800000190734863,3.9800000190734863,36400
3.940000057220459,4.03000020980835,3.900000095367432,4.03000020980835,4.03000020980835,19800
4.050000190734863,4.050000190734863,3.859999895095825,3.910000085830689,3.910000085830689,14300
3.9800000190734863,4.0,3.900000095367432,3.930000066757202,3.930000066757202,43600
3.910000085830689,3.990000009536743,3.7699999809265137,3.9800000190734863,3.9800000190734863,91000
3.869999885559082,3.940000057220459,3.799999952316284,3.829999923706055,3.829999923706055,29400
3.799999952316284,3.849999904632568,3.75,3.7699999809265137,3.7699999809265137,61700
3.759999990463257,3.799999952316284,3.75,3.7899999618530273,3.7899999618530273,19200
3.759999990463257,3.859999895095825,3.700000047683716,3.7100000381469727,3.7100000381469727,39500
3.7200000286102295,3.740000009536743,3.700000047683716,3.700000047683716,3.700000047683716,32100
3.7300000190734863,3.7300000190734863,3.609999895095825,3.630000114440918,3.630000114440918,35600
3.650000095367432,3.700000047683716,3.549999952316284,3.549999952316284,3.549999952316284,71000
3.5999999046325684,3.650000095367432,3.539999961853028,3.539999961853028,3.539999961853028,64900
3.549999952316284,3.559999942779541,3.490000009536743,3.490000009536743,3.490000009536743,50700
3.490000009536743,3.569999933242798,3.4800000190734863,3.490000009536743,3.490000009536743,103700
3.509999990463257,3.650000095367432,3.509999990463257,3.5899999141693115,3.5899999141693115,77200
3.549999952316284,3.619999885559082,3.5199999809265137,3.5299999713897705,3.5299999713897705,115400
3.539999961853028,3.549999952316284,3.4100000858306885,3.4100000858306885,3.4100000858306885,103100
3.650000095367432,3.990000009536743,3.5299999713897705,3.859999895095825,3.859999895095825,210600
3.930000066757202,3.930000066757202,3.630000114440918,3.799999952316284,3.799999952316284,169100
3.759999990463257,3.839999914169312,3.700000047683716,3.75,3.75,23200
3.740000009536743,3.849999904632568,3.700000047683716,3.75,3.75,33600
3.7100000381469727,3.799999952316284,3.5999999046325684,3.650000095367432,3.650000095367432,131600
3.650000095367432,3.7200000286102295,3.5999999046325684,3.690000057220459,3.690000057220459,85900
3.5999999046325684,3.650000095367432,3.549999952316284,3.5899999141693115,3.5899999141693115,106500
3.650000095367432,3.650000095367432,3.5,3.5799999237060547,3.5799999237060547,51900
3.5199999809265137,3.539999961853028,3.4600000381469727,3.5,3.5,57300
3.5199999809265137,3.5799999237060547,3.4600000381469727,3.559999942779541,3.559999942779541,51800
3.5199999809265137,3.539999961853028,3.4200000762939453,3.4600000381469727,3.4600000381469727,48500
3.5,3.549999952316284,3.440000057220459,3.509999990463257,3.509999990463257,48000
3.509999990463257,3.609999895095825,3.440000057220459,3.539999961853028,3.539999961853028,33900
3.5199999809265137,3.5299999713897705,3.400000095367432,3.4200000762939453,3.4200000762939453,31000
3.4200000762939453,3.450000047683716,3.390000104904175,3.450000047683716,3.450000047683716,32300
3.359999895095825,3.450000047683716,3.3499999046325684,3.440000057220459,3.440000057220459,20400
3.5299999713897705,3.5299999713897705,3.3299999237060547,3.390000104904175,3.390000104904175,48500
3.359999895095825,3.369999885559082,3.3299999237060547,3.369999885559082,3.369999885559082,22000
3.319999933242798,3.400000095367432,3.25,3.309999942779541,3.309999942779541,28000
3.369999885559082,3.4200000762939453,3.119999885559082,3.4200000762939453,3.4200000762939453,122300
3.359999895095825,3.549999952316284,3.25,3.5299999713897705,3.5299999713897705,37500
3.549999952316284,3.549999952316284,3.509999990463257,3.509999990463257,3.509999990463257,25800
3.450000047683716,3.609999895095825,3.450000047683716,3.470000028610229,3.470000028610229,85200
3.4800000190734863,3.809999942779541,3.4600000381469727,3.680000066757202,3.680000066757202,43600
3.640000104904175,3.690000057220459,3.5799999237060547,3.670000076293945,3.670000076293945,28300
3.559999942779541,3.5899999141693115,3.369999885559082,3.509999990463257,3.509999990463257,40400
3.440000057220459,3.650000095367432,3.440000057220459,3.549999952316284,3.549999952316284,23800
3.490000009536743,3.700000047683716,3.490000009536743,3.700000047683716,3.700000047683716,39000
3.7799999713897705,3.7899999618530273,3.549999952316284,3.740000009536743,3.740000009536743,23900
3.7699999809265137,3.809999942779541,3.5899999141693115,3.7200000286102295,3.7200000286102295,38700
3.7200000286102295,3.890000104904175,3.680000066757202,3.7899999618530273,3.7899999618530273,58800
3.809999942779541,3.809999942779541,3.680000066757202,3.75,3.75,24400
3.7300000190734863,3.7899999618530273,3.609999895095825,3.7899999618530273,3.7899999618530273,23400
3.740000009536743,3.849999904632568,3.700000047683716,3.849999904632568,3.849999904632568,62800
3.799999952316284,3.900000095367432,3.7300000190734863,3.900000095367432,3.900000095367432,70500
3.900000095367432,3.930000066757202,3.7300000190734863,3.7300000190734863,3.7300000190734863,93400
3.75,3.849999904632568,3.619999885559082,3.690000057220459,3.690000057220459,103200
3.640000104904175,3.690000057220459,3.5,3.509999990463257,3.509999990463257,54600
3.4600000381469727,3.640000104904175,3.4600000381469727,3.549999952316284,3.549999952316284,25100
3.5,3.609999895095825,3.5,3.539999961853028,3.539999961853028,10600
3.5,3.7100000381469727,3.490000009536743,3.5999999046325684,3.5999999046325684,65500
3.5999999046325684,3.650000095367432,3.490000009536743,3.5999999046325684,3.5999999046325684,14300
3.5999999046325684,3.700000047683716,3.5199999809265137,3.569999933242798,3.569999933242798,17400
3.609999895095825,3.700000047683716,3.5,3.5999999046325684,3.5999999046325684,14300
3.5999999046325684,3.690000057220459,3.5199999809265137,3.640000104904175,3.640000104904175,37300
3.7100000381469727,3.7100000381469727,3.5899999141693115,3.5899999141693115,3.5899999141693115,23100
3.5999999046325684,3.619999885559082,3.5,3.609999895095825,3.609999895095825,40100
3.549999952316284,3.640000104904175,3.509999990463257,3.5899999141693115,3.5899999141693115,20400
3.5999999046325684,3.619999885559082,3.539999961853028,3.549999952316284,3.549999952316284,38800
3.609999895095825,3.660000085830689,3.4600000381469727,3.640000104904175,3.640000104904175,377300
3.670000076293945,3.950000047683716,3.5999999046325684,3.809999942779541,3.809999942779541,170700
3.7899999618530273,3.869999885559082,3.759999990463257,3.759999990463257,3.759999990463257,62100
3.799999952316284,3.829999923706055,3.680000066757202,3.680000066757202,3.680000066757202,37700
3.75,3.799999952316284,3.650000095367432,3.700000047683716,3.700000047683716,39500
3.7300000190734863,3.809999942779541,3.670000076293945,3.670000076293945,3.670000076293945,18200
3.650000095367432,3.839999914169312,3.650000095367432,3.839999914169312,3.839999914169312,90600
3.910000085830689,3.930000066757202,3.7699999809265137,3.829999923706055,3.829999923706055,519900
3.849999904632568,3.930000066757202,3.759999990463257,3.839999914169312,3.839999914169312,413000
3.799999952316284,3.900000095367432,3.75,3.799999952316284,3.799999952316284,357900
3.849999904632568,3.849999904632568,3.75,3.7899999618530273,3.7899999618530273,35700
3.799999952316284,3.900000095367432,3.7699999809265137,3.869999885559082,3.869999885559082,210500
3.890000104904175,4.050000190734863,3.880000114440918,3.9800000190734863,3.9800000190734863,120200
3.9600000381469727,4.039999961853027,3.9600000381469727,4.03000020980835,4.03000020980835,62900
4.03000020980835,4.039999961853027,3.9800000190734863,4.019999980926514,4.019999980926514,65700
4.010000228881836,4.079999923706055,3.930000066757202,4.0,4.0,176900
4.0,4.099999904632568,4.0,4.0,4.0,39700
4.0,4.019999980926514,4.0,4.010000228881836,4.010000228881836,33900
4.0,4.039999961853027,3.9700000286102295,4.039999961853027,4.039999961853027,208000
4.010000228881836,4.059999942779541,3.990000009536743,4.03000020980835,4.03000020980835,73800
4.03000020980835,4.070000171661377,4.03000020980835,4.059999942779541,4.059999942779541,36600
4.010000228881836,4.070000171661377,4.0,4.039999961853027,4.039999961853027,96800
4.090000152587891,4.090000152587891,4.0,4.03000020980835,4.03000020980835,70800
4.010000228881836,4.050000190734863,4.0,4.019999980926514,4.019999980926514,36700
4.010000228881836,4.050000190734863,4.0,4.03000020980835,4.03000020980835,65000
4.039999961853027,4.059999942779541,4.0,4.050000190734863,4.050000190734863,64700
4.050000190734863,4.070000171661377,3.990000009536743,4.050000190734863,4.050000190734863,62500
4.050000190734863,4.059999942779541,3.920000076293945,3.9800000190734863,3.9800000190734863,60300
4.0,4.0,3.950000047683716,3.9800000190734863,3.9800000190734863,26100
3.990000009536743,4.079999923706055,3.990000009536743,4.070000171661377,4.070000171661377,65200
4.070000171661377,4.070000171661377,3.9800000190734863,4.010000228881836,4.010000228881836,29600
4.050000190734863,4.050000190734863,3.990000009536743,4.010000228881836,4.010000228881836,47200
4.03000020980835,4.070000171661377,3.950000047683716,3.990000009536743,3.990000009536743,140700
4.0,4.050000190734863,3.9600000381469727,4.0,4.0,120400
4.010000228881836,4.039999961853027,3.9800000190734863,4.019999980926514,4.019999980926514,43300
4.03000020980835,4.039999961853027,3.990000009536743,4.0,4.0,52100
4.0,4.019999980926514,3.9700000286102295,3.9700000286102295,3.9700000286102295,83300
3.950000047683716,4.059999942779541,3.950000047683716,4.010000228881836,4.010000228881836,112700
3.990000009536743,4.059999942779541,3.940000057220459,3.9600000381469727,3.9600000381469727,25400
3.9600000381469727,3.9800000190734863,3.940000057220459,3.940000057220459,3.940000057220459,13000
4.159999847412109,5.099999904632568,3.940000057220459,3.9600000381469727,3.9600000381469727,33500
3.9800000190734863,4.010000228881836,3.880000114440918,3.950000047683716,3.950000047683716,111800
3.9800000190734863,4.0,3.900000095367432,3.950000047683716,3.950000047683716,42300
3.950000047683716,3.9800000190734863,3.75,3.799999952316284,3.799999952316284,227600
3.25,3.359999895095825,2.890000104904175,3.200000047683716,3.200000047683716,498900
3.299999952316284,3.4800000190734863,3.119999885559082,3.180000066757202,3.180000066757202,164600
3.1600000858306885,3.200000047683716,3.140000104904175,3.1600000858306885,3.1600000858306885,57400
3.150000095367432,3.240000009536743,3.130000114440918,3.220000028610229,3.220000028610229,86100
3.190000057220459,3.25,3.130000114440918,3.130000114440918,3.130000114440918,92300
3.130000114440918,3.190000057220459,2.799999952316284,2.8499999046325684,2.8499999046325684,440600
2.8499999046325684,2.9800000190734863,2.819999933242798,2.9600000381469727,2.9600000381469727,155600
3.039999961853028,3.039999961853028,2.799999952316284,2.880000114440918,2.880000114440918,128700
2.880000114440918,2.9600000381469727,2.8399999141693115,2.890000104904175,2.890000104904175,135900
3.0199999809265137,3.2100000381469727,2.970000028610229,3.069999933242798,3.069999933242798,174000
3.039999961853028,3.119999885559082,2.9200000762939453,3.109999895095825,3.109999895095825,143200
3.109999895095825,3.140000104904175,3.0,3.059999942779541,3.059999942779541,66900
3.009999990463257,3.0799999237060547,2.990000009536743,2.990000009536743,2.990000009536743,91700
3.0,3.009999990463257,2.9200000762939453,2.9200000762939453,2.9200000762939453,71500
2.940000057220459,2.970000028610229,2.9200000762939453,2.9600000381469727,2.9600000381469727,62700
3.039999961853028,3.039999961853028,2.930000066757202,3.0299999713897705,3.0299999713897705,118600
3.130000114440918,3.25,2.990000009536743,3.180000066757202,3.180000066757202,84700
3.180000066757202,3.259999990463257,3.059999942779541,3.25,3.25,114300
3.259999990463257,3.380000114440918,3.150000095367432,3.220000028610229,3.220000028610229,145600
3.25,3.25,3.0899999141693115,3.109999895095825,3.109999895095825,69200
3.0799999237060547,3.140000104904175,3.059999942779541,3.0999999046325684,3.0999999046325684,76000
3.140000104904175,3.240000009536743,3.069999933242798,3.069999933242798,3.069999933242798,56400
3.049999952316284,3.150000095367432,3.039999961853028,3.150000095367432,3.150000095367432,46900
3.109999895095825,3.4200000762939453,3.109999895095825,3.369999885559082,3.369999885559082,142200
3.380000114440918,3.380000114440918,3.140000104904175,3.309999942779541,3.309999942779541,47100
3.2799999713897705,3.3299999237060547,3.200000047683716,3.2799999713897705,3.2799999713897705,47200
3.289999961853028,3.289999961853028,3.130000114440918,3.180000066757202,3.180000066757202,38200
3.180000066757202,3.369999885559082,3.1700000762939453,3.3299999237060547,3.3299999237060547,56800
3.3399999141693115,3.5,3.3399999141693115,3.5,3.5,58300
3.400000095367432,3.400000095367432,3.299999952316284,3.400000095367432,3.400000095367432,55800
3.3499999046325684,3.5,3.25,3.25,3.25,103000
3.299999952316284,3.680000066757202,3.259999990463257,3.470000028610229,3.470000028610229,89000
3.5999999046325684,3.670000076293945,3.3399999141693115,3.5,3.5,140200
3.549999952316284,3.740000009536743,3.400000095367432,3.509999990463257,3.509999990463257,95600
3.470000028610229,3.5,3.299999952316284,3.299999952316284,3.299999952316284,64700
3.25,3.390000104904175,3.0999999046325684,3.0999999046325684,3.0999999046325684,52500
3.130000114440918,3.240000009536743,3.049999952316284,3.119999885559082,3.119999885559082,25200
3.200000047683716,3.2100000381469727,3.049999952316284,3.069999933242798,3.069999933242798,46100
3.299999952316284,3.299999952316284,3.059999942779541,3.059999942779541,3.059999942779541,24100
3.0799999237060547,3.25,3.069999933242798,3.0799999237060547,3.0799999237060547,27200
3.0899999141693115,3.200000047683716,3.0899999141693115,3.150000095367432,3.150000095367432,22300
3.140000104904175,3.200000047683716,3.049999952316284,3.180000066757202,3.180000066757202,24400
3.2100000381469727,3.2100000381469727,3.049999952316284,3.0999999046325684,3.0999999046325684,27600
3.150000095367432,3.200000047683716,3.150000095367432,3.180000066757202,3.180000066757202,6100
3.25,3.25,3.0899999141693115,3.150000095367432,3.150000095367432,26500
3.109999895095825,3.200000047683716,3.0999999046325684,3.0999999046325684,3.0999999046325684,18400
3.049999952316284,3.200000047683716,3.049999952316284,3.200000047683716,3.200000047683716,11000
3.200000047683716,3.200000047683716,3.0899999141693115,3.140000104904175,3.140000104904175,30000
3.0999999046325684,3.200000047683716,3.0999999046325684,3.1600000858306885,3.1600000858306885,3500
3.150000095367432,3.1700000762939453,3.119999885559082,3.150000095367432,3.150000095367432,37500
3.140000104904175,3.150000095367432,3.109999895095825,3.119999885559082,3.119999885559082,6900
3.059999942779541,3.200000047683716,3.059999942779541,3.119999885559082,3.119999885559082,16700
3.150000095367432,3.150000095367432,3.109999895095825,3.109999895095825,3.109999895095825,5300
3.069999933242798,3.140000104904175,3.049999952316284,3.049999952316284,3.049999952316284,42800
3.0799999237060547,3.0799999237060547,2.990000009536743,2.990000009536743,2.990000009536743,14800
2.9600000381469727,3.130000114440918,2.9600000381469727,3.059999942779541,3.059999942779541,25900
3.0299999713897705,3.150000095367432,3.009999990463257,3.009999990463257,3.009999990463257,11800
3.0299999713897705,3.119999885559082,3.0299999713897705,3.049999952316284,3.049999952316284,4400
3.0199999809265137,3.059999942779541,3.0199999809265137,3.059999942779541,3.059999942779541,3300
3.059999942779541,3.109999895095825,3.0199999809265137,3.109999895095825,3.109999895095825,13600
3.119999885559082,3.180000066757202,3.0899999141693115,3.180000066757202,3.180000066757202,6800
3.140000104904175,3.180000066757202,3.0199999809265137,3.180000066757202,3.180000066757202,11000
3.0899999141693115,3.140000104904175,3.0199999809265137,3.049999952316284,3.049999952316284,26000
3.0299999713897705,3.150000095367432,2.789999961853028,3.109999895095825,3.109999895095825,102700
3.0999999046325684,3.220000028610229,3.0999999046325684,3.119999885559082,3.119999885559082,53700
3.180000066757202,3.200000047683716,3.150000095367432,3.150000095367432,3.150000095367432,36500
3.25,3.25,3.109999895095825,3.150000095367432,3.150000095367432,27800
3.240000009536743,3.240000009536743,3.049999952316284,3.049999952316284,3.049999952316284,42100
3.119999885559082,3.200000047683716,3.0899999141693115,3.140000104904175,3.140000104904175,62300
3.150000095367432,3.150000095367432,3.049999952316284,3.069999933242798,3.069999933242798,31300
3.049999952316284,3.1600000858306885,3.049999952316284,3.0899999141693115,3.0899999141693115,61900
3.0999999046325684,3.109999895095825,3.059999942779541,3.0799999237060547,3.0799999237060547,48800
3.0999999046325684,3.119999885559082,3.0999999046325684,3.109999895095825,3.109999895095825,37200
3.109999895095825,3.1700000762939453,3.0999999046325684,3.130000114440918,3.130000114440918,32400
3.140000104904175,3.25,3.140000104904175,3.220000028610229,3.220000028610229,24200
3.049999952316284,3.190000057220459,3.049999952316284,3.150000095367432,3.150000095367432,103000
3.1600000858306885,3.240000009536743,3.140000104904175,3.150000095367432,3.150000095367432,36300
3.1600000858306885,3.2100000381469727,3.119999885559082,3.1700000762939453,3.1700000762939453,36600
3.140000104904175,3.200000047683716,3.130000114440918,3.130000114440918,3.130000114440918,35500
3.1700000762939453,3.25,3.150000095367432,3.150000095367432,3.150000095367432,8300
3.180000066757202,3.25,3.180000066757202,3.220000028610229,3.220000028610229,23900
3.1600000858306885,3.240000009536743,3.150000095367432,3.220000028610229,3.220000028610229,12600
3.200000047683716,3.25,3.140000104904175,3.140000104904175,3.140000104904175,20900
3.190000057220459,3.2300000190734863,3.150000095367432,3.2300000190734863,3.2300000190734863,14500
3.240000009536743,3.25,3.150000095367432,3.1700000762939453,3.1700000762939453,16100
3.150000095367432,3.25,3.119999885559082,3.1600000858306885,3.1600000858306885,128000
3.220000028610229,3.25,3.0999999046325684,3.25,3.25,36900
3.2300000190734863,3.25,3.1700000762939453,3.2100000381469727,3.2100000381469727,21600
3.119999885559082,3.2300000190734863,3.059999942779541,3.150000095367432,3.150000095367432,19100
3.119999885559082,3.2100000381469727,3.0799999237060547,3.130000114440918,3.130000114440918,20400
3.140000104904175,3.180000066757202,3.140000104904175,3.180000066757202,3.180000066757202,7900
3.150000095367432,3.2100000381469727,3.150000095367432,3.180000066757202,3.180000066757202,4100
3.180000066757202,3.309999942779541,3.1700000762939453,3.25,3.25,33000
3.2100000381469727,3.259999990463257,3.140000104904175,3.259999990463257,3.259999990463257,32900
3.2300000190734863,3.2300000190734863,3.0899999141693115,3.0999999046325684,3.0999999046325684,12200
3.0799999237060547,3.130000114440918,3.0199999809265137,3.0799999237060547,3.0799999237060547,100500
3.049999952316284,3.140000104904175,2.940000057220459,2.940000057220459,2.940000057220459,18300
2.950000047683716,3.150000095367432,2.950000047683716,3.109999895095825,3.109999895095825,3300
3.0899999141693115,3.180000066757202,3.039999961853028,3.1700000762939453,3.1700000762939453,12400
3.069999933242798,3.109999895095825,3.059999942779541,3.109999895095825,3.109999895095825,2700
3.150000095367432,3.150000095367432,2.809999942779541,2.8299999237060547,2.8299999237060547,30900
2.9600000381469727,3.0,2.759999990463257,2.880000114440918,2.880000114440918,31300
2.9200000762939453,3.0999999046325684,2.880000114440918,3.0,3.0,69900
3.0,3.0899999141693115,2.9800000190734863,3.0899999141693115,3.0899999141693115,23700
3.1600000858306885,3.25,3.0999999046325684,3.25,3.25,61400
3.25,3.3499999046325684,3.150000095367432,3.3499999046325684,3.3499999046325684,144200
3.3499999046325684,3.380000114440918,3.25,3.25,3.25,29200
3.25,3.440000057220459,3.25,3.430000066757202,3.430000066757202,26800
3.3499999046325684,3.4200000762939453,3.319999933242798,3.400000095367432,3.400000095367432,25500
3.3499999046325684,3.359999895095825,3.2799999713897705,3.299999952316284,3.299999952316284,109300
3.3399999141693115,3.450000047683716,3.299999952316284,3.450000047683716,3.450000047683716,38200
3.390000104904175,3.450000047683716,3.3299999237060547,3.369999885559082,3.369999885559082,11300
3.5299999713897705,3.5299999713897705,3.3299999237060547,3.430000066757202,3.430000066757202,119300
3.450000047683716,3.450000047683716,3.390000104904175,3.4100000858306885,3.4100000858306885,11800
3.430000066757202,3.430000066757202,3.3499999046325684,3.380000114440918,3.380000114440918,31200
3.3499999046325684,3.4100000858306885,3.3399999141693115,3.3499999046325684,3.3499999046325684,33600
3.400000095367432,3.4200000762939453,3.400000095367432,3.4100000858306885,3.4100000858306885,19500
3.4100000858306885,3.450000047683716,3.4100000858306885,3.4200000762939453,3.4200000762939453,7600
3.369999885559082,3.440000057220459,3.369999885559082,3.4100000858306885,3.4100000858306885,4700
3.4100000858306885,3.450000047683716,3.390000104904175,3.450000047683716,3.450000047683716,50800
3.390000104904175,3.430000066757202,3.380000114440918,3.380000114440918,3.380000114440918,16200
3.4200000762939453,3.450000047683716,3.400000095367432,3.400000095367432,3.400000095367432,8000
3.450000047683716,3.450000047683716,3.380000114440918,3.380000114440918,3.380000114440918,11500
3.380000114440918,3.440000057220459,3.3499999046325684,3.3499999046325684,3.3499999046325684,12500
3.3499999046325684,3.5,3.3299999237060547,3.369999885559082,3.369999885559082,19900
3.400000095367432,3.5,3.400000095367432,3.4100000858306885,3.4100000858306885,7600
3.450000047683716,3.640000104904175,3.3299999237060547,3.400000095367432,3.400000095367432,77900
3.470000028610229,3.4800000190734863,3.400000095367432,3.450000047683716,3.450000047683716,5600
3.5,3.7300000190734863,3.5,3.700000047683716,3.700000047683716,36500
3.759999990463257,3.890000104904175,3.700000047683716,3.839999914169312,3.839999914169312,65100
3.7100000381469727,3.839999914169312,3.640000104904175,3.819999933242798,3.819999933242798,38500
3.819999933242798,3.890000104904175,3.700000047683716,3.799999952316284,3.799999952316284,12800
3.799999952316284,3.950000047683716,3.740000009536743,3.740000009536743,3.740000009536743,14200
3.75,3.809999942779541,3.7100000381469727,3.799999952316284,3.799999952316284,12500
3.700000047683716,3.7899999618530273,3.650000095367432,3.650000095367432,3.650000095367432,19900
3.660000085830689,3.809999942779541,3.650000095367432,3.7100000381469727,3.7100000381469727,51100
3.75,3.7899999618530273,3.670000076293945,3.670000076293945,3.670000076293945,28100
3.740000009536743,3.799999952316284,3.650000095367432,3.680000066757202,3.680000066757202,38900
3.650000095367432,3.7899999618530273,3.650000095367432,3.75,3.75,14500
3.7100000381469727,3.829999923706055,3.619999885559082,3.75,3.75,82000
3.75,3.839999914169312,3.700000047683716,3.799999952316284,3.799999952316284,7800
3.849999904632568,3.859999895095825,3.75,3.7699999809265137,3.7699999809265137,37100
3.799999952316284,3.880000114440918,3.799999952316284,3.809999942779541,3.809999942779541,10000
3.759999990463257,3.9600000381469727,3.759999990463257,3.869999885559082,3.869999885559082,48300
3.869999885559082,3.9600000381469727,3.809999942779541,3.880000114440918,3.880000114440918,32500
3.859999895095825,4.039999961853027,3.859999895095825,3.920000076293945,3.920000076293945,51600
3.9600000381469727,4.0,3.839999914169312,3.890000104904175,3.890000104904175,19300
3.880000114440918,3.9800000190734863,3.849999904632568,3.900000095367432,3.900000095367432,51100
3.900000095367432,3.9800000190734863,3.869999885559082,3.869999885559082,3.869999885559082,80300
3.900000095367432,3.930000066757202,3.900000095367432,3.900000095367432,3.900000095367432,4300
3.839999914169312,4.0,3.839999914169312,4.0,4.0,32500
4.0,4.0,3.900000095367432,3.930000066757202,3.930000066757202,22100
3.900000095367432,3.990000009536743,3.849999904632568,3.849999904632568,3.849999904632568,33100
3.849999904632568,3.9800000190734863,3.799999952316284,3.9600000381469727,3.9600000381469727,84200
3.920000076293945,3.990000009536743,3.819999933242798,3.900000095367432,3.900000095367432,22300
3.9800000190734863,4.0,3.890000104904175,3.990000009536743,3.990000009536743,20500
3.869999885559082,4.070000171661377,3.869999885559082,3.9600000381469727,3.9600000381469727,24400
3.900000095367432,4.139999866485596,3.900000095367432,4.0,4.0,73800
3.940000057220459,4.050000190734863,3.869999885559082,3.940000057220459,3.940000057220459,45100
3.940000057220459,3.9800000190734863,3.829999923706055,3.920000076293945,3.920000076293945,31200
3.849999904632568,3.930000066757202,3.7200000286102295,3.809999942779541,3.809999942779541,55200
3.759999990463257,3.849999904632568,3.7300000190734863,3.829999923706055,3.829999923706055,238600
3.819999933242798,4.070000171661377,3.740000009536743,3.900000095367432,3.900000095367432,10100
3.900000095367432,3.910000085830689,3.829999923706055,3.890000104904175,3.890000104904175,10800
3.930000066757202,3.990000009536743,3.859999895095825,3.940000057220459,3.940000057220459,17100
3.910000085830689,3.990000009536743,3.7899999618530273,3.849999904632568,3.849999904632568,22100
3.869999885559082,4.0,3.7799999713897705,3.819999933242798,3.819999933242798,26500
3.7799999713897705,3.819999933242798,3.700000047683716,3.7699999809265137,3.7699999809265137,5300
3.75,3.7899999618530273,3.700000047683716,3.700000047683716,3.700000047683716,44200
3.650000095367432,3.650000095367432,3.5999999046325684,3.650000095367432,3.650000095367432,28600
3.650000095367432,3.650000095367432,3.5999999046325684,3.5999999046325684,3.5999999046325684,39700
3.5999999046325684,3.75,3.509999990463257,3.75,3.75,60900
3.7799999713897705,3.819999933242798,3.609999895095825,3.75,3.75,111100
3.839999914169312,3.900000095367432,3.5999999046325684,3.5999999046325684,3.5999999046325684,62600
3.75,3.819999933242798,3.319999933242798,3.539999961853028,3.539999961853028,76100
3.390000104904175,3.450000047683716,3.109999895095825,3.25,3.25,76600
3.369999885559082,3.430000066757202,3.1600000858306885,3.2300000190734863,3.2300000190734863,35600
3.0999999046325684,3.2799999713897705,3.0,3.2799999713897705,3.2799999713897705,192200
3.299999952316284,3.430000066757202,3.130000114440918,3.2100000381469727,3.2100000381469727,12000
3.3399999141693115,3.3399999141693115,3.1600000858306885,3.25,3.25,19700
3.220000028610229,3.299999952316284,3.1600000858306885,3.1600000858306885,3.1600000858306885,8600
3.240000009536743,3.4600000381469727,3.190000057220459,3.380000114440918,3.380000114440918,9600
3.440000057220459,3.4800000190734863,3.299999952316284,3.3499999046325684,3.3499999046325684,8100
3.400000095367432,3.4100000858306885,3.309999942779541,3.380000114440918,3.380000114440918,7900
3.450000047683716,3.619999885559082,3.369999885559082,3.509999990463257,3.509999990463257,42200
3.539999961853028,3.5799999237060547,3.3499999046325684,3.559999942779541,3.559999942779541,8800
3.5,3.549999952316284,3.259999990463257,3.2699999809265137,3.2699999809265137,23600
3.3299999237060547,3.5,3.2799999713897705,3.4100000858306885,3.4100000858306885,64300
3.430000066757202,3.5299999713897705,3.25,3.299999952316284,3.299999952316284,39400
3.359999895095825,3.359999895095825,3.25,3.25,3.25,12200
3.25,3.3399999141693115,3.1700000762939453,3.190000057220459,3.190000057220459,14600
3.150000095367432,3.259999990463257,3.150000095367432,3.259999990463257,3.259999990463257,19900
3.299999952316284,3.319999933242798,3.2699999809265137,3.299999952316284,3.299999952316284,9500
3.2799999713897705,3.3399999141693115,3.259999990463257,3.309999942779541,3.309999942779541,14400
3.2799999713897705,3.369999885559082,3.150000095367432,3.200000047683716,3.200000047683716,24700
3.240000009536743,3.309999942779541,3.220000028610229,3.220000028610229,3.220000028610229,6200
3.299999952316284,3.3399999141693115,3.220000028610229,3.25,3.25,3400
3.259999990463257,3.3399999141693115,3.259999990463257,3.299999952316284,3.299999952316284,1700
3.3399999141693115,3.3399999141693115,3.200000047683716,3.200000047683716,3.200000047683716,14200
3.200000047683716,3.240000009536743,3.200000047683716,3.220000028610229,3.220000028610229,5500
3.200000047683716,3.319999933242798,3.200000047683716,3.319999933242798,3.319999933242798,2100
3.240000009536743,3.299999952316284,3.2100000381469727,3.299999952316284,3.299999952316284,2000
3.180000066757202,3.2699999809265137,3.180000066757202,3.2300000190734863,3.2300000190734863,16000
3.2300000190734863,3.25,3.200000047683716,3.220000028610229,3.220000028610229,5800
3.2799999713897705,3.289999961853028,3.1700000762939453,3.1700000762939453,3.1700000762939453,5400
3.240000009536743,3.3399999141693115,3.2100000381469727,3.289999961853028,3.289999961853028,17800
3.2799999713897705,3.359999895095825,3.2799999713897705,3.359999895095825,3.359999895095825,10500
3.3499999046325684,3.359999895095825,3.25,3.25,3.25,12300
3.2799999713897705,3.400000095367432,3.190000057220459,3.190000057220459,3.190000057220459,44300
3.1700000762939453,3.2300000190734863,3.0999999046325684,3.0999999046325684,3.0999999046325684,28500
3.130000114440918,3.190000057220459,3.0999999046325684,3.0999999046325684,3.0999999046325684,11600
3.220000028610229,3.220000028610229,3.140000104904175,3.140000104904175,3.140000104904175,2100
3.140000104904175,3.150000095367432,3.0999999046325684,3.119999885559082,3.119999885559082,14800
3.150000095367432,3.150000095367432,3.059999942779541,3.069999933242798,3.069999933242798,26700
3.0999999046325684,3.0999999046325684,3.0199999809265137,3.049999952316284,3.049999952316284,17000
2.9600000381469727,2.970000028610229,2.900000095367432,2.9100000858306885,2.9100000858306885,26300
2.8499999046325684,2.9100000858306885,2.7699999809265137,2.809999942779541,2.809999942779541,46900
2.789999961853028,2.880000114440918,2.7100000381469727,2.75,2.75,30500
2.7799999713897705,2.9100000858306885,2.75,2.75,2.75,20700
2.759999990463257,2.7799999713897705,2.7100000381469727,2.7100000381469727,2.7100000381469727,10100
2.700000047683716,2.7300000190734863,2.630000114440918,2.6700000762939453,2.6700000762939453,18500
2.650000095367432,2.7100000381469727,2.640000104904175,2.6700000762939453,2.6700000762939453,15300
2.6700000762939453,2.75,2.650000095367432,2.650000095367432,2.650000095367432,11900
2.650000095367432,2.6600000858306885,2.4800000190734863,2.5,2.5,26400
2.5,2.509999990463257,2.400000095367432,2.4200000762939453,2.4200000762939453,13700
2.430000066757202,2.470000028610229,2.309999942779541,2.369999885559082,2.369999885559082,36000
2.369999885559082,2.380000114440918,2.180000066757202,2.220000028610229,2.220000028610229,80300
2.299999952316284,2.3499999046325684,2.1600000858306885,2.1600000858306885,2.1600000858306885,38000
2.259999990463257,2.369999885559082,2.200000047683716,2.3399999141693115,2.3399999141693115,111300
2.259999990463257,2.380000114440918,2.259999990463257,2.380000114440918,2.380000114440918,23400
2.3499999046325684,2.4100000858306885,2.309999942779541,2.319999933242798,2.319999933242798,51900
2.319999933242798,2.380000114440918,2.299999952316284,2.319999933242798,2.319999933242798,19600
2.319999933242798,2.380000114440918,2.299999952316284,2.299999952316284,2.299999952316284,3300
2.289999961853028,2.3299999237060547,2.2799999713897705,2.289999961853028,2.289999961853028,18500
2.2699999809265137,2.3399999141693115,2.259999990463257,2.2799999713897705,2.2799999713897705,29000
2.309999942779541,2.319999933242798,2.2100000381469727,2.220000028610229,2.220000028610229,36900
2.220000028610229,2.25,2.150000095367432,2.1600000858306885,2.1600000858306885,45800
2.140000104904175,2.2300000190734863,2.0999999046325684,2.1700000762939453,2.1700000762939453,69000
2.130000114440918,2.240000009536743,2.0899999141693115,2.0899999141693115,2.0899999141693115,37900
2.150000095367432,2.359999895095825,2.150000095367432,2.259999990463257,2.259999990463257,51900
2.2799999713897705,2.3499999046325684,2.2100000381469727,2.3399999141693115,2.3399999141693115,13400
2.390000104904175,2.450000047683716,2.369999885559082,2.4100000858306885,2.4100000858306885,10600
2.430000066757202,2.4800000190734863,2.289999961853028,2.390000104904175,2.390000104904175,13000
2.450000047683716,2.450000047683716,2.3299999237060547,2.3299999237060547,2.3299999237060547,2200
2.3399999141693115,2.440000057220459,2.309999942779541,2.309999942779541,2.309999942779541,3300
2.25,2.309999942779541,2.240000009536743,2.309999942779541,2.309999942779541,15900
2.309999942779541,2.309999942779541,2.2300000190734863,2.289999961853028,2.289999961853028,10300
2.359999895095825,2.490000009536743,2.3399999141693115,2.3499999046325684,2.3499999046325684,48700
2.359999895095825,2.390000104904175,2.289999961853028,2.299999952316284,2.299999952316284,11800
2.259999990463257,2.3299999237060547,2.259999990463257,2.299999952316284,2.299999952316284,5000
2.2699999809265137,2.3399999141693115,2.25,2.3399999141693115,2.3399999141693115,7000
2.2699999809265137,2.3499999046325684,2.2699999809265137,2.3399999141693115,2.3399999141693115,1000
2.2699999809265137,2.3399999141693115,2.259999990463257,2.3399999141693115,2.3399999141693115,2000
2.319999933242798,2.400000095367432,2.299999952316284,2.400000095367432,2.400000095367432,9700
2.369999885559082,2.4200000762939453,2.3499999046325684,2.4200000762939453,2.4200000762939453,12200
2.4100000858306885,2.4100000858306885,2.2300000190734863,2.2799999713897705,2.2799999713897705,14200
2.2799999713897705,2.2799999713897705,2.1600000858306885,2.1600000858306885,2.1600000858306885,178800
2.180000066757202,2.289999961853028,2.180000066757202,2.289999961853028,2.289999961853028,15500
2.309999942779541,2.3499999046325684,2.200000047683716,2.220000028610229,2.220000028610229,36400
2.200000047683716,2.200000047683716,1.9600000381469729,2.049999952316284,2.049999952316284,106400
2.009999990463257,2.0799999237060547,1.840000033378601,1.9800000190734863,1.9800000190734863,52800
1.909999966621399,1.9600000381469729,1.850000023841858,1.899999976158142,1.899999976158142,37900
1.919999957084656,1.9600000381469729,1.6799999475479126,1.850000023841858,1.850000023841858,44600
1.830000042915344,1.840000033378601,1.7599999904632568,1.7899999618530271,1.7899999618530271,12900
1.7899999618530271,1.7899999618530271,1.690000057220459,1.75,1.75,27200
1.690000057220459,1.7100000381469729,1.649999976158142,1.6799999475479126,1.6799999475479126,62300
1.6399999856948853,1.7000000476837158,1.6399999856948853,1.6799999475479126,1.6799999475479126,25800
1.6699999570846558,1.6799999475479126,1.5299999713897705,1.5800000429153442,1.5800000429153442,64200
1.5499999523162842,1.600000023841858,1.5099999904632568,1.5099999904632568,1.5099999904632568,78200
1.5099999904632568,1.5499999523162842,1.4700000286102295,1.4700000286102295,1.4700000286102295,361400
1.4700000286102295,1.6299999952316284,1.4700000286102295,1.5499999523162842,1.5499999523162842,65000
1.5299999713897705,1.649999976158142,1.5299999713897705,1.600000023841858,1.600000023841858,77100
1.6799999475479126,1.6799999475479126,1.600000023841858,1.600000023841858,1.600000023841858,56200
1.600000023841858,1.649999976158142,1.5700000524520874,1.6100000143051147,1.6100000143051147,121400
1.6100000143051147,1.690000057220459,1.590000033378601,1.6100000143051147,1.6100000143051147,52300
1.6100000143051147,1.6100000143051147,1.5800000429153442,1.5800000429153442,1.5800000429153442,13200
1.590000033378601,1.6200000047683716,1.559999942779541,1.5700000524520874,1.5700000524520874,26800
1.5499999523162842,1.559999942779541,1.5,1.5399999618530271,1.5399999618530271,107500
1.5199999809265137,1.600000023841858,1.399999976158142,1.4500000476837158,1.4500000476837158,151400
1.4600000381469729,1.5399999618530271,1.399999976158142,1.5,1.5,53200
1.5099999904632568,1.5099999904632568,1.4500000476837158,1.4600000381469729,1.4600000381469729,10500
1.4700000286102295,1.5499999523162842,1.4700000286102295,1.4900000095367432,1.4900000095367432,59000
1.5199999809265137,1.5399999618530271,1.5,1.5,1.5,51100
1.5099999904632568,1.5399999618530271,1.440000057220459,1.4700000286102295,1.4700000286102295,19700
1.4800000190734863,1.4800000190734863,1.4299999475479126,1.4500000476837158,1.4500000476837158,9800
1.4600000381469729,1.5299999713897705,1.4199999570846558,1.4800000190734863,1.4800000190734863,58500
1.4500000476837158,1.4700000286102295,1.399999976158142,1.4199999570846558,1.4199999570846558,27000
1.4299999475479126,1.4600000381469729,1.399999976158142,1.409999966621399,1.409999966621399,35800
1.4600000381469729,1.5199999809265137,1.4199999570846558,1.4700000286102295,1.4700000286102295,52400
1.4900000095367432,1.4900000095367432,1.399999976158142,1.4199999570846558,1.4199999570846558,68000
1.4700000286102295,1.600000023841858,1.4199999570846558,1.5800000429153442,1.5800000429153442,139600
1.6200000047683716,1.6200000047683716,1.5700000524520874,1.600000023841858,1.600000023841858,72200
1.5399999618530271,1.590000033378601,1.4800000190734863,1.4900000095367432,1.4900000095367432,16800
1.5,1.5099999904632568,1.399999976158142,1.440000057220459,1.440000057220459,91500
1.409999966621399,1.4800000190734863,1.399999976158142,1.4199999570846558,1.4199999570846558,78400
1.4700000286102295,1.4700000286102295,1.399999976158142,1.4500000476837158,1.4500000476837158,53900
1.4600000381469729,1.7100000381469729,1.4299999475479126,1.7100000381469729,1.7100000381469729,103400
1.7000000476837158,1.809999942779541,1.5800000429153442,1.7300000190734863,1.7300000190734863,77300
1.75,1.75,1.6399999856948853,1.7200000286102295,1.7200000286102295,52800
1.7100000381469729,1.7999999523162842,1.6799999475479126,1.7000000476837158,1.7000000476837158,44000
1.75,1.830000042915344,1.7000000476837158,1.8200000524520876,1.8200000524520876,81100
1.8600000143051147,1.8600000143051147,1.7699999809265137,1.7799999713897705,1.7799999713897705,52600
1.7799999713897705,1.830000042915344,1.7300000190734863,1.8200000524520876,1.8200000524520876,25900
1.840000033378601,1.840000033378601,1.75,1.7799999713897705,1.7799999713897705,21500
1.7599999904632568,1.7999999523162842,1.7300000190734863,1.75,1.75,15400
1.7699999809265137,1.840000033378601,1.7300000190734863,1.7400000095367432,1.7400000095367432,21700
1.75,1.8799999952316284,1.75,1.8200000524520876,1.8200000524520876,31700
1.830000042915344,1.830000042915344,1.7400000095367432,1.7899999618530271,1.7899999618530271,4400
1.8200000524520876,1.830000042915344,1.7300000190734863,1.7799999713897705,1.7799999713897705,6600
1.7999999523162842,1.830000042915344,1.75,1.75,1.75,38900
1.809999942779541,1.8200000524520876,1.7000000476837158,1.7799999713897705,1.7799999713897705,21600
1.7899999618530271,1.850000023841858,1.7200000286102295,1.7799999713897705,1.7799999713897705,47800
1.8200000524520876,1.8200000524520876,1.75,1.7799999713897705,1.7799999713897705,3900
1.7699999809265137,1.7699999809265137,1.6799999475479126,1.7100000381469729,1.7100000381469729,15600
1.7000000476837158,1.7699999809265137,1.6799999475479126,1.75,1.75,25900
1.7599999904632568,1.7699999809265137,1.7100000381469729,1.75,1.75,6900
1.7400000095367432,1.7699999809265137,1.6699999570846558,1.7200000286102295,1.7200000286102295,8800
1.7200000286102295,1.75,1.7200000286102295,1.7400000095367432,1.7400000095367432,9300
1.7599999904632568,1.7599999904632568,1.6699999570846558,1.690000057220459,1.690000057220459,12700
1.7699999809265137,1.7699999809265137,1.6200000047683716,1.6200000047683716,1.6200000047683716,56300
1.6200000047683716,1.6299999952316284,1.4900000095367432,1.5199999809265137,1.5199999809265137,262700
1.5199999809265137,1.5199999809265137,1.4600000381469729,1.4800000190734863,1.4800000190734863,83500
1.440000057220459,1.5,1.440000057220459,1.4600000381469729,1.4600000381469729,70100
1.4600000381469729,1.5,1.4500000476837158,1.4700000286102295,1.4700000286102295,36800
1.4900000095367432,1.5399999618530271,1.440000057220459,1.4500000476837158,1.4500000476837158,46500
1.4299999475479126,1.4900000095367432,1.4299999475479126,1.4700000286102295,1.4700000286102295,29400
1.4600000381469729,1.4800000190734863,1.4199999570846558,1.4299999475479126,1.4299999475479126,22500
1.4600000381469729,1.4700000286102295,1.4299999475479126,1.440000057220459,1.440000057220459,56400
1.4500000476837158,1.5,1.4299999475479126,1.440000057220459,1.440000057220459,71900
1.4500000476837158,1.4900000095367432,1.4500000476837158,1.4500000476837158,1.4500000476837158,46800
1.4500000476837158,1.600000023841858,1.4199999570846558,1.559999942779541,1.559999942779541,619600
1.5499999523162842,1.6399999856948853,1.5499999523162842,1.6200000047683716,1.6200000047683716,115500
1.6399999856948853,1.7000000476837158,1.6299999952316284,1.6799999475479126,1.6799999475479126,107000
1.7200000286102295,2.0799999237060547,1.649999976158142,1.940000057220459,1.940000057220459,1093300
1.909999966621399,1.940000057220459,1.809999942779541,1.8799999952316284,1.8799999952316284,285200
1.899999976158142,2.059999942779541,1.870000004768372,1.9700000286102293,1.9700000286102293,202900
2.049999952316284,2.059999942779541,1.809999942779541,1.8600000143051147,1.8600000143051147,247700
1.899999976158142,1.899999976158142,1.809999942779541,1.809999942779541,1.809999942779541,184200
1.8200000524520876,1.899999976158142,1.7699999809265137,1.7999999523162842,1.7999999523162842,138700
1.809999942779541,1.830000042915344,1.7400000095367432,1.7400000095367432,1.7400000095367432,120600
1.75,1.75,1.659999966621399,1.6699999570846558,1.6699999570846558,115300
1.6699999570846558,1.6699999570846558,1.559999942779541,1.5700000524520874,1.5700000524520874,108500
1.6100000143051147,1.6299999952316284,1.5499999523162842,1.5499999523162842,1.5499999523162842,93900
1.559999942779541,1.6200000047683716,1.5399999618530271,1.5700000524520874,1.5700000524520874,131200
1.5800000429153442,1.6100000143051147,1.5399999618530271,1.590000033378601,1.590000033378601,288000
1.6100000143051147,1.649999976158142,1.5499999523162842,1.6200000047683716,1.6200000047683716,244800
1.590000033378601,1.6299999952316284,1.5399999618530271,1.5499999523162842,1.5499999523162842,57600
1.5700000524520874,1.6799999475479126,1.5399999618530271,1.6699999570846558,1.6699999570846558,462900
1.7000000476837158,1.75,1.649999976158142,1.6799999475479126,1.6799999475479126,164000
1.6799999475479126,1.7000000476837158,1.6299999952316284,1.690000057220459,1.690000057220459,79700
1.690000057220459,1.690000057220459,1.6299999952316284,1.690000057220459,1.690000057220459,33100
1.6699999570846558,1.7000000476837158,1.659999966621399,1.659999966621399,1.659999966621399,5500
1.6699999570846558,1.6799999475479126,1.6299999952316284,1.6299999952316284,1.6299999952316284,35800
1.6299999952316284,1.6399999856948853,1.5700000524520874,1.5700000524520874,1.5700000524520874,47300
1.590000033378601,1.6699999570846558,1.5700000524520874,1.5800000429153442,1.5800000429153442,274900
1.5800000429153442,1.6699999570846558,1.559999942779541,1.6699999570846558,1.6699999570846558,251200
1.649999976158142,1.6799999475479126,1.600000023841858,1.600000023841858,1.600000023841858,50600
1.6200000047683716,1.6200000047683716,1.5700000524520874,1.5800000429153442,1.5800000429153442,37000
1.600000023841858,1.6100000143051147,1.5800000429153442,1.600000023841858,1.600000023841858,45400
1.590000033378601,1.600000023841858,1.5499999523162842,1.5700000524520874,1.5700000524520874,65700
1.559999942779541,1.600000023841858,1.559999942779541,1.5700000524520874,1.5700000524520874,5800
1.5800000429153442,1.6399999856948853,1.5700000524520874,1.600000023841858,1.600000023841858,50000
1.6200000047683716,1.6200000047683716,1.5499999523162842,1.5700000524520874,1.5700000524520874,15600
1.5700000524520874,1.600000023841858,1.5299999713897705,1.5499999523162842,1.5499999523162842,36100
1.5399999618530271,1.5800000429153442,1.5099999904632568,1.5199999809265137,1.5199999809265137,32800
1.5399999618530271,1.5800000429153442,1.5399999618530271,1.5499999523162842,1.5499999523162842,34500
1.5800000429153442,1.5800000429153442,1.5099999904632568,1.559999942779541,1.559999942779541,39800
1.5399999618530271,1.559999942779541,1.5299999713897705,1.5299999713897705,1.5299999713897705,25500
1.5399999618530271,1.559999942779541,1.409999966621399,1.4900000095367432,1.4900000095367432,128700
1.5,1.5099999904632568,1.4700000286102295,1.4900000095367432,1.4900000095367432,36900
1.5099999904632568,1.5800000429153442,1.5099999904632568,1.5199999809265137,1.5199999809265137,26700
1.5299999713897705,1.559999942779541,1.5299999713897705,1.5499999523162842,1.5499999523162842,30700
1.5299999713897705,1.5499999523162842,1.5099999904632568,1.5199999809265137,1.5199999809265137,11900
1.5199999809265137,1.5499999523162842,1.4900000095367432,1.4900000095367432,1.4900000095367432,58700
1.4900000095367432,1.5499999523162842,1.4900000095367432,1.4900000095367432,1.4900000095367432,66700
1.5399999618530271,1.5800000429153442,1.4600000381469729,1.4900000095367432,1.4900000095367432,110800
1.4900000095367432,1.5199999809265137,1.4199999570846558,1.440000057220459,1.440000057220459,44700
1.4199999570846558,1.4500000476837158,1.399999976158142,1.409999966621399,1.409999966621399,41700
1.399999976158142,1.409999966621399,1.059999942779541,1.25,1.25,189600
1.2400000095367432,1.2699999809265137,1.159999966621399,1.2100000381469729,1.2100000381469729,37400
1.25,1.2799999713897705,1.1699999570846558,1.2400000095367432,1.2400000095367432,58700
1.2999999523162842,1.2999999523162842,1.2699999809265137,1.2699999809265137,1.2699999809265137,37200
1.2699999809265137,1.2799999713897705,1.25,1.2699999809265137,1.2699999809265137,40200
1.2699999809265137,1.3300000429153442,1.2300000190734863,1.3300000429153442,1.3300000429153442,43000
1.2799999713897705,1.2899999618530271,1.190000057220459,1.25,1.25,125700
1.2300000190734863,1.3300000429153442,1.1100000143051147,1.1399999856948853,1.1399999856948853,87900
1.1399999856948853,1.2200000286102295,1.1399999856948853,1.1799999475479126,1.1799999475479126,73300
1.2200000286102295,1.2400000095367432,1.1100000143051147,1.149999976158142,1.149999976158142,65500
1.1399999856948853,1.2000000476837158,1.1200000047683716,1.1399999856948853,1.1399999856948853,52400
1.1100000143051147,1.1399999856948853,1.100000023841858,1.1399999856948853,1.1399999856948853,33200
1.100000023841858,1.1299999952316284,1.059999942779541,1.1100000143051147,1.1100000143051147,249700
1.100000023841858,1.1699999570846558,1.0800000429153442,1.090000033378601,1.090000033378601,97200
1.0800000429153442,1.1100000143051147,1.059999942779541,1.059999942779541,1.059999942779541,46100
1.0800000429153442,1.1100000143051147,1.059999942779541,1.0800000429153442,1.0800000429153442,50900
1.0700000524520874,1.100000023841858,1.059999942779541,1.059999942779541,1.059999942779541,64000
1.059999942779541,1.100000023841858,1.0099999904632568,1.0299999713897705,1.0299999713897705,169500
1.0299999713897705,1.0299999713897705,0.959999978542328,0.9800000190734864,0.9800000190734864,169900
1.1100000143051147,1.149999976158142,0.8999999761581421,0.959999978542328,0.959999978542328,161300
0.9700000286102296,1.0199999809265137,0.949999988079071,1.0,1.0,69800
1.0199999809265137,1.0299999713897705,0.9700000286102296,0.9800000190734864,0.9800000190734864,77600
0.9800000190734864,1.0499999523162842,0.9700000286102296,0.9900000095367432,0.9900000095367432,38800
0.9800000190734864,1.149999976158142,0.9800000190734864,1.1399999856948853,1.1399999856948853,101600
1.1200000047683716,1.1699999570846558,1.1100000143051147,1.1299999952316284,1.1299999952316284,82200
1.1100000143051147,1.1299999952316284,1.100000023841858,1.1299999952316284,1.1299999952316284,41900
1.1100000143051147,1.149999976158142,1.1100000143051147,1.1200000047683716,1.1200000047683716,35000
1.1299999952316284,1.1299999952316284,1.090000033378601,1.100000023841858,1.100000023841858,33800
1.0800000429153442,1.100000023841858,1.0399999618530271,1.0700000524520874,1.0700000524520874,33300
1.0199999809265137,1.0700000524520874,0.9800000190734864,1.0199999809265137,1.0199999809265137,194400
1.0399999618530271,1.0499999523162842,0.959999978542328,0.959999978542328,0.959999978542328,114300
1.0,1.0499999523162842,0.9900000095367432,1.0199999809265137,1.0199999809265137,75400
1.0199999809265137,1.0199999809265137,0.959999978542328,0.9800000190734864,0.9800000190734864,182800
1.0,1.0199999809265137,0.9399999976158142,0.9700000286102296,0.9700000286102296,141300
0.959999978542328,0.9900000095367432,0.949999988079071,0.959999978542328,0.959999978542328,138000
0.959999978542328,0.9700000286102296,0.9200000166893004,0.9300000071525574,0.9300000071525574,80800
0.9700000286102296,0.9800000190734864,0.8700000047683716,0.8999999761581421,0.8999999761581421,427800
0.8999999761581421,0.9200000166893004,0.8799999952316284,0.8799999952316284,0.8799999952316284,203300
0.8999999761581421,0.9200000166893004,0.8700000047683716,0.8700000047683716,0.8700000047683716,173300
0.8600000143051147,0.8899999856948853,0.8299999833106995,0.8399999737739563,0.8399999737739563,272600
0.8700000047683716,1.0800000429153442,0.8600000143051147,0.9200000166893004,0.9200000166893004,280200
0.9200000166893004,0.959999978542328,0.9100000262260436,0.9399999976158142,0.9399999976158142,69200
0.959999978542328,0.9700000286102296,0.9399999976158142,0.9700000286102296,0.9700000286102296,23800
0.959999978542328,1.0499999523162842,0.959999978542328,1.0499999523162842,1.0499999523162842,99300
1.0499999523162842,1.0499999523162842,0.9800000190734864,1.0299999713897705,1.0299999713897705,34600
1.0199999809265137,1.0299999713897705,0.9700000286102296,1.0,1.0,45100
1.0199999809265137,1.0199999809265137,0.8999999761581421,1.0,1.0,84600
1.0,1.0,0.8999999761581421,0.9800000190734864,0.9800000190734864,53400
0.949999988079071,0.9800000190734864,0.9399999976158142,0.9700000286102296,0.9700000286102296,26200
0.959999978542328,1.0,0.949999988079071,0.9800000190734864,0.9800000190734864,65500
0.9900000095367432,1.0,0.949999988079071,0.9700000286102296,0.9700000286102296,28400
0.9800000190734864,1.0,0.959999978542328,0.9800000190734864,0.9800000190734864,27100
0.9900000095367432,1.0,0.9700000286102296,0.9800000190734864,0.9800000190734864,16200
0.959999978542328,0.9800000190734864,0.959999978542328,0.9800000190734864,0.9800000190734864,50000
0.9900000095367432,1.0499999523162842,0.9900000095367432,1.0199999809265137,1.0199999809265137,99500
1.0099999904632568,1.0499999523162842,0.9800000190734864,0.9800000190734864,0.9800000190734864,33700
0.9900000095367432,0.9900000095367432,0.959999978542328,0.959999978542328,0.959999978542328,13200
0.959999978542328,1.0,0.9200000166893004,0.949999988079071,0.949999988079071,181500
0.9700000286102296,0.9700000286102296,0.8999999761581421,0.8999999761581421,0.8999999761581421,140700
0.9200000166893004,0.959999978542328,0.9200000166893004,0.9300000071525574,0.9300000071525574,32000
0.949999988079071,0.949999988079071,0.8799999952316284,0.8999999761581421,0.8999999761581421,146100
0.8999999761581421,0.9200000166893004,0.8700000047683716,0.8999999761581421,0.8999999761581421,47200
0.9200000166893004,0.9300000071525574,0.8799999952316284,0.9100000262260436,0.9100000262260436,90000
0.9200000166893004,0.949999988079071,0.8899999856948853,0.8899999856948853,0.8899999856948853,64800
0.9300000071525574,0.9300000071525574,0.8999999761581421,0.9200000166893004,0.9200000166893004,6400
0.9300000071525574,0.9300000071525574,0.8899999856948853,0.9100000262260436,0.9100000262260436,85000
0.8999999761581421,0.9200000166893004,0.8999999761581421,0.9200000166893004,0.9200000166893004,52600
0.8999999761581421,0.9300000071525574,0.8700000047683716,0.8799999952316284,0.8799999952316284,172200
0.8700000047683716,0.9300000071525574,0.8700000047683716,0.8899999856948853,0.8899999856948853,28600
0.8999999761581421,0.8999999761581421,0.8799999952316284,0.8899999856948853,0.8899999856948853,10100
0.8999999761581421,0.8999999761581421,0.8799999952316284,0.8799999952316284,0.8799999952316284,134200
0.8799999952316284,0.8899999856948853,0.8299999833106995,0.8700000047683716,0.8700000047683716,153900
0.8600000143051147,0.8899999856948853,0.8600000143051147,0.8799999952316284,0.8799999952316284,24700
0.8999999761581421,0.8999999761581421,0.8600000143051147,0.8899999856948853,0.8899999856948853,32800
0.8999999761581421,0.8999999761581421,0.8299999833106995,0.8600000143051147,0.8600000143051147,196700
0.8600000143051147,0.8600000143051147,0.8299999833106995,0.8600000143051147,0.8600000143051147,4600
0.8600000143051147,0.8600000143051147,0.8299999833106995,0.8500000238418579,0.8500000238418579,5900
0.8600000143051147,1.0,0.8299999833106995,0.959999978542328,0.959999978542328,129900
0.9700000286102296,1.0199999809265137,0.9700000286102296,0.9800000190734864,0.9800000190734864,196800
1.0,1.0,0.8999999761581421,0.9100000262260436,0.9100000262260436,29300
0.959999978542328,1.0,0.9200000166893004,0.9200000166893004,0.9200000166893004,52100
0.9399999976158142,0.9800000190734864,0.9100000262260436,0.9399999976158142,0.9399999976158142,19900
0.9700000286102296,0.9800000190734864,0.9399999976158142,0.959999978542328,0.959999978542328,19700
0.9800000190734864,0.9800000190734864,0.9399999976158142,0.949999988079071,0.949999988079071,16800
0.9700000286102296,0.9700000286102296,0.9399999976158142,0.949999988079071,0.949999988079071,10600
0.9700000286102296,0.9800000190734864,0.949999988079071,0.9700000286102296,0.9700000286102296,3700
0.9399999976158142,0.9800000190734864,0.9399999976158142,0.949999988079071,0.949999988079071,14400
0.9399999976158142,0.9800000190734864,0.9399999976158142,0.959999978542328,0.959999978542328,15900
0.9399999976158142,0.9900000095367432,0.9399999976158142,0.959999978542328,0.959999978542328,4700
0.9399999976158142,1.0,0.9399999976158142,0.9900000095367432,0.9900000095367432,46200
1.0,1.0099999904632568,0.9700000286102296,0.9900000095367432,0.9900000095367432,27700
1.0099999904632568,1.0099999904632568,0.959999978542328,0.9700000286102296,0.9700000286102296,39200
0.9900000095367432,1.0199999809265137,0.9800000190734864,0.9800000190734864,0.9800000190734864,9800
1.0199999809265137,1.0199999809265137,0.9700000286102296,1.0,1.0,33500
0.9900000095367432,1.0199999809265137,0.9399999976158142,0.9700000286102296,0.9700000286102296,34500
0.959999978542328,0.959999978542328,0.9100000262260436,0.9200000166893004,0.9200000166893004,39200
0.8899999856948853,0.9200000166893004,0.8899999856948853,0.8899999856948853,0.8899999856948853,85000
0.9300000071525574,0.9300000071525574,0.8999999761581421,0.9300000071525574,0.9300000071525574,57300
0.9700000286102296,1.0199999809265137,0.9399999976158142,0.949999988079071,0.949999988079071,17500
0.949999988079071,1.0099999904632568,0.949999988079071,0.9800000190734864,0.9800000190734864,82700
1.0099999904632568,1.0199999809265137,0.9800000190734864,1.0099999904632568,1.0099999904632568,29400
1.0,1.0499999523162842,0.9800000190734864,1.0299999713897705,1.0299999713897705,18200
1.0499999523162842,1.0800000429153442,1.0199999809265137,1.0199999809265137,1.0199999809265137,42100
1.0299999713897705,1.0700000524520874,1.0299999713897705,1.0499999523162842,1.0499999523162842,52500
1.059999942779541,1.0700000524520874,1.0,1.0,1.0,57500
1.0099999904632568,1.0299999713897705,0.9700000286102296,1.0199999809265137,1.0199999809265137,10500
1.0099999904632568,1.059999942779541,0.9900000095367432,1.0099999904632568,1.0099999904632568,25700
1.0299999713897705,1.0499999523162842,1.0099999904632568,1.0399999618530271,1.0399999618530271,29800
1.0299999713897705,1.0299999713897705,1.0199999809265137,1.0199999809265137,1.0199999809265137,6300
1.0499999523162842,1.0499999523162842,0.9800000190734864,0.9800000190734864,0.9800000190734864,53300
0.9700000286102296,0.9900000095367432,0.9700000286102296,0.9800000190734864,0.9800000190734864,19600
1.0,1.0199999809265137,0.9700000286102296,1.0099999904632568,1.0099999904632568,25100
1.0199999809265137,1.0199999809265137,0.9800000190734864,1.0099999904632568,1.0099999904632568,5400
1.0099999904632568,1.0199999809265137,1.0,1.0,1.0,4100
0.9800000190734864,1.0099999904632568,0.9800000190734864,0.9900000095367432,0.9900000095367432,21300
1.0099999904632568,1.0499999523162842,1.0,1.0199999809265137,1.0199999809265137,49700
1.0499999523162842,1.0499999523162842,1.0199999809265137,1.0299999713897705,1.0299999713897705,8200
1.0700000524520874,1.0700000524520874,1.0499999523162842,1.0700000524520874,1.0700000524520874,35000
1.059999942779541,1.059999942779541,1.0499999523162842,1.059999942779541,1.059999942779541,12500
1.059999942779541,1.059999942779541,1.0,1.0299999713897705,1.0299999713897705,51500
1.0099999904632568,1.059999942779541,0.9800000190734864,1.0,1.0,43900
0.9800000190734864,1.0499999523162842,0.9800000190734864,1.0199999809265137,1.0199999809265137,20000
0.9900000095367432,1.0399999618530271,0.9900000095367432,0.9900000095367432,0.9900000095367432,32400
1.2000000476837158,1.3300000429153442,1.1200000047683716,1.149999976158142,1.149999976158142,1157800
1.1299999952316284,1.159999966621399,1.0700000524520874,1.090000033378601,1.090000033378601,90700
1.100000023841858,1.1299999952316284,1.0800000429153442,1.100000023841858,1.100000023841858,50600
1.100000023841858,1.1200000047683716,1.0499999523162842,1.100000023841858,1.100000023841858,105200
1.0700000524520874,1.1100000143051147,1.059999942779541,1.059999942779541,1.059999942779541,56500
1.0499999523162842,1.0800000429153442,1.0499999523162842,1.0700000524520874,1.0700000524520874,67400
1.0800000429153442,1.1100000143051147,1.059999942779541,1.0800000429153442,1.0800000429153442,20200
1.0800000429153442,1.0800000429153442,1.059999942779541,1.059999942779541,1.059999942779541,16300
1.0800000429153442,1.0800000429153442,1.0399999618530271,1.0700000524520874,1.0700000524520874,11100
1.0800000429153442,1.090000033378601,1.0399999618530271,1.0499999523162842,1.0499999523162842,32800
1.0399999618530271,1.059999942779541,1.0399999618530271,1.0399999618530271,1.0399999618530271,69100
1.0499999523162842,1.0499999523162842,0.9700000286102296,1.0,1.0,32200
1.0,1.0499999523162842,1.0,1.0299999713897705,1.0299999713897705,57600
1.0099999904632568,1.0399999618530271,1.0,1.0099999904632568,1.0099999904632568,46900
1.0399999618530271,1.0499999523162842,1.0,1.0,1.0,26200
1.0199999809265137,1.0199999809265137,0.9900000095367432,1.0099999904632568,1.0099999904632568,17900
1.0199999809265137,1.0199999809265137,0.9900000095367432,1.0099999904632568,1.0099999904632568,37800
1.0,1.0099999904632568,0.949999988079071,0.9900000095367432,0.9900000095367432,29900
1.0,1.0199999809265137,0.9800000190734864,1.0,1.0,29700
0.9800000190734864,1.0099999904632568,0.9800000190734864,0.9800000190734864,0.9800000190734864,83600
1.0099999904632568,1.0099999904632568,0.9900000095367432,0.9900000095367432,0.9900000095367432,19700
0.9800000190734864,1.0099999904632568,0.9800000190734864,0.9900000095367432,0.9900000095367432,16400
1.0,1.090000033378601,0.9900000095367432,1.0,1.0,64200
1.0199999809265137,1.0399999618530271,0.9800000190734864,1.0199999809265137,1.0199999809265137,22500
1.0,1.0099999904632568,0.949999988079071,0.9800000190734864,0.9800000190734864,42000
1.0099999904632568,1.0099999904632568,0.9800000190734864,0.9900000095367432,0.9900000095367432,16800
0.9900000095367432,1.0299999713897705,0.9800000190734864,0.9900000095367432,0.9900000095367432,30500
1.0199999809265137,1.0199999809265137,0.9900000095367432,0.9900000095367432,0.9900000095367432,3200
1.0099999904632568,1.0299999713897705,1.0,1.0199999809265137,1.0199999809265137,12600
1.0,1.0399999618530271,0.9900000095367432,1.0199999809265137,1.0199999809265137,22500
1.0199999809265137,1.0199999809265137,0.9900000095367432,1.0099999904632568,1.0099999904632568,48200
1.0099999904632568,1.0199999809265137,0.9900000095367432,0.9900000095367432,0.9900000095367432,10100
0.9900000095367432,0.9900000095367432,0.9700000286102296,0.9800000190734864,0.9800000190734864,7800
0.9800000190734864,1.0099999904632568,0.949999988079071,0.9700000286102296,0.9700000286102296,79200
0.9700000286102296,0.9700000286102296,0.9700000286102296,0.9700000286102296,0.9700000286102296,11500
0.9700000286102296,0.9900000095367432,0.9700000286102296,0.9700000286102296,0.9700000286102296,6500
0.959999978542328,1.0,0.959999978542328,0.9700000286102296,0.9700000286102296,23300
0.9700000286102296,1.0,0.9700000286102296,0.9800000190734864,0.9800000190734864,16200
0.959999978542328,1.0099999904632568,0.959999978542328,0.9800000190734864,0.9800000190734864,53000
0.9800000190734864,1.0099999904632568,0.9800000190734864,0.9900000095367432,0.9900000095367432,64700
1.0099999904632568,1.0099999904632568,0.959999978542328,0.959999978542328,0.959999978542328,175900
0.959999978542328,1.0,0.949999988079071,0.959999978542328,0.959999978542328,97500
0.9900000095367432,0.9900000095367432,0.7599999904632568,0.8799999952316284,0.8799999952316284,215900
0.8899999856948853,0.9300000071525574,0.8899999856948853,0.9200000166893004,0.9200000166893004,58600
0.949999988079071,0.949999988079071,0.9200000166893004,0.9200000166893004,0.9200000166893004,12600
0.949999988079071,0.949999988079071,0.9200000166893004,0.9300000071525574,0.9300000071525574,33200
0.9200000166893004,0.9399999976158142,0.9200000166893004,0.9300000071525574,0.9300000071525574,6900
0.9200000166893004,0.9300000071525574,0.8999999761581421,0.8999999761581421,0.8999999761581421,4900
0.9100000262260436,0.9700000286102296,0.8999999761581421,0.9399999976158142,0.9399999976158142,57700
0.9200000166893004,0.9700000286102296,0.9200000166893004,0.9399999976158142,0.9399999976158142,5300
0.949999988079071,0.949999988079071,0.9300000071525574,0.9399999976158142,0.9399999976158142,4100
0.9399999976158142,0.9399999976158142,0.9399999976158142,0.9399999976158142,0.9399999976158142,7500
0.949999988079071,0.9700000286102296,0.9300000071525574,0.9300000071525574,0.9300000071525574,9800
0.959999978542328,0.959999978542328,0.9300000071525574,0.9300000071525574,0.9300000071525574,700
0.9700000286102296,0.9700000286102296,0.9200000166893004,0.949999988079071,0.949999988079071,10300
0.9700000286102296,0.9700000286102296,0.9200000166893004,0.9200000166893004,0.9200000166893004,9900
0.9700000286102296,0.9700000286102296,0.9200000166893004,0.9200000166893004,0.9200000166893004,11800
0.949999988079071,0.949999988079071,0.9200000166893004,0.949999988079071,0.949999988079071,12600
0.9100000262260436,0.949999988079071,0.9100000262260436,0.9300000071525574,0.9300000071525574,8700
0.8999999761581421,0.949999988079071,0.8999999761581421,0.949999988079071,0.949999988079071,19300
0.9200000166893004,0.9700000286102296,0.9200000166893004,0.9700000286102296,0.9700000286102296,42400
0.9100000262260436,0.9399999976158142,0.9100000262260436,0.9399999976158142,0.9399999976158142,16800
0.949999988079071,0.9700000286102296,0.9300000071525574,0.9300000071525574,0.9300000071525574,18400
0.9100000262260436,0.9399999976158142,0.8899999856948853,0.8899999856948853,0.8899999856948853,48700
0.8799999952316284,0.9399999976158142,0.8799999952316284,0.9100000262260436,0.9100000262260436,46000
0.9200000166893004,0.9300000071525574,0.9100000262260436,0.9200000166893004,0.9200000166893004,1900
0.8799999952316284,0.9300000071525574,0.8799999952316284,0.9100000262260436,0.9100000262260436,143300
0.9100000262260436,0.949999988079071,0.8899999856948853,0.9100000262260436,0.9100000262260436,50600
0.949999988079071,0.949999988079071,0.8899999856948853,0.9100000262260436,0.9100000262260436,46800
0.959999978542328,0.959999978542328,0.9100000262260436,0.9100000262260436,0.9100000262260436,26100
0.9200000166893004,0.9300000071525574,0.8799999952316284,0.9300000071525574,0.9300000071525574,147700
0.9300000071525574,0.9700000286102296,0.8999999761581421,0.9700000286102296,0.9700000286102296,40500
0.8999999761581421,0.9700000286102296,0.8899999856948853,0.8899999856948853,0.8899999856948853,24700
0.8899999856948853,0.9399999976158142,0.8899999856948853,0.8899999856948853,0.8899999856948853,52400
0.8799999952316284,0.949999988079071,0.8799999952316284,0.9100000262260436,0.9100000262260436,6800
0.8999999761581421,0.949999988079071,0.8899999856948853,0.949999988079071,0.949999988079071,21900
0.949999988079071,0.9900000095367432,0.949999988079071,0.9800000190734864,0.9800000190734864,52000
0.9900000095367432,1.440000057220459,0.9900000095367432,1.090000033378601,1.090000033378601,820500
1.2000000476837158,1.4800000190734863,1.1399999856948853,1.2599999904632568,1.2599999904632568,1495100
1.2400000095367432,1.350000023841858,1.2100000381469729,1.350000023841858,1.350000023841858,297700
1.3200000524520874,1.3600000143051147,1.2400000095367432,1.350000023841858,1.350000023841858,188400
1.350000023841858,1.350000023841858,1.25,1.25,1.25,75300
1.2599999904632568,1.2799999713897705,1.2200000286102295,1.2599999904632568,1.2599999904632568,33900
1.2699999809265137,1.2799999713897705,1.2200000286102295,1.2200000286102295,1.2200000286102295,82600
1.2200000286102295,1.309999942779541,1.2000000476837158,1.25,1.25,133300
1.2699999809265137,1.3200000524520874,1.2400000095367432,1.2999999523162842,1.2999999523162842,40700
1.309999942779541,1.309999942779541,1.2400000095367432,1.2599999904632568,1.2599999904632568,28100
1.2699999809265137,1.350000023841858,1.2000000476837158,1.2899999618530271,1.2899999618530271,53100
1.2999999523162842,1.3200000524520874,1.25,1.3200000524520874,1.3200000524520874,24500
1.309999942779541,1.3300000429153442,1.2599999904632568,1.3200000524520874,1.3200000524520874,33800
1.340000033378601,1.340000033378601,1.2599999904632568,1.309999942779541,1.309999942779541,31600
1.2999999523162842,1.2999999523162842,1.1799999475479126,1.2599999904632568,1.2599999904632568,50700
1.2599999904632568,1.2799999713897705,1.2000000476837158,1.2599999904632568,1.2599999904632568,21400
1.25,1.2899999618530271,1.2400000095367432,1.2899999618530271,1.2899999618530271,21700
1.2899999618530271,1.2899999618530271,1.0199999809265137,1.0199999809265137,1.0199999809265137,85200
1.1200000047683716,1.2799999713897705,1.090000033378601,1.2799999713897705,1.2799999713897705,108800
1.2000000476837158,1.3200000524520874,1.1799999475479126,1.2300000190734863,1.2300000190734863,78500
1.2799999713897705,1.2899999618530271,1.2000000476837158,1.2899999618530271,1.2899999618530271,9200
1.2799999713897705,1.2799999713897705,1.190000057220459,1.2100000381469729,1.2100000381469729,21800
1.2100000381469729,1.25,1.190000057220459,1.25,1.25,35900
1.25,1.25,1.2200000286102295,1.2300000190734863,1.2300000190734863,8000
1.2100000381469729,1.2200000286102295,1.2000000476837158,1.2100000381469729,1.2100000381469729,1900
1.2300000190734863,1.2300000190734863,1.2300000190734863,1.2300000190734863,1.2300000190734863,500
1.2100000381469729,1.2200000286102295,1.1799999475479126,1.2200000286102295,1.2200000286102295,11000
1.190000057220459,1.2200000286102295,1.159999966621399,1.2200000286102295,1.2200000286102295,13200
1.2200000286102295,1.2699999809265137,1.190000057220459,1.2400000095367432,1.2400000095367432,6500
1.2100000381469729,1.2699999809265137,1.2100000381469729,1.2200000286102295,1.2200000286102295,396600
1.2400000095367432,1.2400000095367432,1.2300000190734863,1.2300000190734863,1.2300000190734863,500
1.25,1.25,1.1399999856948853,1.159999966621399,1.159999966621399,71000
1.149999976158142,1.2799999713897705,1.0399999618530271,1.2799999713897705,1.2799999713897705,2044400
1.2300000190734863,1.2300000190734863,1.1100000143051147,1.149999976158142,1.149999976158142,300100
1.1399999856948853,1.159999966621399,1.059999942779541,1.059999942779541,1.059999942779541,117600
1.0800000429153442,1.1100000143051147,1.0499999523162842,1.0499999523162842,1.0499999523162842,112200
1.059999942779541,1.100000023841858,1.0099999904632568,1.0399999618530271,1.0399999618530271,107000
1.0499999523162842,1.090000033378601,1.0199999809265137,1.090000033378601,1.090000033378601,44300
1.0700000524520874,1.0700000524520874,1.0399999618530271,1.0399999618530271,1.0399999618530271,56700
1.0099999904632568,1.0700000524520874,1.0,1.0099999904632568,1.0099999904632568,49200
1.0199999809265137,1.059999942779541,1.0,1.0199999809265137,1.0199999809265137,87100
1.0199999809265137,1.0700000524520874,1.0,1.0299999713897705,1.0299999713897705,59700
1.0099999904632568,1.0499999523162842,1.0,1.0,1.0,50600
1.0099999904632568,1.0399999618530271,1.0,1.0099999904632568,1.0099999904632568,61200
1.0099999904632568,1.090000033378601,1.0,1.090000033378601,1.090000033378601,117500
1.059999942779541,1.1200000047683716,1.0199999809265137,1.1100000143051147,1.1100000143051147,141400
1.090000033378601,1.100000023841858,1.0199999809265137,1.0700000524520874,1.0700000524520874,81900
1.0399999618530271,1.0700000524520874,1.0,1.0700000524520874,1.0700000524520874,66100
1.0399999618530271,1.0399999618530271,1.0099999904632568,1.0199999809265137,1.0199999809265137,47300
1.0299999713897705,1.1100000143051147,1.0199999809265137,1.100000023841858,1.100000023841858,157300
1.1200000047683716,1.2300000190734863,1.0499999523162842,1.2000000476837158,1.2000000476837158,425300
1.1699999570846558,1.1699999570846558,0.9900000095367432,0.9900000095367432,0.9900000095367432,824500
10.199999809265137,10.199999809265137,10.0,10.0,10.0,1800
10.989999771118164,12.5,10.989999771118164,11.960000038146973,11.960000038146973,2400
12.239999771118164,12.489999771118164,12.229999542236328,12.399999618530272,12.399999618530272,6600
12.399999618530272,12.399999618530272,12.399999618530272,12.399999618530272,12.399999618530272,0
12.399999618530272,12.399999618530272,12.399999618530272,12.399999618530272,12.399999618530272,0
12.399999618530272,12.399999618530272,12.399999618530272,12.399999618530272,12.399999618530272,0
12.399999618530272,12.399999618530272,12.399999618530272,12.399999618530272,12.399999618530272,0
11.989999771118164,11.989999771118164,11.989999771118164,11.989999771118164,11.989999771118164,100
11.989999771118164,11.989999771118164,11.989999771118164,11.989999771118164,11.989999771118164,0
11.989999771118164,11.989999771118164,11.989999771118164,11.989999771118164,11.989999771118164,0
11.039999961853027,11.039999961853027,10.18000030517578,10.3100004196167,10.3100004196167,38900
11.119999885559082,11.119999885559082,10.31999969482422,10.390000343322754,10.390000343322754,49100
10.479999542236328,10.489999771118164,10.300000190734863,10.350000381469728,10.350000381469728,10600
10.300000190734863,10.770000457763672,10.260000228881836,10.350000381469728,10.350000381469728,7700
10.350000381469728,10.399999618530272,10.300000190734863,10.350000381469728,10.350000381469728,14500
10.300000190734863,10.3100004196167,10.210000038146973,10.210000038146973,10.210000038146973,21300
10.210000038146973,10.220000267028809,10.210000038146973,10.210000038146973,10.210000038146973,6400
10.260000228881836,10.5,10.199999809265137,10.25,10.25,27200
10.149999618530272,10.5,10.149999618530272,10.25,10.25,15700
10.229999542236328,10.5,10.199999809265137,10.380000114440918,10.380000114440918,13300
10.4399995803833,10.979999542236328,10.4399995803833,10.979999542236328,10.979999542236328,36000
11.0,11.489999771118164,10.81999969482422,11.489999771118164,11.489999771118164,19200
11.0,12.399999618530272,10.329999923706056,12.25,12.25,31400
11.609999656677246,11.75,11.550000190734863,11.609999656677246,11.609999656677246,2900
10.899999618530272,11.8100004196167,10.899999618530272,11.779999732971191,11.779999732971191,6000
11.420000076293944,11.640000343322754,11.0,11.510000228881836,11.510000228881836,17800
11.5,12.100000381469728,11.5,12.100000381469728,12.100000381469728,18900
12.25,12.420000076293944,10.510000228881836,11.5,11.5,33300
11.880000114440918,12.100000381469728,11.770000457763672,12.06999969482422,12.06999969482422,9400
12.06999969482422,12.079999923706056,11.300000190734863,12.0,12.0,23900
11.970000267028809,12.100000381469728,10.90999984741211,12.079999923706056,12.079999923706056,9400
12.25,12.489999771118164,12.020000457763672,12.420000076293944,12.420000076293944,27200
12.399999618530272,12.84000015258789,12.34000015258789,12.40999984741211,12.40999984741211,34500
12.100000381469728,12.779999732971191,12.100000381469728,12.75,12.75,25700
12.649999618530272,12.739999771118164,12.529999732971191,12.609999656677246,12.609999656677246,9900
12.399999618530272,12.600000381469728,12.399999618530272,12.600000381469728,12.600000381469728,6600
12.630000114440918,12.699999809265137,12.470000267028809,12.649999618530272,12.649999618530272,16700
12.5,13.1899995803833,12.5,12.649999618530272,12.649999618530272,22900
13.149999618530272,13.199999809265137,12.899999618530272,13.15999984741211,13.15999984741211,16700
13.0,13.579999923706056,13.0,13.479999542236328,13.479999542236328,14500
13.34000015258789,14.079999923706056,13.34000015258789,13.649999618530272,13.649999618530272,3900
13.800000190734863,14.050000190734863,13.800000190734863,13.949999809265137,13.949999809265137,8900
13.84000015258789,14.020000457763672,13.550000190734863,14.0,14.0,6400
14.100000381469728,14.100000381469728,13.800000190734863,13.899999618530272,13.899999618530272,4300
13.81999969482422,14.050000190734863,13.760000228881836,13.989999771118164,13.989999771118164,5600
13.829999923706056,13.949999809265137,13.550000190734863,13.800000190734863,13.800000190734863,9400
13.800000190734863,14.050000190734863,13.699999809265137,14.050000190734863,14.050000190734863,54500
14.050000190734863,14.140000343322754,13.81999969482422,13.81999969482422,13.81999969482422,21700
14.0,14.199999809265137,13.630000114440918,14.18000030517578,14.18000030517578,10000
14.18000030517578,14.220000267028809,13.84000015258789,13.949999809265137,13.949999809265137,5900
14.220000267028809,14.359999656677246,13.890000343322754,14.239999771118164,14.239999771118164,11700
13.90999984741211,14.359999656677246,13.56999969482422,14.18000030517578,14.18000030517578,12500
14.06999969482422,14.350000381469728,14.029999732971191,14.170000076293944,14.170000076293944,5000
14.270000457763672,15.0,14.270000457763672,14.289999961853027,14.289999961853027,10700
14.390000343322754,15.0,14.289999961853027,14.529999732971191,14.529999732971191,14400
14.989999771118164,14.989999771118164,14.539999961853027,14.630000114440918,14.630000114440918,3900
14.699999809265137,15.140000343322754,14.699999809265137,15.010000228881836,15.010000228881836,17900
15.010000228881836,15.399999618530272,14.779999732971191,15.100000381469728,15.100000381469728,10600
14.989999771118164,15.100000381469728,14.0,15.100000381469728,15.100000381469728,14000
14.989999771118164,15.100000381469728,14.600000381469728,14.600000381469728,14.600000381469728,1700
14.5,15.100000381469728,14.050000190734863,15.0600004196167,15.0600004196167,9900
14.220000267028809,14.81999969482422,14.050000190734863,14.199999809265137,14.199999809265137,9300
14.079999923706056,15.0,14.079999923706056,14.550000190734863,14.550000190734863,1500
14.800000190734863,15.0,14.760000228881836,14.800000190734863,14.800000190734863,5500
14.90999984741211,14.90999984741211,14.5,14.5,14.5,300
14.43000030517578,15.050000190734863,14.399999618530272,14.600000381469728,14.600000381469728,4400
14.739999771118164,14.899999618530272,14.229999542236328,14.449999809265137,14.449999809265137,10400
14.399999618530272,14.609999656677246,14.399999618530272,14.609999656677246,14.609999656677246,700
14.609999656677246,14.609999656677246,14.609999656677246,14.609999656677246,14.609999656677246,0
14.18000030517578,15.0,14.18000030517578,14.640000343322754,14.640000343322754,1900
14.920000076293944,15.050000190734863,14.850000381469728,15.0,15.0,11900
15.0,15.0,14.800000190734863,14.800000190734863,14.800000190734863,2000
15.0,15.25,15.0,15.079999923706056,15.079999923706056,8800
15.100000381469728,15.100000381469728,14.729999542236328,14.729999542236328,14.729999542236328,2900
15.100000381469728,15.18000030517578,15.100000381469728,15.109999656677246,15.109999656677246,3200
15.100000381469728,15.100000381469728,15.100000381469728,15.100000381469728,15.100000381469728,3300
14.699999809265137,15.0600004196167,14.699999809265137,15.050000190734863,15.050000190734863,5500
15.079999923706056,15.119999885559082,14.970000267028809,15.119999885559082,15.119999885559082,53100
15.0,15.25,15.0,15.0,15.0,2600
15.0,15.079999923706056,14.9399995803833,15.079999923706056,15.079999923706056,5400
14.779999732971191,14.779999732971191,14.779999732971191,14.779999732971191,14.779999732971191,200
14.800000190734863,14.869999885559082,14.600000381469728,14.869999885559082,14.869999885559082,800
15.0,15.020000457763672,14.649999618530272,14.649999618530272,14.649999618530272,2100
14.75,14.75,14.5,14.5,14.5,7100
14.529999732971191,14.699999809265137,14.5,14.699999809265137,14.699999809265137,5600
14.710000038146973,14.75,14.5,14.600000381469728,14.600000381469728,4000
14.739999771118164,14.75,14.140000343322754,14.140000343322754,14.140000343322754,4800
14.5,14.600000381469728,14.5,14.600000381469728,14.600000381469728,4300
14.600000381469728,14.68000030517578,14.5,14.520000457763672,14.520000457763672,13700
14.600000381469728,14.8100004196167,14.600000381469728,14.8100004196167,14.8100004196167,1800
14.529999732971191,14.779999732971191,14.5,14.520000457763672,14.520000457763672,1200
14.600000381469728,14.960000038146973,14.539999961853027,14.960000038146973,14.960000038146973,3000
14.93000030517578,14.949999809265137,14.729999542236328,14.729999542236328,14.729999542236328,2300
14.399999618530272,14.739999771118164,14.300000190734863,14.40999984741211,14.40999984741211,3200
14.010000228881836,14.739999771118164,14.010000228881836,14.229999542236328,14.229999542236328,4300
14.260000228881836,14.600000381469728,14.0,14.600000381469728,14.600000381469728,10400
14.579999923706056,14.949999809265137,14.5600004196167,14.949999809265137,14.949999809265137,5700
14.949999809265137,14.949999809265137,14.949999809265137,14.949999809265137,14.949999809265137,0
14.039999961853027,14.899999618530272,14.010000228881836,14.899999618530272,14.899999618530272,900
14.09000015258789,14.869999885559082,14.09000015258789,14.479999542236328,14.479999542236328,1300
14.329999923706056,14.329999923706056,14.199999809265137,14.199999809265137,14.199999809265137,500
14.229999542236328,14.239999771118164,14.229999542236328,14.239999771118164,14.239999771118164,600
14.5,14.529999732971191,14.5,14.5,14.5,2200
14.6899995803833,14.6899995803833,14.600000381469728,14.600000381469728,14.600000381469728,300
14.600000381469728,14.600000381469728,14.039999961853027,14.039999961853027,14.039999961853027,600
14.5,14.5,14.149999618530272,14.359999656677246,14.359999656677246,2700
14.449999809265137,14.449999809265137,14.350000381469728,14.350000381469728,14.350000381469728,500
14.350000381469728,14.350000381469728,14.109999656677246,14.109999656677246,14.109999656677246,300
14.270000457763672,14.270000457763672,14.270000457763672,14.270000457763672,14.270000457763672,300
14.100000381469728,14.170000076293944,14.100000381469728,14.170000076293944,14.170000076293944,600
14.050000190734863,14.399999618530272,14.039999961853027,14.039999961853027,14.039999961853027,1800
14.449999809265137,14.449999809265137,14.3100004196167,14.3100004196167,14.3100004196167,500
14.039999961853027,14.039999961853027,13.90999984741211,14.0,14.0,1300
14.149999618530272,14.210000038146973,14.149999618530272,14.210000038146973,14.210000038146973,2100
14.239999771118164,14.260000228881836,14.199999809265137,14.199999809265137,14.199999809265137,1400
14.25,14.25,14.050000190734863,14.050000190734863,14.050000190734863,2100
14.050000190734863,14.880000114440918,14.0,14.850000381469728,14.850000381469728,12100
14.789999961853027,14.789999961853027,14.510000228881836,14.510000228881836,14.510000228881836,400
13.899999618530272,14.5,13.75,14.130000114440918,14.130000114440918,1100
14.010000228881836,14.6899995803833,13.75,14.670000076293944,14.670000076293944,3700
14.380000114440918,14.380000114440918,13.199999809265137,14.119999885559082,14.119999885559082,14300
13.899999618530272,13.899999618530272,13.0,13.0,13.0,8000
13.170000076293944,13.210000038146973,13.050000190734863,13.050000190734863,13.050000190734863,3500
13.0,13.800000190734863,13.0,13.800000190734863,13.800000190734863,3600
13.399999618530272,13.399999618530272,13.0,13.0,13.0,6400
13.0,13.43000030517578,13.0,13.0,13.0,2700
12.75,12.960000038146973,12.5,12.65999984741211,12.65999984741211,1600
13.1899995803833,13.3100004196167,12.869999885559082,12.869999885559082,12.869999885559082,3400
12.539999961853027,12.539999961853027,12.539999961853027,12.539999961853027,12.539999961853027,100
12.5,13.0,12.489999771118164,12.899999618530272,12.899999618530272,5100
12.789999961853027,12.800000190734863,12.609999656677246,12.649999618530272,12.649999618530272,1600
12.800000190734863,12.800000190734863,12.800000190734863,12.800000190734863,12.800000190734863,200
12.5,12.770000457763672,12.5,12.770000457763672,12.770000457763672,3100
11.59000015258789,12.739999771118164,11.59000015258789,12.739999771118164,12.739999771118164,500
12.68000030517578,12.68000030517578,11.8100004196167,11.989999771118164,11.989999771118164,1800
11.770000457763672,12.5,11.770000457763672,12.149999618530272,12.149999618530272,2600
12.100000381469728,12.100000381469728,11.479999542236328,11.479999542236328,11.479999542236328,500
11.600000381469728,12.600000381469728,11.600000381469728,12.25,12.25,4000
12.25,12.25,11.5,11.550000190734863,11.550000190734863,5200
11.100000381469728,11.109999656677246,10.550000190734863,10.800000190734863,10.800000190734863,28400
10.9399995803833,11.029999732971191,10.199999809265137,10.75,10.75,34900
11.0,11.199999809265137,10.899999618530272,11.199999809265137,11.199999809265137,19600
10.850000381469728,11.3100004196167,10.75,11.149999618530272,11.149999618530272,18200
10.979999542236328,11.800000190734863,10.979999542236328,11.5,11.5,7000
11.649999618530272,11.869999885559082,11.649999618530272,11.699999809265137,11.699999809265137,6100
11.760000228881836,12.25,11.760000228881836,12.199999809265137,12.199999809265137,9900
12.199999809265137,12.199999809265137,11.489999771118164,12.050000190734863,12.050000190734863,14800
12.09000015258789,12.100000381469728,12.0,12.0,12.0,1400
12.119999885559082,12.25,11.550000190734863,11.970000267028809,11.970000267028809,13200
12.239999771118164,12.25,12.130000114440918,12.239999771118164,12.239999771118164,5300
12.25,12.25,11.600000381469728,11.880000114440918,11.880000114440918,31200
11.649999618530272,12.0,11.649999618530272,11.699999809265137,11.699999809265137,41900
11.800000190734863,11.850000381469728,11.5,11.720000267028809,11.720000267028809,8300
11.789999961853027,11.789999961853027,11.5,11.609999656677246,11.609999656677246,15700
11.609999656677246,11.899999618530272,11.5,11.829999923706056,11.829999923706056,18400
11.8100004196167,12.0,11.210000038146973,11.5600004196167,11.5600004196167,4600
11.529999732971191,11.649999618530272,10.529999732971191,10.869999885559082,10.869999885559082,37200
11.0,11.0,10.510000228881836,10.93000030517578,10.93000030517578,22200
10.649999618530272,10.9399995803833,10.329999923706056,10.9399995803833,10.9399995803833,20200
10.399999618530272,10.970000267028809,10.399999618530272,10.829999923706056,10.829999923706056,12100
10.920000076293944,10.920000076293944,10.5,10.520000457763672,10.520000457763672,4000
10.59000015258789,10.59000015258789,10.5,10.5600004196167,10.5600004196167,600
10.649999618530272,10.989999771118164,10.640000343322754,10.760000228881836,10.760000228881836,72200
10.770000457763672,10.81999969482422,10.75,10.81999969482422,10.81999969482422,4000
10.520000457763672,10.8100004196167,10.199999809265137,10.449999809265137,10.449999809265137,51800
10.630000114440918,10.630000114440918,10.399999618530272,10.600000381469728,10.600000381469728,15100
10.579999923706056,10.960000038146973,10.579999923706056,10.649999618530272,10.649999618530272,16300
10.739999771118164,10.739999771118164,10.470000267028809,10.510000228881836,10.510000228881836,8900
10.520000457763672,10.649999618530272,10.510000228881836,10.529999732971191,10.529999732971191,29800
10.229999542236328,10.619999885559082,10.229999542236328,10.5600004196167,10.5600004196167,23500
10.649999618530272,10.699999809265137,10.539999961853027,10.539999961853027,10.539999961853027,16100
10.510000228881836,11.170000076293944,10.5,10.989999771118164,10.989999771118164,27200
11.079999923706056,11.25,10.510000228881836,11.020000457763672,11.020000457763672,2900
11.25,11.600000381469728,10.539999961853027,11.5600004196167,11.5600004196167,23700
11.600000381469728,12.25,11.300000190734863,11.40999984741211,11.40999984741211,24000
10.619999885559082,11.550000190734863,10.529999732971191,11.529999732971191,11.529999732971191,46300
11.489999771118164,12.220000267028809,11.489999771118164,11.970000267028809,11.970000267028809,8300
12.050000190734863,12.890000343322754,11.75,12.890000343322754,12.890000343322754,10000
12.8100004196167,12.8100004196167,12.109999656677246,12.279999732971191,12.279999732971191,9300
12.300000190734863,12.300000190734863,11.550000190734863,11.609999656677246,11.609999656677246,16400
11.5,11.600000381469728,11.220000267028809,11.220000267028809,11.220000267028809,34700
11.3100004196167,11.390000343322754,11.010000228881836,11.100000381469728,11.100000381469728,14200
11.18000030517578,11.699999809265137,10.65999984741211,11.699999809265137,11.699999809265137,20900
11.25,12.229999542236328,11.010000228881836,11.850000381469728,11.850000381469728,8400
11.770000457763672,12.5,11.770000457763672,12.239999771118164,12.239999771118164,6700
12.4399995803833,12.5,12.3100004196167,12.460000038146973,12.460000038146973,7900
12.010000228881836,12.4399995803833,12.010000228881836,12.4399995803833,12.4399995803833,3600
12.3100004196167,12.5,11.960000038146973,12.229999542236328,12.229999542236328,44900
12.329999923706056,12.5,12.210000038146973,12.25,12.25,1000
12.25,12.25,12.25,12.25,12.25,0
12.5,12.5,12.5,12.5,12.5,200
12.5,12.960000038146973,12.460000038146973,12.960000038146973,12.960000038146973,2900
13.0,13.0,12.729999542236328,12.729999542236328,12.729999542236328,24900
12.979999542236328,13.0,12.800000190734863,12.880000114440918,12.880000114440918,11100
12.739999771118164,12.75,12.5,12.5,12.5,1400
12.4399995803833,13.0,12.4399995803833,13.0,13.0,10200
12.619999885559082,13.18000030517578,12.619999885559082,13.18000030517578,13.18000030517578,1900
12.5600004196167,13.199999809265137,12.5600004196167,12.949999809265137,12.949999809265137,15900
13.050000190734863,13.050000190734863,12.9399995803833,13.0,13.0,91200
13.0,13.050000190734863,12.850000381469728,12.899999618530272,12.899999618530272,109800
13.0,13.0,12.550000190734863,12.75,12.75,13500
12.699999809265137,12.75,12.699999809265137,12.75,12.75,2300
12.699999809265137,12.75,12.699999809265137,12.75,12.75,300
12.75,12.75,12.600000381469728,12.75,12.75,7400
12.75,12.81999969482422,12.729999542236328,12.729999542236328,12.729999542236328,10600
12.75,12.75,12.359999656677246,12.359999656677246,12.359999656677246,12800
12.220000267028809,12.479999542236328,12.220000267028809,12.390000343322754,12.390000343322754,1900
12.170000076293944,12.40999984741211,11.949999809265137,12.18000030517578,12.18000030517578,6000
12.18000030517578,12.18000030517578,11.979999542236328,12.0,12.0,50100
12.0,12.0,11.949999809265137,11.949999809265137,11.949999809265137,6200
11.90999984741211,11.90999984741211,10.90999984741211,11.199999809265137,11.199999809265137,27000
11.050000190734863,11.539999961853027,11.0,11.529999732971191,11.529999732971191,7600
11.1899995803833,11.34000015258789,11.1899995803833,11.300000190734863,11.300000190734863,4300
11.300000190734863,11.640000343322754,11.140000343322754,11.640000343322754,11.640000343322754,5400
11.399999618530272,11.399999618530272,10.760000228881836,10.760000228881836,10.760000228881836,22500
11.09000015258789,11.779999732971191,11.09000015258789,11.779999732971191,11.779999732971191,9700
11.850000381469728,12.020000457763672,11.300000190734863,12.020000457763672,12.020000457763672,11400
12.0,12.0,11.720000267028809,11.899999618530272,11.899999618530272,5200
11.899999618530272,11.899999618530272,11.539999961853027,11.579999923706056,11.579999923706056,3500
11.699999809265137,12.0,11.449999809265137,11.880000114440918,11.880000114440918,45000
11.989999771118164,11.989999771118164,11.520000457763672,11.75,11.75,7400
11.9399995803833,11.9399995803833,11.649999618530272,11.649999618530272,11.649999618530272,5200
11.550000190734863,11.649999618530272,11.350000381469728,11.350000381469728,11.350000381469728,6100
11.31999969482422,11.890000343322754,11.0,11.609999656677246,11.609999656677246,44700
11.520000457763672,11.520000457763672,11.270000457763672,11.329999923706056,11.329999923706056,6600
11.300000190734863,11.729999542236328,11.300000190734863,11.399999618530272,11.399999618530272,2100
11.34000015258789,11.34000015258789,10.899999618530272,10.899999618530272,10.899999618530272,4100
11.0,11.489999771118164,10.989999771118164,11.210000038146973,11.210000038146973,3200
11.18000030517578,11.18000030517578,11.18000030517578,11.18000030517578,11.18000030517578,200
11.0,11.3100004196167,10.31999969482422,11.130000114440918,11.130000114440918,15400
10.899999618530272,11.600000381469728,10.869999885559082,11.600000381469728,11.600000381469728,4900
11.229999542236328,11.600000381469728,11.229999542236328,11.470000267028809,11.470000267028809,5000
11.43000030517578,11.699999809265137,11.359999656677246,11.600000381469728,11.600000381469728,35000
11.600000381469728,11.600000381469728,11.600000381469728,11.600000381469728,11.600000381469728,0
11.4399995803833,11.4399995803833,11.4399995803833,11.4399995803833,11.4399995803833,100
11.130000114440918,11.489999771118164,11.09000015258789,11.350000381469728,11.350000381469728,7300
10.899999618530272,11.0,10.649999618530272,10.899999618530272,10.899999618530272,9800
10.850000381469728,10.949999809265137,10.390000343322754,10.899999618530272,10.899999618530272,9600
10.800000190734863,11.09000015258789,10.369999885559082,10.770000457763672,10.770000457763672,15300
10.789999961853027,10.789999961853027,10.649999618530272,10.699999809265137,10.699999809265137,4400
10.649999618530272,10.829999923706056,10.529999732971191,10.699999809265137,10.699999809265137,16100
10.8100004196167,10.8100004196167,10.199999809265137,10.25,10.25,22100
9.899999618530272,10.460000038146973,9.75,9.899999618530272,9.899999618530272,20300
9.960000038146973,10.369999885559082,9.529999732971191,10.229999542236328,10.229999542236328,11900
9.850000381469728,10.170000076293944,9.43000030517578,9.899999618530272,9.899999618530272,12100
9.770000457763672,9.869999885559082,9.649999618530272,9.869999885559082,9.869999885559082,2700
9.899999618530272,9.899999618530272,9.18000030517578,9.600000381469728,9.600000381469728,16700
9.65999984741211,9.9399995803833,8.899999618530273,9.59000015258789,9.59000015258789,22000
9.609999656677246,10.0,9.420000076293944,9.729999542236328,9.729999542236328,13400
9.399999618530272,9.670000076293944,9.149999618530272,9.670000076293944,9.670000076293944,17600
9.670000076293944,10.020000457763672,9.109999656677246,9.5,9.5,15700
9.43000030517578,9.649999618530272,9.119999885559082,9.399999618530272,9.399999618530272,17300
9.15999984741211,9.489999771118164,9.0,9.489999771118164,9.489999771118164,9300
9.5,9.869999885559082,9.06999969482422,9.350000381469728,9.350000381469728,40700
9.550000190734863,9.699999809265137,9.0600004196167,9.25,9.25,14500
9.949999809265137,9.949999809265137,9.100000381469728,9.100000381469728,9.100000381469728,4200
9.0600004196167,9.380000114440918,9.0600004196167,9.119999885559082,9.119999885559082,2600
9.220000267028809,9.220000267028809,9.0600004196167,9.0600004196167,9.0600004196167,3200
9.100000381469728,9.1899995803833,9.100000381469728,9.100000381469728,9.100000381469728,12300
9.0600004196167,9.5600004196167,9.0600004196167,9.100000381469728,9.100000381469728,11700
9.300000190734863,9.800000190734863,9.25,9.399999618530272,9.399999618530272,13100
9.510000228881836,9.510000228881836,9.119999885559082,9.489999771118164,9.489999771118164,16000
9.329999923706056,9.510000228881836,9.18000030517578,9.199999809265137,9.199999809265137,19700
9.520000457763672,9.520000457763672,9.170000076293944,9.220000267028809,9.220000267028809,10100
9.25,9.619999885559082,9.25,9.619999885559082,9.619999885559082,300
9.720000267028809,9.800000190734863,9.300000190734863,9.520000457763672,9.520000457763672,9400
9.770000457763672,9.770000457763672,9.390000343322754,9.539999961853027,9.539999961853027,8500
9.9399995803833,10.0,9.9399995803833,10.0,10.0,2900
9.5,9.890000343322754,9.489999771118164,9.800000190734863,9.800000190734863,3600
9.859999656677246,9.859999656677246,9.479999542236328,9.859999656677246,9.859999656677246,3900
10.0,10.0,9.5,9.550000190734863,9.550000190734863,16000
9.640000343322754,10.550000190734863,9.640000343322754,10.010000228881836,10.010000228881836,42400
10.0,10.0,9.5,9.739999771118164,9.739999771118164,3200
10.050000190734863,10.050000190734863,9.5,10.0,10.0,14700
9.93000030517578,9.93000030517578,9.43000030517578,9.43000030517578,9.43000030517578,6500
9.479999542236328,9.800000190734863,9.0600004196167,9.100000381469728,9.100000381469728,25000
9.100000381469728,9.479999542236328,8.649999618530273,8.649999618530273,8.649999618530273,34100
8.710000038146973,9.18000030517578,8.710000038146973,8.800000190734863,8.800000190734863,7000
8.8100004196167,9.199999809265137,8.710000038146973,9.100000381469728,9.100000381469728,10400
8.989999771118164,9.350000381469728,8.989999771118164,9.25,9.25,15600
9.25,9.369999885559082,8.529999732971191,9.229999542236328,9.229999542236328,3100
9.140000343322754,9.210000038146973,8.8100004196167,9.0,9.0,7700
8.930000305175781,9.0,8.5,8.510000228881836,8.510000228881836,5200
8.5600004196167,8.949999809265137,8.5600004196167,8.600000381469727,8.600000381469727,7400
8.630000114440918,8.829999923706055,7.869999885559082,8.5600004196167,8.5600004196167,19400
8.260000228881836,8.640000343322754,8.0600004196167,8.4399995803833,8.4399995803833,18400
8.25,8.5,8.010000228881836,8.40999984741211,8.40999984741211,5900
8.329999923706055,8.630000114440918,8.199999809265137,8.399999618530273,8.399999618530273,16500
8.350000381469727,8.729999542236328,7.880000114440918,7.880000114440918,7.880000114440918,28000
7.989999771118164,9.300000190734863,7.989999771118164,9.300000190734863,9.300000190734863,4400
8.9399995803833,9.300000190734863,8.9399995803833,9.300000190734863,9.300000190734863,700
8.649999618530273,9.300000190734863,8.649999618530273,9.050000190734863,9.050000190734863,4400
9.270000457763672,9.270000457763672,8.979999542236328,9.0,9.0,19000
9.109999656677246,9.109999656677246,8.550000190734863,8.710000038146973,8.710000038146973,2600
8.65999984741211,9.0,8.25,8.899999618530273,8.899999618530273,2100
8.619999885559082,9.199999809265137,8.619999885559082,8.760000228881836,8.760000228881836,2300
8.600000381469727,9.079999923706056,8.600000381469727,8.850000381469727,8.850000381469727,5500
9.0,9.100000381469728,9.0,9.079999923706056,9.079999923706056,5100
9.119999885559082,9.119999885559082,8.399999618530273,9.039999961853027,9.039999961853027,5200
8.8100004196167,8.949999809265137,8.75,8.949999809265137,8.949999809265137,2800
8.829999923706055,8.949999809265137,8.829999923706055,8.949999809265137,8.949999809265137,300
9.0,9.100000381469728,8.920000076293945,9.100000381469728,9.100000381469728,10500
9.0,9.09000015258789,9.0,9.050000190734863,9.050000190734863,500
8.819999694824219,9.029999732971191,8.819999694824219,9.029999732971191,9.029999732971191,400
9.029999732971191,9.029999732971191,9.029999732971191,9.029999732971191,9.029999732971191,0
8.8100004196167,9.149999618530272,8.8100004196167,9.039999961853027,9.039999961853027,5800
8.949999809265137,9.40999984741211,8.90999984741211,9.380000114440918,9.380000114440918,5900
9.100000381469728,9.100000381469728,8.890000343322754,9.039999961853027,9.039999961853027,59000
9.100000381469728,9.199999809265137,8.90999984741211,9.100000381469728,9.100000381469728,47400
9.170000076293944,9.300000190734863,9.020000457763672,9.100000381469728,9.100000381469728,25800
9.100000381469728,9.550000190734863,9.0600004196167,9.5,9.5,33300
9.25,9.399999618530272,9.229999542236328,9.329999923706056,9.329999923706056,19400
9.18000030517578,10.5,9.18000030517578,10.420000076293944,10.420000076293944,13100
10.5600004196167,11.0,10.489999771118164,10.779999732971191,10.779999732971191,8500
10.800000190734863,10.800000190734863,10.25,10.4399995803833,10.4399995803833,12700
10.479999542236328,10.600000381469728,10.479999542236328,10.600000381469728,10.600000381469728,400
10.600000381469728,10.600000381469728,10.399999618530272,10.5,10.5,2000
10.789999961853027,11.0,10.789999961853027,11.0,11.0,9000
11.0,11.449999809265137,10.850000381469728,11.300000190734863,11.300000190734863,9100
11.550000190734863,11.550000190734863,11.359999656677246,11.359999656677246,11.359999656677246,800
10.800000190734863,11.550000190734863,10.399999618530272,11.550000190734863,11.550000190734863,6700
11.279999732971191,11.75,10.25,10.529999732971191,10.529999732971191,29700
10.43000030517578,10.460000038146973,10.260000228881836,10.460000038146973,10.460000038146973,1500
10.510000228881836,10.510000228881836,10.390000343322754,10.510000228881836,10.510000228881836,3600
10.359999656677246,10.460000038146973,10.260000228881836,10.350000381469728,10.350000381469728,2000
10.350000381469728,10.479999542236328,10.34000015258789,10.420000076293944,10.420000076293944,3100
10.300000190734863,10.4399995803833,10.15999984741211,10.4399995803833,10.4399995803833,6900
10.119999885559082,10.81999969482422,10.109999656677246,10.670000076293944,10.670000076293944,7100
10.010000228881836,10.699999809265137,10.010000228881836,10.699999809265137,10.699999809265137,2400
10.5600004196167,11.010000228881836,10.329999923706056,10.699999809265137,10.699999809265137,9300
10.760000228881836,10.90999984741211,10.119999885559082,10.210000038146973,10.210000038146973,11500
10.149999618530272,11.0,9.920000076293944,10.149999618530272,10.149999618530272,13100
10.460000038146973,10.550000190734863,10.039999961853027,10.140000343322754,10.140000343322754,4700
9.9399995803833,10.850000381469728,9.9399995803833,10.5600004196167,10.5600004196167,12300
10.369999885559082,10.5,10.149999618530272,10.34000015258789,10.34000015258789,8900
10.3100004196167,10.59000015258789,10.010000228881836,10.59000015258789,10.59000015258789,9500
10.229999542236328,10.600000381469728,10.210000038146973,10.600000381469728,10.600000381469728,6900
10.350000381469728,10.43000030517578,10.199999809265137,10.350000381469728,10.350000381469728,6800
10.300000190734863,10.5,10.130000114440918,10.5,10.5,13800
10.31999969482422,12.0,10.31999969482422,10.5,10.5,20500
10.65999984741211,11.4399995803833,10.65999984741211,11.25,11.25,6200
11.100000381469728,11.670000076293944,11.100000381469728,11.140000343322754,11.140000343322754,9000
11.239999771118164,11.770000457763672,11.239999771118164,11.529999732971191,11.529999732971191,3100
11.68000030517578,11.920000076293944,11.68000030517578,11.899999618530272,11.899999618530272,6600
12.0,13.649999618530272,11.920000076293944,12.449999809265137,12.449999809265137,183500
12.539999961853027,14.25,12.539999961853027,13.710000038146973,13.710000038146973,64700
13.93000030517578,17.639999389648438,13.93000030517578,16.5,16.5,146900
16.299999237060547,16.940000534057617,15.84000015258789,16.6200008392334,16.6200008392334,56400
16.450000762939453,16.860000610351562,15.899999618530272,16.5,16.5,43100
15.960000038146973,16.649999618530273,15.199999809265137,15.899999618530272,15.899999618530272,45600
16.299999237060547,16.920000076293945,15.359999656677246,16.170000076293945,16.170000076293945,30700
16.729999542236328,16.729999542236328,15.420000076293944,15.6899995803833,15.6899995803833,20600
15.550000190734863,16.219999313354492,15.420000076293944,15.890000343322754,15.890000343322754,21400
15.760000228881836,15.850000381469728,15.3100004196167,15.3100004196167,15.3100004196167,78800
14.449999809265137,14.699999809265137,12.170000076293944,14.199999809265137,14.199999809265137,134900
13.93000030517578,14.56999969482422,13.93000030517578,14.4399995803833,14.4399995803833,44300
13.989999771118164,14.359999656677246,13.75,14.170000076293944,14.170000076293944,21500
13.779999732971191,15.0,13.779999732971191,14.380000114440918,14.380000114440918,62900
14.25,14.489999771118164,13.979999542236328,14.220000267028809,14.220000267028809,23600
13.920000076293944,14.270000457763672,13.68000030517578,14.270000457763672,14.270000457763672,25100
14.170000076293944,14.229999542236328,13.93000030517578,14.039999961853027,14.039999961853027,12700
14.029999732971191,14.029999732971191,13.5,13.729999542236328,13.729999542236328,37900
13.710000038146973,13.899999618530272,13.489999771118164,13.510000228881836,13.510000228881836,48200
13.390000343322754,13.600000381469728,13.279999732971191,13.5,13.5,54300
13.449999809265137,13.75,13.220000267028809,13.449999809265137,13.449999809265137,65400
13.15999984741211,14.25,13.15999984741211,14.25,14.25,33800
14.199999809265137,14.770000457763672,14.199999809265137,14.600000381469728,14.600000381469728,29100
14.609999656677246,14.649999618530272,13.8100004196167,14.220000267028809,14.220000267028809,68500
14.18000030517578,14.43000030517578,13.8100004196167,14.289999961853027,14.289999961853027,77900
14.289999961853027,14.399999618530272,13.800000190734863,14.199999809265137,14.199999809265137,85500
14.600000381469728,14.600000381469728,12.81999969482422,14.399999618530272,14.399999618530272,61100
14.279999732971191,14.5,14.039999961853027,14.260000228881836,14.260000228881836,12300
14.079999923706056,14.149999618530272,13.829999923706056,13.84000015258789,13.84000015258789,29300
13.75,14.34000015258789,13.75,14.100000381469728,14.100000381469728,27000
14.119999885559082,14.149999618530272,13.199999809265137,13.75,13.75,64700
13.84000015258789,13.84000015258789,13.550000190734863,13.609999656677246,13.609999656677246,11700
13.550000190734863,13.850000381469728,13.550000190734863,13.850000381469728,13.850000381469728,13700
13.529999732971191,13.649999618530272,13.119999885559082,13.4399995803833,13.4399995803833,7000
13.31999969482422,13.5,13.31999969482422,13.5,13.5,4800
13.399999618530272,13.479999542236328,13.15999984741211,13.40999984741211,13.40999984741211,2500
13.300000190734863,13.5,12.699999809265137,13.300000190734863,13.300000190734863,56700
12.9399995803833,13.5,12.9399995803833,13.449999809265137,13.449999809265137,20400
13.109999656677246,13.600000381469728,13.06999969482422,13.600000381469728,13.600000381469728,35000
13.0600004196167,13.5,13.050000190734863,13.5,13.5,30600
13.149999618530272,13.5,13.130000114440918,13.399999618530272,13.399999618530272,44300
13.149999618530272,13.449999809265137,12.989999771118164,13.329999923706056,13.329999923706056,46700
13.109999656677246,13.449999809265137,13.010000228881836,13.170000076293944,13.170000076293944,36500
12.890000343322754,12.899999618530272,12.100000381469728,12.3100004196167,12.3100004196167,55800
12.199999809265137,13.0,11.789999961853027,12.899999618530272,12.899999618530272,21000
12.899999618530272,13.0,12.75,12.75,12.75,5600
12.520000457763672,12.539999961853027,12.399999618530272,12.449999809265137,12.449999809265137,4600
12.260000228881836,12.529999732971191,12.239999771118164,12.449999809265137,12.449999809265137,16400
12.100000381469728,12.539999961853027,12.010000228881836,12.449999809265137,12.449999809265137,36700
12.380000114440918,12.539999961853027,11.84000015258789,12.25,12.25,41300
12.25,12.25,11.529999732971191,11.75,11.75,30700
11.890000343322754,11.979999542236328,11.699999809265137,11.899999618530272,11.899999618530272,19400
11.710000038146973,11.899999618530272,11.229999542236328,11.229999542236328,11.229999542236328,30800
11.380000114440918,12.0,11.029999732971191,12.0,12.0,40100
11.65999984741211,11.729999542236328,10.630000114440918,10.649999618530272,10.649999618530272,40700
10.960000038146973,11.0,10.25,10.800000190734863,10.800000190734863,30700
10.609999656677246,10.979999542236328,10.300000190734863,10.970000267028809,10.970000267028809,27700
10.970000267028809,10.970000267028809,10.489999771118164,10.649999618530272,10.649999618530272,16300
10.619999885559082,10.649999618530272,10.100000381469728,10.529999732971191,10.529999732971191,32500
10.460000038146973,10.640000343322754,9.970000267028809,10.640000343322754,10.640000343322754,21800
10.989999771118164,10.989999771118164,10.25,10.65999984741211,10.65999984741211,15600
10.800000190734863,11.59000015258789,10.59000015258789,11.4399995803833,11.4399995803833,16100
11.600000381469728,11.600000381469728,10.6899995803833,11.449999809265137,11.449999809265137,30200
11.75,12.31999969482422,11.609999656677246,11.93000030517578,11.93000030517578,37800
12.170000076293944,12.399999618530272,11.899999618530272,12.239999771118164,12.239999771118164,46100
12.25,12.25,11.609999656677246,11.880000114440918,11.880000114440918,17800
11.510000228881836,12.149999618530272,11.329999923706056,11.75,11.75,18800
11.59000015258789,12.18000030517578,11.300000190734863,11.43000030517578,11.43000030517578,27500
11.460000038146973,11.970000267028809,11.460000038146973,11.779999732971191,11.779999732971191,12000
10.989999771118164,11.890000343322754,10.399999618530272,11.8100004196167,11.8100004196167,20800
11.5,11.8100004196167,11.5,11.609999656677246,11.609999656677246,13100
11.5,11.5,11.5,11.5,11.5,400
11.65999984741211,11.65999984741211,11.5,11.5,11.5,3500
11.640000343322754,11.640000343322754,11.640000343322754,11.640000343322754,11.640000343322754,200
11.5,11.8100004196167,11.5,11.739999771118164,11.739999771118164,2700
11.869999885559082,12.0,11.800000190734863,11.960000038146973,11.960000038146973,8300
11.699999809265137,11.920000076293944,11.260000228881836,11.350000381469728,11.350000381469728,29000
11.5600004196167,12.050000190734863,11.350000381469728,12.0,12.0,26500
12.199999809265137,12.199999809265137,11.31999969482422,11.720000267028809,11.720000267028809,21500
11.609999656677246,11.609999656677246,10.869999885559082,11.149999618530272,11.149999618530272,17900
11.0,11.470000267028809,10.880000114440918,11.470000267028809,11.470000267028809,22600
11.140000343322754,11.550000190734863,10.720000267028809,10.75,10.75,26300
10.949999809265137,10.949999809265137,9.460000038146973,9.56999969482422,9.56999969482422,395600
9.56999969482422,9.56999969482422,8.869999885559082,9.100000381469728,9.100000381469728,122900
8.949999809265137,9.34000015258789,8.5,9.0,9.0,489400
8.100000381469727,8.960000038146973,7.989999771118164,8.600000381469727,8.600000381469727,106300
8.859999656677246,9.06999969482422,8.770000457763672,9.06999969482422,9.06999969482422,19900
9.06999969482422,9.100000381469728,8.550000190734863,9.0,9.0,22500
8.960000038146973,8.989999771118164,8.279999732971191,8.59000015258789,8.59000015258789,120100
8.380000114440918,8.460000038146973,7.519999980926514,8.399999618530273,8.399999618530273,42900
8.40999984741211,8.960000038146973,8.220000267028809,8.869999885559082,8.869999885559082,23700
8.800000190734863,9.0,8.75,8.800000190734863,8.800000190734863,82800
8.899999618530273,9.100000381469728,8.449999809265137,8.779999732971191,8.779999732971191,30900
8.5,8.720000267028809,8.260000228881836,8.510000228881836,8.510000228881836,13100
8.600000381469727,8.6899995803833,8.300000190734863,8.600000381469727,8.600000381469727,8100
9.1899995803833,9.1899995803833,8.329999923706055,9.020000457763672,9.020000457763672,38700
9.0,9.0,8.449999809265137,8.890000343322754,8.890000343322754,27600
8.399999618530273,8.800000190734863,8.279999732971191,8.489999771118164,8.489999771118164,32600
8.300000190734863,8.449999809265137,7.550000190734863,7.679999828338623,7.679999828338623,100200
7.519999980926514,7.909999847412109,7.28000020980835,7.409999847412109,7.409999847412109,53000
7.599999904632568,7.599999904632568,7.449999809265137,7.570000171661377,7.570000171661377,7200
7.650000095367432,7.650000095367432,7.309999942779541,7.460000038146973,7.460000038146973,54900
7.329999923706055,7.400000095367432,7.170000076293945,7.230000019073486,7.230000019073486,75400
7.480000019073486,7.559999942779541,7.199999809265137,7.380000114440918,7.380000114440918,18900
7.579999923706055,7.579999923706055,6.800000190734863,6.980000019073486,6.980000019073486,101300
7.239999771118164,7.239999771118164,6.869999885559082,6.980000019073486,6.980000019073486,138200
6.809999942779541,7.369999885559082,6.800000190734863,7.03000020980835,7.03000020980835,284600
6.940000057220459,7.179999828338623,6.769999980926514,6.800000190734863,6.800000190734863,103700
6.869999885559082,6.880000114440918,6.510000228881836,6.550000190734863,6.550000190734863,109900
6.550000190734863,6.699999809265137,6.25,6.5,6.5,154200
6.440000057220459,6.989999771118164,6.400000095367432,6.920000076293945,6.920000076293945,91300
6.96999979019165,7.300000190734863,6.730000019073486,6.949999809265137,6.949999809265137,223500
7.210000038146973,7.389999866485596,6.5,7.150000095367432,7.150000095367432,245400
7.0,7.150000095367432,6.820000171661377,7.0,7.0,218600
6.96999979019165,7.070000171661377,6.630000114440918,6.849999904632568,6.849999904632568,100800
6.849999904632568,7.0,6.75,6.909999847412109,6.909999847412109,145400
6.860000133514404,6.940000057220459,6.75,6.860000133514404,6.860000133514404,12100
6.820000171661377,6.900000095367432,6.599999904632568,6.769999980926514,6.769999980926514,54200
6.710000038146973,6.860000133514404,6.619999885559082,6.840000152587891,6.840000152587891,22000
6.800000190734863,6.809999942779541,6.599999904632568,6.769999980926514,6.769999980926514,40900
6.730000019073486,6.869999885559082,6.550000190734863,6.769999980926514,6.769999980926514,88300
6.730000019073486,6.929999828338623,6.579999923706055,6.639999866485596,6.639999866485596,8100
6.690000057220459,6.840000152587891,6.5,6.53000020980835,6.53000020980835,111200
6.570000171661377,6.739999771118164,6.309999942779541,6.5,6.5,43600
6.449999809265137,6.679999828338623,6.070000171661377,6.099999904632568,6.099999904632568,105100
6.150000095367432,6.369999885559082,6.110000133514404,6.25,6.25,33500
6.210000038146973,6.300000190734863,5.789999961853027,6.079999923706055,6.079999923706055,85700
6.150000095367432,6.150000095367432,5.75,5.849999904632568,5.849999904632568,85900
5.849999904632568,6.090000152587891,5.28000020980835,5.369999885559082,5.369999885559082,179200
5.340000152587891,5.579999923706055,4.849999904632568,5.170000076293945,5.170000076293945,252800
5.159999847412109,5.429999828338623,5.0,5.28000020980835,5.28000020980835,93800
5.269999980926514,5.400000095367432,4.929999828338623,5.139999866485596,5.139999866485596,283900
5.099999904632568,5.699999809265137,5.079999923706055,5.53000020980835,5.53000020980835,93500
5.599999904632568,6.0,5.130000114440918,5.460000038146973,5.460000038146973,322200
5.409999847412109,5.550000190734863,5.150000095367432,5.349999904632568,5.349999904632568,140300
5.349999904632568,5.519999980926514,5.170000076293945,5.25,5.25,54400
5.210000038146973,5.449999809265137,4.920000076293945,5.400000095367432,5.400000095367432,190400
5.349999904632568,5.849999904632568,5.329999923706055,5.46999979019165,5.46999979019165,131400
5.5,5.619999885559082,5.199999809265137,5.610000133514404,5.610000133514404,244700
5.599999904632568,5.929999828338623,5.550000190734863,5.690000057220459,5.690000057220459,101900
5.730000019073486,5.769999980926514,5.610000133514404,5.659999847412109,5.659999847412109,68000
5.639999866485596,5.78000020980835,5.460000038146973,5.650000095367432,5.650000095367432,158200
5.599999904632568,5.820000171661377,5.579999923706055,5.71999979019165,5.71999979019165,110100
5.679999828338623,5.789999961853027,5.5,5.670000076293945,5.670000076293945,157100
5.619999885559082,5.820000171661377,5.599999904632568,5.710000038146973,5.710000038146973,88700
5.849999904632568,5.96999979019165,5.760000228881836,5.929999828338623,5.929999828338623,130700
5.880000114440918,5.880000114440918,5.53000020980835,5.550000190734863,5.550000190734863,104900
5.519999980926514,5.710000038146973,5.460000038146973,5.550000190734863,5.550000190734863,134400
5.510000228881836,5.639999866485596,5.309999942779541,5.429999828338623,5.429999828338623,79200
5.389999866485596,5.650000095367432,5.340000152587891,5.550000190734863,5.550000190734863,76000
5.510000228881836,5.699999809265137,5.300000190734863,5.440000057220459,5.440000057220459,55900
5.389999866485596,5.510000228881836,5.289999961853027,5.420000076293945,5.420000076293945,109100
5.380000114440918,5.53000020980835,5.25,5.340000152587891,5.340000152587891,86300
5.289999961853027,5.429999828338623,5.199999809265137,5.239999771118164,5.239999771118164,48100
5.199999809265137,5.320000171661377,5.139999866485596,5.159999847412109,5.159999847412109,12300
5.139999866485596,5.360000133514404,5.139999866485596,5.190000057220459,5.190000057220459,68800
5.159999847412109,5.320000171661377,4.920000076293945,5.320000171661377,5.320000171661377,406100
5.440000057220459,5.46999979019165,5.119999885559082,5.449999809265137,5.449999809265137,341700
5.409999847412109,5.599999904632568,5.369999885559082,5.599999904632568,5.599999904632568,150900
5.550000190734863,5.550000190734863,5.349999904632568,5.440000057220459,5.440000057220459,72900
5.440000057220459,5.53000020980835,5.199999809265137,5.389999866485596,5.389999866485596,203600
5.409999847412109,5.599999904632568,5.25,5.599999904632568,5.599999904632568,349900
5.539999961853027,5.619999885559082,5.409999847412109,5.610000133514404,5.610000133514404,59700
5.570000171661377,5.619999885559082,5.5,5.619999885559082,5.619999885559082,71300
5.559999942779541,5.78000020980835,5.53000020980835,5.650000095367432,5.650000095367432,58200
5.659999847412109,5.75,5.559999942779541,5.650000095367432,5.650000095367432,89800
5.619999885559082,5.690000057220459,5.409999847412109,5.590000152587891,5.590000152587891,60100
5.699999809265137,5.710000038146973,5.059999942779541,5.260000228881836,5.260000228881836,356900
5.230000019073486,5.550000190734863,5.190000057220459,5.389999866485596,5.389999866485596,64200
5.340000152587891,5.670000076293945,5.28000020980835,5.5,5.5,131400
5.519999980926514,5.599999904632568,5.380000114440918,5.420000076293945,5.420000076293945,104300
5.320000171661377,5.46999979019165,5.230000019073486,5.329999923706055,5.329999923706055,256000
5.300000190734863,5.340000152587891,5.199999809265137,5.28000020980835,5.28000020980835,88600
5.239999771118164,5.420000076293945,5.190000057220459,5.300000190734863,5.300000190734863,109700
5.349999904632568,5.489999771118164,5.25,5.380000114440918,5.380000114440918,121800
5.369999885559082,5.420000076293945,5.369999885559082,5.420000076293945,5.420000076293945,1800
5.360000133514404,5.389999866485596,5.050000190734863,5.099999904632568,5.099999904632568,387900
5.079999923706055,5.090000152587891,4.889999866485596,4.929999828338623,4.929999828338623,122400
4.909999847412109,5.099999904632568,4.690000057220459,4.710000038146973,4.710000038146973,298200
4.800000190734863,4.980000019073486,4.489999771118164,4.610000133514404,4.610000133514404,1327500
4.550000190734863,4.699999809265137,4.519999980926514,4.550000190734863,4.550000190734863,220500
4.519999980926514,4.599999904632568,4.420000076293945,4.460000038146973,4.460000038146973,237200
4.420000076293945,4.570000171661377,4.400000095367432,4.489999771118164,4.489999771118164,247500
4.460000038146973,4.610000133514404,4.420000076293945,4.5,4.5,184100
4.46999979019165,4.550000190734863,4.389999866485596,4.489999771118164,4.489999771118164,201100
4.559999942779541,4.559999942779541,4.360000133514404,4.400000095367432,4.400000095367432,133000
4.380000114440918,4.46999979019165,4.329999923706055,4.349999904632568,4.349999904632568,293100
4.349999904632568,4.369999885559082,4.239999771118164,4.239999771118164,4.239999771118164,464200
4.25,4.340000152587891,4.239999771118164,4.300000190734863,4.300000190734863,400300
4.300000190734863,4.650000095367432,4.28000020980835,4.489999771118164,4.489999771118164,473400
4.46999979019165,4.53000020980835,4.400000095367432,4.46999979019165,4.46999979019165,161400
4.420000076293945,4.420000076293945,4.159999847412109,4.190000057220459,4.190000057220459,812200
4.170000076293945,4.260000228881836,4.139999866485596,4.150000095367432,4.150000095367432,255700
4.179999828338623,4.21999979019165,4.070000171661377,4.079999923706055,4.079999923706055,813000
4.079999923706055,4.269999980926514,4.039999961853027,4.230000019073486,4.230000019073486,549500
4.25,4.739999771118164,4.210000038146973,4.489999771118164,4.489999771118164,828100
4.5,4.650000095367432,4.429999828338623,4.53000020980835,4.53000020980835,513300
4.53000020980835,4.539999961853027,4.420000076293945,4.460000038146973,4.460000038146973,193100
4.420000076293945,4.559999942779541,4.309999942779541,4.389999866485596,4.389999866485596,76400
4.409999847412109,4.579999923706055,4.320000171661377,4.539999961853027,4.539999961853027,231700
4.570000171661377,4.659999847412109,4.550000190734863,4.650000095367432,4.650000095367432,128500
4.610000133514404,4.840000152587891,4.579999923706055,4.590000152587891,4.590000152587891,102100
4.639999866485596,4.650000095367432,4.400000095367432,4.53000020980835,4.53000020980835,154700
4.420000076293945,4.639999866485596,4.400000095367432,4.590000152587891,4.590000152587891,282400
4.550000190734863,4.829999923706055,4.550000190734863,4.800000190734863,4.800000190734863,282500
4.78000020980835,4.889999866485596,4.760000228881836,4.809999942779541,4.809999942779541,206500
4.769999980926514,4.869999885559082,4.699999809265137,4.829999923706055,4.829999923706055,116800
4.829999923706055,4.96999979019165,4.829999923706055,4.929999828338623,4.929999828338623,212300
4.949999809265137,5.099999904632568,4.949999809265137,5.019999980926514,5.019999980926514,193300
5.03000020980835,5.210000038146973,4.900000095367432,5.019999980926514,5.019999980926514,227200
5.03000020980835,5.329999923706055,5.03000020980835,5.309999942779541,5.309999942779541,203100
5.289999961853027,5.309999942779541,5.099999904632568,5.179999828338623,5.179999828338623,63000
5.25,5.320000171661377,5.03000020980835,5.179999828338623,5.179999828338623,149900
5.059999942779541,5.179999828338623,5.03000020980835,5.110000133514404,5.110000133514404,70200
5.170000076293945,5.170000076293945,5.03000020980835,5.139999866485596,5.139999866485596,42200
5.25,5.539999961853027,5.099999904632568,5.369999885559082,5.369999885559082,110600
5.389999866485596,5.889999866485596,5.389999866485596,5.75,5.75,336300
5.699999809265137,5.829999923706055,5.610000133514404,5.800000190734863,5.800000190734863,221900
5.800000190734863,6.050000190734863,5.800000190734863,5.980000019073486,5.980000019073486,197700
6.070000171661377,6.309999942779541,5.900000095367432,6.139999866485596,6.139999866485596,231200
6.179999828338623,6.21999979019165,6.039999961853027,6.190000057220459,6.190000057220459,158800
6.25,6.360000133514404,6.139999866485596,6.320000171661377,6.320000171661377,74800
6.349999904632568,6.420000076293945,6.210000038146973,6.420000076293945,6.420000076293945,71600
6.400000095367432,6.550000190734863,6.369999885559082,6.420000076293945,6.420000076293945,142100
6.5,6.5,5.929999828338623,6.0,6.0,128700
5.989999771118164,6.050000190734863,5.449999809265137,5.679999828338623,5.679999828338623,110300
5.630000114440918,6.690000057220459,5.599999904632568,6.5,6.5,1111400
6.599999904632568,6.75,6.019999980926514,6.349999904632568,6.349999904632568,232600
6.179999828338623,6.300000190734863,5.849999904632568,6.099999904632568,6.099999904632568,123900
6.179999828338623,6.300000190734863,6.03000020980835,6.179999828338623,6.179999828338623,101400
6.119999885559082,6.239999771118164,6.010000228881836,6.179999828338623,6.179999828338623,60900
6.010000228881836,6.190000057220459,5.849999904632568,5.940000057220459,5.940000057220459,113200
5.75,5.960000038146973,5.570000171661377,5.769999980926514,5.769999980926514,243700
5.760000228881836,5.789999961853027,5.440000057220459,5.639999866485596,5.639999866485596,180800
5.610000133514404,5.730000019073486,5.510000228881836,5.550000190734863,5.550000190734863,192700
5.409999847412109,5.579999923706055,5.019999980926514,5.119999885559082,5.119999885559082,229300
4.980000019073486,5.099999904632568,4.909999847412109,5.090000152587891,5.090000152587891,180700
5.099999904632568,5.099999904632568,4.690000057220459,4.949999809265137,4.949999809265137,260200
4.900000095367432,5.019999980926514,4.71999979019165,4.760000228881836,4.760000228881836,122400
4.78000020980835,5.0,4.670000076293945,4.809999942779541,4.809999942779541,100800
4.760000228881836,4.78000020980835,4.46999979019165,4.579999923706055,4.579999923706055,138800
4.340000152587891,4.710000038146973,4.269999980926514,4.329999923706055,4.329999923706055,195500
4.190000057220459,4.28000020980835,4.050000190734863,4.090000152587891,4.090000152587891,230800
4.090000152587891,4.380000114440918,3.809999942779541,4.150000095367432,4.150000095367432,378700
4.059999942779541,4.25,3.7699999809265137,3.7699999809265137,3.7699999809265137,174800
3.2799999713897705,3.5999999046325684,3.150000095367432,3.2100000381469727,3.2100000381469727,215100
3.3399999141693115,3.430000066757202,2.8499999046325684,2.970000028610229,2.970000028610229,465500
2.5,2.75,2.299999952316284,2.5,2.5,267700
2.430000066757202,2.75,2.299999952316284,2.4800000190734863,2.4800000190734863,271300
2.490000009536743,2.539999961853028,1.9600000381469729,2.180000066757202,2.180000066757202,207300
2.240000009536743,2.390000104904175,2.009999990463257,2.3399999141693115,2.3399999141693115,219500
2.430000066757202,2.809999942779541,2.0,2.240000009536743,2.240000009536743,261700
2.069999933242798,2.240000009536743,1.7999999523162842,2.109999895095825,2.109999895095825,141600
2.200000047683716,2.470000028610229,2.059999942779541,2.259999990463257,2.259999990463257,127000
2.3399999141693115,2.740000009536743,2.150000095367432,2.6600000858306885,2.6600000858306885,223700
2.559999942779541,2.970000028610229,2.559999942779541,2.5999999046325684,2.5999999046325684,170500
2.4800000190734863,2.630000114440918,2.289999961853028,2.5199999809265137,2.5199999809265137,171400
2.4800000190734863,2.5999999046325684,2.140000104904175,2.5199999809265137,2.5199999809265137,99000
2.5799999237060547,3.259999990463257,2.359999895095825,2.5799999237060547,2.5799999237060547,358500
2.5,2.7699999809265137,2.2100000381469727,2.430000066757202,2.430000066757202,59500
