0.0,10.125,10.0,10.125,1.0694949626922607,202200
0.0,10.125,10.0,10.125,1.0694949626922607,252300
0.0,10.125,10.0,10.125,1.0694949626922607,59700
0.0,10.125,10.0,10.125,1.0694949626922607,71300
0.0,10.125,10.0,10.125,1.0694949626922607,78300
0.0,10.125,10.0,10.125,1.0694949626922607,73200
0.0,10.25,10.0,10.25,1.082697868347168,47000
0.0,10.25,10.0,10.25,1.082697868347168,98300
0.0,10.25,10.0,10.0,1.0562916994094849,88400
0.0,10.25,10.0,10.0,1.0562916994094849,96300
0.0,10.125,10.0,10.125,1.0694949626922607,73400
0.0,10.25,10.0,10.25,1.082697868347168,52500
0.0,10.25,10.0,10.125,1.0694949626922607,62800
0.0,10.25,10.0,10.125,1.0694949626922607,93400
0.0,10.25,10.125,10.125,1.0694949626922607,87800
0.0,10.25,10.125,10.125,1.0694949626922607,59500
0.0,10.25,10.125,10.25,1.082697868347168,62900
0.0,10.375,10.125,10.375,1.0959020853042605,94200
0.0,10.375,10.25,10.25,1.082697868347168,72400
0.0,10.375,10.125,10.25,1.082697868347168,90800
0.0,10.25,10.125,10.25,1.082697868347168,62300
0.0,10.375,10.125,10.375,1.0959020853042605,76300
0.0,10.5,10.25,10.25,1.082697868347168,79900
0.0,10.5,10.25,10.5,1.1091058254241943,64700
0.0,10.375,10.25,10.375,1.0959020853042605,37500
0.0,10.375,10.125,10.125,1.0694949626922607,16000
0.0,10.5,10.25,10.375,1.0959020853042605,35300
0.0,10.375,10.25,10.25,1.082697868347168,30400
0.0,10.5,10.375,10.375,1.0959020853042605,36100
0.0,10.375,10.25,10.25,1.082697868347168,49900
0.0,10.5,10.25,10.375,1.0959020853042605,57100
0.0,10.5,10.25,10.5,1.1091058254241943,61700
0.0,10.5,10.375,10.5,1.1091058254241943,75800
0.0,10.625,10.375,10.5,1.1091058254241943,57200
0.0,10.625,10.375,10.375,1.0959020853042605,56100
0.0,10.625,10.375,10.5,1.1091058254241943,75100
0.0,10.5,10.375,10.5,1.1091058254241943,47800
0.0,10.5,10.375,10.5,1.1091058254241943,68700
0.0,10.625,10.375,10.625,1.1223092079162598,86400
0.0,10.625,10.5,10.5,1.1091058254241943,47200
0.0,10.75,10.5,10.625,1.1223092079162598,87600
0.0,10.75,10.375,10.375,1.0959020853042605,131700
0.0,10.625,10.375,10.5,1.1091058254241943,53000
0.0,10.625,10.375,10.5,1.1091058254241943,46000
0.0,10.625,10.375,10.5,1.1091058254241943,72900
0.0,10.625,10.5,10.5,1.1091058254241943,19700
0.0,10.5,10.25,10.375,1.0959020853042605,44700
0.0,10.5,10.375,10.5,1.1091058254241943,40500
0.0,10.5,10.375,10.5,1.1091058254241943,35200
0.0,10.625,10.375,10.625,1.1223092079162598,34300
0.0,10.625,10.375,10.5,1.1091058254241943,42600
0.0,10.625,10.25,10.5,1.1091058254241943,31700
0.0,10.625,10.375,10.5,1.1091058254241943,41000
0.0,10.5,10.25,10.5,1.1091058254241943,40000
0.0,10.5,10.25,10.375,1.0959020853042605,32600
0.0,10.625,10.375,10.5,1.115125298500061,32400
0.0,10.625,10.375,10.5,1.115125298500061,38900
0.0,10.5,10.25,10.5,1.115125298500061,47600
0.0,10.5,10.375,10.5,1.115125298500061,23300
0.0,10.5,10.25,10.375,1.1018487215042114,28800
0.0,10.625,10.25,10.5,1.115125298500061,53900
0.0,10.5,10.25,10.375,1.1018487215042114,46400
0.0,10.375,10.0,10.125,1.0752995014190674,77500
0.0,10.25,10.125,10.25,1.0885746479034424,30100
0.0,10.25,10.125,10.25,1.0885746479034424,43000
0.0,10.375,10.25,10.25,1.0885746479034424,65200
0.0,10.375,10.25,10.375,1.1018487215042114,35500
0.0,10.375,10.25,10.375,1.1018487215042114,38500
0.0,10.25,10.125,10.25,1.0885746479034424,29700
0.0,10.25,10.125,10.25,1.0885746479034424,39900
0.0,10.25,10.125,10.25,1.0885746479034424,24000
0.0,10.375,10.125,10.25,1.0885746479034424,108600
0.0,10.5,10.125,10.375,1.1018487215042114,87700
0.0,10.5,10.375,10.5,1.115125298500061,99200
0.0,10.5,10.25,10.25,1.0885746479034424,88100
0.0,10.375,10.125,10.375,1.1018487215042114,110600
0.0,10.375,10.125,10.25,1.0885746479034424,35400
0.0,10.375,10.125,10.25,1.0885746479034424,27100
0.0,10.25,10.0,10.125,1.0752995014190674,50300
0.0,10.25,10.0,10.0,1.062023639678955,37400
0.0,10.25,10.0,10.125,1.0752995014190674,32300
0.0,10.25,10.125,10.125,1.0752995014190674,29200
0.0,10.25,10.0,10.25,1.0885746479034424,60900
0.0,10.25,10.125,10.125,1.0752995014190674,47600
0.0,10.25,10.0,10.125,1.0752995014190674,22600
0.0,10.25,10.0,10.25,1.0885746479034424,33200
0.0,10.25,10.0,10.125,1.0752995014190674,14500
0.0,10.25,10.0,10.125,1.0752995014190674,23100
0.0,10.25,10.0,10.0,1.062023639678955,36800
0.0,10.125,10.0,10.0,1.062023639678955,17300
0.0,10.125,10.0,10.125,1.0752995014190674,38500
0.0,10.125,10.0,10.0,1.062023639678955,19900
0.0,10.125,10.0,10.0,1.062023639678955,48100
0.0,10.125,10.0,10.0,1.062023639678955,51300
0.0,10.125,10.0,10.0,1.062023639678955,41200
0.0,10.125,10.0,10.0,1.062023639678955,97400
0.0,10.125,10.0,10.0,1.068219542503357,29400
0.0,10.125,10.0,10.0,1.068219542503357,51000
0.0,10.125,9.875,9.875,1.0548652410507202,33500
0.0,9.875,9.0,9.5,1.0148087739944458,81400
0.0,9.5,9.125,9.25,0.9881024360656738,53000
0.0,9.5,9.25,9.25,0.9881024360656738,42800
0.0,9.875,9.25,9.625,1.0281614065170288,49500
0.0,9.75,9.375,9.375,1.001455783843994,41500
0.0,9.5,9.25,9.5,1.0148087739944458,27000
0.0,9.625,9.375,9.625,1.0281614065170288,27700
0.0,9.625,9.375,9.625,1.0281614065170288,34600
0.0,9.625,9.0,9.25,0.9881024360656738,36000
0.0,9.25,8.875,9.125,0.9747501015663148,24200
0.0,9.75,9.125,9.625,1.0281614065170288,43700
0.0,9.75,9.375,9.625,1.0281614065170288,11100
0.0,9.625,9.375,9.625,1.0281614065170288,20500
0.0,9.75,9.5,9.625,1.0281614065170288,24800
0.0,9.75,9.25,9.5,1.0148087739944458,44600
0.0,9.625,9.375,9.625,1.0281614065170288,24100
0.0,9.75,9.25,9.625,1.0281614065170288,44400
0.0,9.625,9.5,9.5,1.0148087739944458,25700
0.0,9.625,9.375,9.5,1.0148087739944458,14000
0.0,9.625,9.375,9.375,1.001455783843994,28700
0.0,9.625,9.375,9.5,1.0148087739944458,27300
0.0,9.75,9.5,9.625,1.0281614065170288,25700
0.0,9.75,9.625,9.75,1.0415136814117432,26900
0.0,9.75,9.625,9.75,1.0415136814117432,15000
0.0,9.625,9.375,9.5,1.0148087739944458,27400
0.0,9.625,9.375,9.5,1.0148087739944458,21200
0.0,9.625,9.375,9.625,1.0281614065170288,14700
0.0,9.625,9.25,9.25,0.9881024360656738,29400
0.0,9.5,9.125,9.375,1.001455783843994,10200
0.0,9.625,9.5,9.625,1.0281614065170288,16600
0.0,9.625,9.5,9.5,1.0148087739944458,22400
0.0,9.625,9.375,9.5,1.0148087739944458,19400
0.0,9.625,9.5,9.5,1.0148087739944458,27300
0.0,9.625,9.375,9.5,1.0148087739944458,16500
0.0,9.5,9.125,9.5,1.0148087739944458,32800
0.0,9.75,9.5,9.625,1.0281614065170288,19000
0.0,9.625,9.5,9.625,1.0281614065170288,15300
0.0,9.625,9.375,9.5,1.0148087739944458,16500
0.0,9.75,9.25,9.5,1.0213662385940552,29600
0.0,9.75,9.5,9.5,1.0213662385940552,15000
0.0,9.75,9.5,9.75,1.048244833946228,23400
0.0,9.75,9.625,9.625,1.0348058938980105,20000
0.0,9.75,9.5,9.625,1.0348058938980105,22300
0.0,9.75,9.625,9.75,1.048244833946228,21000
0.0,9.75,9.625,9.75,1.048244833946228,28300
0.0,9.75,9.5,9.625,1.0348058938980105,24000
0.0,9.625,9.5,9.625,1.0348058938980105,26800
0.0,9.75,9.5,9.75,1.048244833946228,17900
0.0,9.75,9.625,9.75,1.048244833946228,15800
0.0,9.75,9.625,9.625,1.0348058938980105,29200
0.0,9.625,9.5,9.625,1.0348058938980105,17000
0.0,9.75,9.625,9.625,1.0348058938980105,21600
0.0,9.75,9.625,9.625,1.0348058938980105,12100
0.0,9.625,9.5,9.5,1.0213662385940552,5800
0.0,9.625,9.375,9.375,1.0079275369644165,21600
0.0,9.625,9.25,9.5,1.0213662385940552,16000
0.0,9.75,9.5,9.75,1.048244833946228,27000
0.0,9.875,9.625,9.875,1.061683177947998,17200
0.0,9.875,9.625,9.875,1.061683177947998,41300
0.0,9.875,9.625,9.75,1.048244833946228,38100
0.0,9.875,9.75,9.875,1.0683666467666626,18600
0.0,9.875,9.5,9.75,1.0548443794250488,38900
0.0,9.75,9.375,9.375,1.014273166656494,45200
0.0,9.75,9.375,9.75,1.0548443794250488,26200
0.0,10.0,9.625,9.875,1.0683666467666626,56000
0.0,9.875,9.625,9.625,1.0413209199905396,32100
0.0,9.875,9.625,9.875,1.0683666467666626,14400
0.0,9.75,9.625,9.75,1.0548443794250488,15000
0.0,9.75,9.625,9.75,1.0548443794250488,15500
0.0,9.75,9.625,9.75,1.0548443794250488,14500
0.0,9.75,9.625,9.75,1.0548443794250488,25100
0.0,9.75,9.625,9.625,1.0413209199905396,14000
0.0,9.875,9.625,9.625,1.0413209199905396,16800
0.0,9.75,9.5,9.625,1.0413209199905396,34000
0.0,9.625,9.5,9.5,1.0277963876724243,27200
0.0,9.75,9.5,9.75,1.0548443794250488,23600
0.0,9.75,9.5,9.625,1.0413209199905396,28000
0.0,9.5,9.375,9.375,1.014273166656494,27500
0.0,9.5,9.25,9.375,1.014273166656494,30200
0.0,9.5,9.375,9.375,1.014273166656494,12700
0.0,9.5,9.375,9.5,1.0277963876724243,28100
0.0,9.5,9.375,9.5,1.0277963876724243,27000
0.0,9.5,9.375,9.5,1.0344394445419312,26400
0.0,9.625,9.375,9.5,1.0344394445419312,27700
0.0,9.625,9.5,9.625,1.0480502843856812,22900
0.0,9.625,9.375,9.375,1.0208278894424438,12000
0.0,9.625,9.375,9.375,1.0208278894424438,25200
0.0,9.625,9.375,9.5,1.0344394445419312,14900
0.0,9.5,9.375,9.5,1.0344394445419312,37600
0.0,9.5,9.375,9.5,1.0344394445419312,14700
0.0,9.5,9.375,9.375,1.0208278894424438,16400
0.0,9.5,9.375,9.375,1.0208278894424438,27200
0.0,9.5,9.375,9.375,1.0208278894424438,20100
0.0,9.5,9.375,9.5,1.0344394445419312,25900
0.0,9.5,9.375,9.5,1.0344394445419312,7900
0.0,9.5,9.375,9.5,1.0344394445419312,11800
0.0,9.5,9.25,9.25,1.0072160959243774,12500
0.0,9.375,9.25,9.25,1.0072160959243774,23200
0.0,9.5,9.25,9.5,1.0344394445419312,29400
0.0,9.5,9.25,9.375,1.0208278894424438,16100
0.0,9.375,9.25,9.25,1.0072160959243774,24600
0.0,9.375,9.125,9.125,0.9936057329177856,21600
0.0,9.25,8.875,9.0,0.9799951910972596,50400
0.0,8.875,8.625,8.875,0.9729783535003662,43900
0.0,8.875,8.625,8.625,0.9455708861351012,53400
0.0,9.0,8.625,8.875,0.9729783535003662,33700
0.0,9.0,8.75,9.0,0.9866827130317688,36900
0.0,9.0,8.75,8.75,0.9592748880386353,37000
0.0,8.875,8.5,8.625,0.9455708861351012,34000
0.0,9.125,8.5,9.125,1.0003859996795654,49000
0.0,9.0,8.625,8.75,0.9592748880386353,55700
0.0,9.0,8.625,8.75,0.9592748880386353,35600
0.0,9.0,8.625,8.875,0.9729783535003662,65000
0.0,9.0,8.75,9.0,0.9866827130317688,33700
0.0,9.125,8.875,9.0,0.9866827130317688,16600
0.0,9.0,8.875,9.0,0.9866827130317688,22600
0.0,9.125,8.875,9.0,0.9866827130317688,17300
0.0,9.125,8.875,8.875,0.9729783535003662,38900
0.0,9.125,8.875,8.875,0.9729783535003662,20800
0.0,9.125,8.875,9.125,1.0003859996795654,23300
0.0,9.125,8.875,8.875,0.9729783535003662,20300
0.0,9.0,8.875,8.875,0.9729783535003662,22700
0.0,9.0,8.875,8.875,0.9729783535003662,26400
0.0,8.875,8.625,8.625,0.952114462852478,42500
0.0,8.875,8.5,8.625,0.952114462852478,34500
0.0,8.875,8.625,8.75,0.9659132361412048,23500
0.0,8.75,8.375,8.5,0.9383159875869752,59800
0.0,8.75,8.5,8.625,0.952114462852478,39600
0.0,8.75,8.125,8.125,0.8969205021858215,51400
0.0,8.375,8.125,8.125,0.8969205021858215,58000
0.0,8.25,7.875,8.125,0.8969205021858215,81300
0.0,8.0,7.125,7.25,0.8003286719322205,98100
0.0,8.0,7.5,8.0,0.883121132850647,80200
0.0,8.75,8.0,8.625,0.952114462852478,96700
0.0,8.75,8.25,8.625,0.952114462852478,37300
0.0,8.75,8.375,8.625,0.952114462852478,41500
0.0,8.25,8.0,8.0,0.883121132850647,51400
0.0,8.5,8.25,8.5,0.9383159875869752,29500
0.0,8.5,8.25,8.375,0.9245176315307616,31500
0.0,8.75,8.375,8.375,0.9245176315307616,47700
0.0,8.625,8.375,8.5,0.9383159875869752,22400
0.0,8.75,8.375,8.625,0.952114462852478,29500
0.0,8.875,8.5,8.875,0.9797120094299316,34300
0.0,9.625,8.625,8.875,0.9797120094299316,23600
8.875,9.125,8.875,9.125,1.0073094367980957,71000
9.0,9.0,8.75,8.75,0.9724137187004088,32100
8.875,8.875,8.5,8.75,0.9724137187004088,48900
8.625,8.875,8.5,8.875,0.9863048791885376,42000
8.75,8.875,8.625,8.875,0.9863048791885376,73900
8.875,9.0,8.75,9.0,1.000198245048523,33600
9.0,9.0,8.75,8.875,0.9863048791885376,45100
9.0,9.0,8.625,8.75,0.9724137187004088,62000
8.875,9.0,8.625,8.75,0.9724137187004088,49600
8.875,8.875,8.75,8.75,0.9724137187004088,62400
8.875,9.0,8.75,9.0,1.000198245048523,61000
9.0,9.0,8.75,9.0,1.000198245048523,66500
8.875,9.0,8.75,8.75,0.9724137187004088,44600
8.875,9.0,8.75,9.0,1.000198245048523,66100
9.0,9.125,8.75,8.875,0.9863048791885376,48600
8.75,8.875,8.75,8.75,0.9724137187004088,7000
8.875,9.0,8.75,9.0,1.000198245048523,68700
8.875,9.0,8.75,8.875,0.9863048791885376,44900
8.875,8.875,8.75,8.875,0.9863048791885376,64000
8.75,8.875,8.75,8.875,0.9863048791885376,68400
8.75,8.875,8.75,8.75,0.9724137187004088,26100
8.75,8.875,8.625,8.75,0.9724137187004088,55200
8.625,8.75,8.375,8.625,0.965251624584198,107100
8.625,8.625,8.375,8.5,0.951262593269348,50100
8.375,8.625,8.375,8.375,0.9372743368148804,64300
8.5,8.5,8.25,8.375,0.9372743368148804,97900
8.25,8.5,8.25,8.375,0.9372743368148804,64400
8.625,8.75,8.5,8.75,0.979240357875824,70800
8.625,8.625,8.375,8.625,0.965251624584198,89500
8.5,8.625,8.375,8.5,0.951262593269348,80300
8.5,8.625,8.375,8.5,0.951262593269348,78800
8.625,8.75,8.5,8.625,0.965251624584198,75600
8.5,8.625,8.375,8.625,0.965251624584198,99500
8.375,8.75,8.375,8.625,0.965251624584198,123500
8.5,8.625,8.375,8.5,0.9580382108688354,60300
8.5,8.625,8.375,8.375,0.9439493417739868,81800
8.375,8.625,8.375,8.5,0.9580382108688354,89600
8.375,8.625,8.25,8.5,0.9580382108688354,126000
8.5,8.5,8.25,8.375,0.9439493417739868,173300
8.5,8.625,8.375,8.5,0.9580382108688354,21600
8.625,9.0,8.625,9.0,1.0143934488296509,67200
9.0,9.0,8.875,9.0,1.0143934488296509,33500
8.875,9.25,8.875,9.25,1.0425708293914795,44700
9.0,9.125,9.0,9.0,1.0143934488296509,18500
9.0,9.125,8.875,9.125,1.028481364250183,26700
9.0,9.125,8.875,9.0,1.0143934488296509,17200
9.0,9.125,8.875,8.875,1.0003043413162231,22400
9.0,9.25,9.0,9.0,1.0143934488296509,23100
9.125,9.25,9.0,9.125,1.028481364250183,18500
9.125,9.25,9.125,9.25,1.0425708293914795,11200
9.25,9.375,9.125,9.375,1.0566595792770386,64800
9.25,9.375,9.125,9.25,1.0425708293914795,34600
9.125,9.375,9.125,9.25,1.0425708293914795,37800
9.25,9.5,9.25,9.5,1.0707483291625977,70200
9.5,9.5,9.375,9.5,1.0707483291625977,30300
9.5,9.5,9.375,9.5,1.0707483291625977,29100
9.5,9.625,9.375,9.5,1.0707483291625977,39400
9.625,9.625,9.5,9.625,1.084837555885315,42500
9.625,9.625,9.5,9.5,1.0707483291625977,15100
9.625,9.625,9.5,9.5,1.0707483291625977,19600
9.5,9.5,9.375,9.5,1.0707483291625977,36700
9.5,9.625,9.375,9.5,1.0707483291625977,35600
9.375,9.625,9.375,9.5,1.0707483291625977,30700
9.625,9.625,9.5,9.5,1.0707483291625977,28200
9.375,9.5,9.375,9.375,1.063487887382507,28700
9.375,9.5,9.25,9.5,1.0776684284210205,26700
9.5,9.5,9.25,9.25,1.0493087768554688,30700
9.375,9.5,9.25,9.25,1.0493087768554688,33000
9.25,9.375,9.25,9.375,1.063487887382507,19500
9.25,9.375,9.25,9.375,1.063487887382507,18500
9.375,9.375,9.25,9.25,1.0493087768554688,21100
9.375,9.375,9.25,9.25,1.0493087768554688,27000
9.25,9.5,9.25,9.25,1.0493087768554688,67100
9.375,9.375,9.25,9.375,1.063487887382507,24500
9.375,9.5,9.25,9.5,1.0892881155014038,25900
9.375,9.5,9.375,9.375,1.0749549865722656,17900
9.5,9.5,9.375,9.375,1.0749549865722656,27200
9.5,9.5,9.375,9.5,1.0892881155014038,34500
9.5,9.5,9.375,9.5,1.0892881155014038,19800
9.5,9.5,9.375,9.5,1.0892881155014038,38400
9.5,9.5,9.375,9.5,1.0892881155014038,41500
9.375,9.5,9.375,9.375,1.0749549865722656,20200
9.375,9.5,9.375,9.375,1.0749549865722656,29300
9.375,9.625,9.375,9.5,1.0892881155014038,24200
9.375,9.5,9.25,9.375,1.0820159912109375,56700
9.375,9.5,9.25,9.25,1.0675888061523438,20000
9.25,9.375,9.25,9.375,1.0820159912109375,27800
9.25,9.375,9.25,9.375,1.0820159912109375,32100
9.375,9.5,9.25,9.5,1.096442937850952,31200
9.5,9.5,9.25,9.375,1.0820159912109375,34800
9.375,9.375,9.25,9.25,1.0675888061523438,38300
9.25,9.375,9.25,9.25,1.0675888061523438,35900
9.25,9.375,9.25,9.25,1.0675888061523438,22300
9.375,9.375,9.25,9.25,1.0675888061523438,20200
9.375,9.375,9.125,9.25,1.0675888061523438,22100
9.25,9.375,9.25,9.375,1.0820159912109375,18600
9.25,9.375,9.25,9.25,1.0675888061523438,36700
9.25,9.375,9.25,9.25,1.0675888061523438,20000
9.375,9.375,9.25,9.25,1.0675888061523438,30500
9.25,9.25,9.125,9.25,1.0675888061523438,24300
9.25,9.25,9.125,9.25,1.0675888061523438,38700
9.25,9.25,9.125,9.25,1.0675888061523438,25600
9.25,9.25,9.125,9.125,1.0531628131866455,35900
9.25,9.25,9.125,9.25,1.0675888061523438,46900
9.25,9.25,9.125,9.125,1.0531628131866455,29600
9.25,9.25,9.125,9.25,1.0675888061523438,35600
9.125,9.25,9.125,9.25,1.0675888061523438,22500
9.125,9.25,9.0,9.25,1.0747934579849243,25300
9.125,9.25,9.125,9.125,1.0602693557739258,20100
9.25,9.25,9.125,9.125,1.0602693557739258,21500
9.125,9.25,9.125,9.25,1.0747934579849243,28700
9.25,9.25,9.125,9.125,1.0602693557739258,20900
9.125,9.125,9.0,9.125,1.0602693557739258,32500
9.125,9.25,9.125,9.125,1.0602693557739258,23200
9.25,9.25,9.125,9.125,1.0602693557739258,31000
9.125,9.25,9.125,9.125,1.0602693557739258,27000
9.25,9.375,9.125,9.375,1.089318037033081,45200
9.25,9.375,9.25,9.375,1.089318037033081,20700
9.375,9.375,9.25,9.375,1.089318037033081,17100
9.25,9.375,9.25,9.25,1.0747934579849243,29900
9.25,9.375,9.25,9.25,1.0747934579849243,19100
9.25,9.375,9.25,9.375,1.089318037033081,20400
9.25,9.375,9.25,9.375,1.089318037033081,27200
9.375,9.375,9.25,9.375,1.089318037033081,10500
9.375,9.5,9.25,9.375,1.089318037033081,19900
9.375,9.375,9.25,9.25,1.0747934579849243,43600
9.375,9.5,9.25,9.5,1.1038423776626587,29500
9.375,9.5,9.25,9.5,1.1110937595367432,35600
9.375,9.5,9.25,9.375,1.0964736938476562,48300
9.375,9.375,9.25,9.25,1.081853985786438,30500
9.25,9.375,9.25,9.375,1.0964736938476562,26700
9.375,9.375,9.25,9.375,1.0964736938476562,26400
9.375,9.375,9.25,9.375,1.0964736938476562,28900
9.25,9.375,9.25,9.25,1.081853985786438,32800
9.25,9.375,9.25,9.25,1.081853985786438,20500
9.375,9.375,9.125,9.125,1.0672343969345093,28600
9.25,9.375,9.125,9.25,1.081853985786438,28700
9.125,9.25,9.125,9.25,1.081853985786438,21700
9.375,9.375,9.25,9.25,1.081853985786438,20300
9.25,9.375,9.25,9.25,1.081853985786438,35500
9.25,9.375,9.25,9.375,1.0964736938476562,15900
9.25,9.375,9.25,9.375,1.0964736938476562,15600
9.25,9.375,9.25,9.375,1.0964736938476562,25400
9.375,9.375,9.25,9.375,1.0964736938476562,18900
9.25,9.375,9.25,9.375,1.0964736938476562,17300
9.375,9.375,9.25,9.375,1.0964736938476562,13800
9.375,9.375,9.25,9.375,1.0964736938476562,28100
9.375,9.5,9.375,9.375,1.0964736938476562,16300
9.25,9.375,9.25,9.25,1.0890560150146484,29300
9.375,9.375,9.25,9.25,1.0890560150146484,12200
9.375,9.5,9.375,9.5,1.1184900999069214,18900
9.5,9.5,9.25,9.5,1.1184900999069214,41700
9.375,9.625,9.375,9.375,1.1037722826004028,52600
9.5,9.5,9.375,9.375,1.1037722826004028,29900
9.5,9.5,9.25,9.375,1.1037722826004028,34000
9.375,9.375,9.25,9.375,1.1037722826004028,24200
9.375,9.375,9.25,9.25,1.0890560150146484,31600
9.25,9.375,9.25,9.25,1.0890560150146484,27300
9.375,9.375,9.25,9.25,1.0890560150146484,23700
9.25,9.375,9.25,9.25,1.0890560150146484,41800
9.25,9.375,9.25,9.375,1.1037722826004028,38500
9.25,9.375,9.125,9.25,1.0890560150146484,29900
9.25,9.375,9.125,9.125,1.074339509010315,28400
9.25,9.375,9.125,9.25,1.0890560150146484,9000
9.25,9.375,9.25,9.375,1.1037722826004028,19100
9.375,9.5,9.375,9.375,1.1037722826004028,24200
9.5,9.5,9.375,9.375,1.1037722826004028,17000
9.5,9.5,9.375,9.5,1.1184900999069214,20000
9.5,9.5,9.375,9.375,1.1037722826004028,41100
9.375,9.5,9.375,9.375,1.1037722826004028,28700
9.25,9.375,9.25,9.25,1.0963068008422852,11400
9.375,9.5,9.25,9.375,1.111121416091919,26000
9.375,9.375,9.25,9.375,1.111121416091919,25800
9.375,9.375,9.25,9.375,1.111121416091919,18400
9.25,9.375,9.25,9.375,1.111121416091919,32200
9.375,9.375,9.25,9.375,1.111121416091919,33700
9.375,9.375,9.25,9.375,1.111121416091919,28700
9.375,9.375,9.25,9.25,1.0963068008422852,34900
9.375,9.375,9.125,9.125,1.0814908742904663,41000
9.25,9.25,9.125,9.125,1.0814908742904663,20800
9.125,9.375,9.125,9.375,1.111121416091919,16600
9.375,9.375,9.25,9.25,1.0963068008422852,40200
9.375,9.375,9.25,9.375,1.111121416091919,14300
9.25,9.375,9.25,9.375,1.111121416091919,22000
9.375,9.375,9.25,9.375,1.111121416091919,38400
9.375,9.375,9.25,9.25,1.0963068008422852,16600
9.375,9.375,9.25,9.25,1.0963068008422852,28900
9.375,9.5,9.25,9.375,1.111121416091919,24100
9.5,9.5,9.375,9.5,1.1259359121322632,30200
9.5,9.5,9.375,9.375,1.111121416091919,32100
9.25,9.375,9.25,9.25,1.1037235260009766,28400
9.25,9.375,9.25,9.375,1.118638277053833,19600
9.375,9.375,9.25,9.25,1.1037235260009766,12500
9.375,9.375,9.25,9.25,1.1037235260009766,27800
9.375,9.375,9.25,9.375,1.118638277053833,22200
9.375,9.375,9.25,9.25,1.1037235260009766,22200
9.25,9.375,9.25,9.375,1.118638277053833,26900
9.375,9.375,9.25,9.375,1.118638277053833,22800
9.375,9.375,9.25,9.375,1.118638277053833,29100
9.25,9.375,9.25,9.375,1.118638277053833,33800
9.5,9.5,9.25,9.375,1.118638277053833,24400
9.375,9.375,9.25,9.25,1.1037235260009766,20500
9.25,9.375,9.25,9.375,1.118638277053833,12800
9.375,9.375,9.25,9.375,1.118638277053833,25100
9.375,9.375,9.25,9.25,1.1037235260009766,14900
9.375,9.5,9.375,9.375,1.118638277053833,9600
9.5,9.5,9.375,9.5,1.1335537433624268,20700
9.5,9.625,9.375,9.375,1.118638277053833,36600
9.5,9.5,9.375,9.5,1.1335537433624268,16200
9.5,9.625,9.375,9.625,1.1484694480895996,29300
9.5,9.625,9.5,9.5,1.1335537433624268,15400
9.5,9.625,9.5,9.625,1.1484694480895996,17200
9.5,9.625,9.5,9.625,1.1484694480895996,29700
9.5,9.625,9.5,9.625,1.1561568975448608,25900
9.5,9.625,9.5,9.625,1.1561568975448608,12000
9.625,9.75,9.5,9.625,1.1561568975448608,25800
9.75,9.75,9.625,9.625,1.1561568975448608,22300
9.625,9.875,9.625,9.75,1.171170711517334,96300
9.75,9.75,9.625,9.625,1.1561568975448608,16600
9.75,9.875,9.625,9.75,1.171170711517334,30300
9.875,9.875,9.625,9.625,1.1561568975448608,32800
9.625,9.75,9.625,9.75,1.171170711517334,26600
9.75,9.75,9.625,9.625,1.1561568975448608,23500
9.75,9.75,9.625,9.75,1.171170711517334,40600
9.625,9.75,9.625,9.75,1.171170711517334,19000
9.75,9.75,9.625,9.75,1.171170711517334,26600
9.75,9.75,9.625,9.625,1.1561568975448608,22300
9.625,9.875,9.625,9.875,1.18618643283844,21100
9.75,9.875,9.75,9.875,1.18618643283844,15300
9.875,9.875,9.75,9.875,1.18618643283844,51100
9.875,9.875,9.75,9.875,1.18618643283844,39000
9.875,9.875,9.75,9.75,1.171170711517334,24500
9.75,9.875,9.75,9.75,1.171170711517334,12900
9.75,9.875,9.75,9.875,1.1939011812210083,23200
9.75,9.875,9.75,9.75,1.1787879467010498,23100
9.875,9.875,9.75,9.75,1.1787879467010498,40200
9.875,9.875,9.75,9.75,1.1787879467010498,33600
9.875,9.875,9.625,9.625,1.1636756658554075,12500
9.75,9.75,9.625,9.625,1.1636756658554075,28200
9.75,9.75,9.625,9.625,1.1636756658554075,18400
9.625,9.75,9.625,9.75,1.1787879467010498,36800
9.75,9.875,9.625,9.625,1.1636756658554075,34700
9.75,9.75,9.625,9.625,1.1636756658554075,14900
9.75,9.75,9.625,9.625,1.1636756658554075,18100
9.625,9.75,9.625,9.75,1.1787879467010498,12300
9.75,9.75,9.625,9.75,1.1787879467010498,20400
9.75,9.75,9.625,9.625,1.1636756658554075,18700
9.625,9.75,9.625,9.75,1.1787879467010498,28600
9.75,9.75,9.625,9.625,1.1636756658554075,19700
9.625,9.875,9.625,9.875,1.1939011812210083,25000
9.875,9.875,9.75,9.75,1.1787879467010498,25000
9.875,9.875,9.75,9.875,1.1939011812210083,15800
9.75,9.875,9.75,9.75,1.1787879467010498,21600
9.875,9.875,9.75,9.875,1.1939011812210083,29800
9.75,9.75,9.625,9.75,1.1863564252853394,40700
9.625,9.75,9.625,9.75,1.1863564252853394,20900
9.625,9.875,9.625,9.75,1.1863564252853394,29400
9.75,9.875,9.75,9.875,1.2015669345855713,18400
9.75,9.875,9.75,9.875,1.2015669345855713,22800
9.875,9.875,9.75,9.875,1.2015669345855713,24900
9.875,9.875,9.625,9.625,1.1711472272872925,34800
9.75,9.75,9.625,9.625,1.1711472272872925,51300
9.75,9.75,9.625,9.75,1.1863564252853394,33900
9.75,9.75,9.625,9.75,1.1863564252853394,26700
9.75,9.75,9.625,9.625,1.1711472272872925,24200
9.625,9.75,9.625,9.75,1.1863564252853394,28400
9.75,9.875,9.625,9.75,1.1863564252853394,12100
9.75,9.875,9.75,9.875,1.2015669345855713,2700
9.75,9.875,9.75,9.875,1.2015669345855713,22200
9.875,9.875,9.75,9.875,1.2015669345855713,26500
9.875,9.875,9.75,9.875,1.2015669345855713,22600
9.875,9.875,9.75,9.75,1.1863564252853394,11200
9.875,9.875,9.75,9.875,1.2015669345855713,38500
9.75,9.875,9.625,9.75,1.1863564252853394,46400
9.75,9.875,9.75,9.875,1.2015669345855713,27400
9.875,9.875,9.75,9.75,1.1863564252853394,19500
9.625,9.75,9.625,9.625,1.1787644624710083,65100
9.625,9.75,9.625,9.625,1.1787644624710083,30900
9.625,9.75,9.625,9.75,1.1940723657608032,30600
9.75,9.75,9.5,9.75,1.1940723657608032,40300
9.75,9.75,9.625,9.75,1.1940723657608032,34500
9.75,9.75,9.625,9.75,1.1940723657608032,56900
9.75,9.75,9.625,9.75,1.1940723657608032,25500
9.625,9.75,9.625,9.75,1.1940723657608032,29600
9.75,9.875,9.625,9.75,1.1940723657608032,31800
9.625,9.75,9.625,9.75,1.1940723657608032,41200
9.75,9.875,9.5,9.625,1.1787644624710083,70600
9.5,9.75,9.5,9.625,1.1787644624710083,16800
9.625,9.75,9.625,9.75,1.1940723657608032,24600
9.625,9.75,9.625,9.75,1.1940723657608032,33100
9.625,9.75,9.625,9.75,1.1940723657608032,26300
9.75,9.75,9.625,9.75,1.1940723657608032,51200
9.75,9.75,9.625,9.75,1.1940723657608032,18500
9.75,9.75,9.625,9.75,1.1940723657608032,30500
9.75,9.875,9.625,9.875,1.209380865097046,37500
9.875,9.875,9.75,9.875,1.209380865097046,26100
9.875,9.875,9.75,9.875,1.209380865097046,70300
9.75,9.875,9.625,9.875,1.2171462774276731,26400
9.75,9.875,9.75,9.875,1.2171462774276731,10800
9.875,9.875,9.75,9.875,1.2171462774276731,29300
9.875,9.875,9.75,9.875,1.2171462774276731,41000
9.75,9.875,9.75,9.875,1.2171462774276731,9700
9.875,9.875,9.75,9.875,1.2171462774276731,60300
9.875,9.875,9.75,9.75,1.2017390727996826,25100
9.875,9.875,9.75,9.75,1.2017390727996826,28300
9.875,9.875,9.75,9.875,1.2171462774276731,42400
9.875,9.875,9.75,9.75,1.2017390727996826,33100
9.75,9.875,9.75,9.75,1.2017390727996826,55000
9.875,10.0,9.875,10.0,1.232553005218506,20900
9.875,10.0,9.875,10.0,1.232553005218506,26600
10.0,10.0,9.875,10.0,1.232553005218506,35500
9.875,10.0,9.875,10.0,1.232553005218506,24400
9.875,10.0,9.875,10.0,1.232553005218506,17800
10.0,10.0,9.875,9.875,1.2171462774276731,31200
10.0,10.0,9.875,10.0,1.232553005218506,22200
10.0,10.0,9.875,10.0,1.232553005218506,22200
9.875,10.0,9.875,9.875,1.2171462774276731,23200
9.875,10.0,9.875,9.875,1.2249608039855957,30400
9.875,10.0,9.875,10.0,1.2404677867889404,38600
9.875,10.0,9.875,9.875,1.2249608039855957,30300
9.875,10.0,9.75,9.75,1.2094545364379885,14600
9.75,9.875,9.625,9.75,1.2094545364379885,107600
9.75,9.875,9.625,9.75,1.2094545364379885,39200
9.75,9.875,9.75,9.75,1.2094545364379885,29100
9.875,9.875,9.625,9.625,1.1939494609832764,36900
9.625,9.875,9.625,9.75,1.2094545364379885,54300
9.75,9.875,9.75,9.875,1.2249608039855957,37600
9.875,9.875,9.75,9.875,1.2249608039855957,20600
9.75,9.875,9.75,9.875,1.2249608039855957,21200
9.75,9.875,9.625,9.75,1.2094545364379885,68000
9.75,9.75,9.625,9.625,1.1939494609832764,28400
9.75,9.875,9.75,9.875,1.2249608039855957,33600
9.875,9.875,9.75,9.875,1.2249608039855957,25500
9.75,9.875,9.75,9.75,1.2094545364379885,36600
9.75,9.875,9.75,9.875,1.2249608039855957,22400
9.875,9.875,9.75,9.875,1.2249608039855957,51200
9.875,9.875,9.75,9.875,1.2328256368637085,40100
9.875,9.875,9.75,9.875,1.2328256368637085,32900
9.875,9.875,9.75,9.75,1.2172201871871948,19400
9.875,9.875,9.75,9.75,1.2172201871871948,23900
9.75,9.875,9.75,9.875,1.2328256368637085,31000
9.75,9.875,9.75,9.875,1.2328256368637085,12400
9.875,9.875,9.75,9.75,1.2172201871871948,37800
9.875,9.875,9.75,9.875,1.2328256368637085,28300
9.75,9.875,9.75,9.875,1.2328256368637085,23200
9.75,9.875,9.75,9.75,1.2172201871871948,32900
9.875,9.875,9.75,9.875,1.2328256368637085,30000
9.875,9.875,9.75,9.75,1.2172201871871948,45400
9.875,9.875,9.75,9.875,1.2328256368637085,28700
9.875,9.875,9.75,9.875,1.2328256368637085,20900
9.75,9.75,9.625,9.625,1.2016156911849976,80000
9.75,9.75,9.5,9.5,1.1860095262527466,20500
9.5,9.625,9.5,9.5,1.1860095262527466,19500
9.625,9.625,9.5,9.5,1.1860095262527466,53800
9.5,9.75,9.5,9.625,1.2016156911849976,9200
9.625,9.75,9.625,9.75,1.2172201871871948,20200
9.75,9.75,9.625,9.75,1.2172201871871948,39000
9.75,9.75,9.625,9.625,1.2016156911849976,22800
9.75,9.875,9.625,9.625,1.2016156911849976,19900
9.625,9.75,9.5,9.625,1.2095328569412231,18300
9.625,9.75,9.625,9.75,1.225240707397461,35700
9.625,9.875,9.625,9.875,1.240949273109436,39900
9.75,9.875,9.75,9.75,1.225240707397461,8600
9.75,9.75,9.625,9.625,1.2095328569412231,20700
9.625,9.875,9.625,9.75,1.225240707397461,39100
9.625,9.875,9.625,9.875,1.240949273109436,49400
9.75,9.875,9.75,9.75,1.225240707397461,31600
9.75,9.875,9.75,9.875,1.240949273109436,46500
9.75,9.875,9.75,9.75,1.225240707397461,37000
9.875,9.875,9.75,9.75,1.225240707397461,26100
9.75,9.875,9.75,9.875,1.240949273109436,30900
9.75,9.875,9.75,9.75,1.225240707397461,37800
9.875,9.875,9.75,9.875,1.240949273109436,50700
9.75,9.875,9.75,9.75,1.225240707397461,37600
9.75,9.875,9.75,9.875,1.240949273109436,39200
9.875,9.875,9.75,9.875,1.240949273109436,37500
9.75,9.875,9.75,9.875,1.240949273109436,23600
9.875,9.875,9.75,9.875,1.240949273109436,19200
9.875,9.875,9.75,9.875,1.240949273109436,30700
9.75,9.875,9.75,9.875,1.2490439414978027,24600
9.875,9.875,9.75,9.875,1.2490439414978027,43200
10.0,10.0,9.75,9.75,1.2332327365875244,43600
9.75,10.0,9.75,9.875,1.2490439414978027,20600
9.75,10.0,9.75,9.875,1.2490439414978027,16800
9.875,10.0,9.875,9.875,1.2490439414978027,42500
10.0,10.0,9.875,9.875,1.2490439414978027,32100
9.875,10.0,9.875,10.0,1.2648550271987915,53200
10.0,10.0,9.875,10.0,1.2648550271987915,40400
10.0,10.0,9.875,10.0,1.2648550271987915,21700
9.875,10.0,9.875,9.875,1.2490439414978027,26600
10.0,10.0,9.875,10.0,1.2648550271987915,51300
9.875,10.0,9.875,10.0,1.2648550271987915,21100
10.0,10.125,9.875,10.0,1.2648550271987915,67200
10.125,10.125,10.0,10.0,1.2648550271987915,11700
10.125,10.125,9.875,10.0,1.2648550271987915,23300
9.875,10.0,9.875,9.875,1.2490439414978027,19500
10.0,10.0,9.875,9.875,1.2490439414978027,16200
10.0,10.0,9.875,10.0,1.2648550271987915,38000
9.875,10.125,9.875,10.125,1.2806652784347534,28900
10.0,10.0,9.875,10.0,1.27277410030365,36800
9.875,10.125,9.875,10.125,1.288683295249939,24400
10.0,10.125,10.0,10.125,1.288683295249939,34200
10.125,10.125,10.0,10.0,1.27277410030365,42700
10.125,10.125,10.0,10.0,1.27277410030365,28500
10.125,10.125,10.0,10.0,1.27277410030365,26400
10.125,10.125,10.0,10.0,1.27277410030365,14400
10.0,10.125,10.0,10.0,1.27277410030365,34400
10.125,10.125,9.875,9.875,1.2568644285202026,64800
9.875,10.0,9.875,10.0,1.27277410030365,24300
10.0,10.0,9.875,9.875,1.2568644285202026,41900
10.0,10.0,9.875,10.0,1.27277410030365,33300
9.875,10.0,9.875,9.875,1.2568644285202026,41800
9.875,10.125,9.875,10.0,1.27277410030365,41800
10.0,10.125,9.875,10.0,1.27277410030365,24000
10.125,10.125,10.0,10.125,1.288683295249939,28000
10.125,10.125,10.0,10.0,1.27277410030365,21300
10.0,10.125,10.0,10.125,1.288683295249939,25700
10.0,10.25,10.0,10.25,1.3045940399169922,59900
10.25,10.25,10.125,10.25,1.3045940399169922,17500
10.25,10.25,10.125,10.25,1.3045940399169922,39900
10.125,10.25,10.125,10.125,1.288683295249939,48000
10.125,10.25,10.0,10.125,1.288683295249939,50000
10.125,10.25,10.125,10.25,1.3045940399169922,35800
10.0,10.25,10.0,10.125,1.2966530323028564,30600
10.125,10.25,10.125,10.25,1.3126616477966309,38000
10.25,10.25,10.0,10.125,1.2966530323028564,33000
10.125,10.125,10.0,10.0,1.2806460857391355,26600
10.0,10.125,10.0,10.125,1.2966530323028564,39800
10.0,10.125,10.0,10.0,1.2806460857391355,25800
10.0,10.125,10.0,10.0,1.2806460857391355,39000
10.125,10.125,10.0,10.125,1.2966530323028564,42000
10.0,10.25,10.0,10.25,1.3126616477966309,62200
10.25,10.25,10.0,10.0,1.2806460857391355,30800
10.0,10.125,10.0,10.0,1.2806460857391355,33700
10.125,10.125,10.0,10.125,1.2966530323028564,31000
10.0,10.125,10.0,10.125,1.2966530323028564,12100
10.0,10.25,10.0,10.125,1.2966530323028564,18400
10.125,10.25,10.125,10.125,1.2966530323028564,27600
10.25,10.25,10.125,10.125,1.2966530323028564,38200
10.25,10.25,10.125,10.25,1.3126616477966309,46600
10.25,10.375,10.25,10.375,1.3286707401275637,32400
10.375,10.375,10.25,10.25,1.3126616477966309,29600
10.375,10.375,10.25,10.375,1.3286707401275637,26300
10.25,10.375,10.25,10.375,1.3369158506393433,25700
10.5,10.5,10.375,10.375,1.3369158506393433,26500
10.5,10.5,10.25,10.5,1.3530243635177612,15600
10.5,10.5,10.375,10.5,1.3530243635177612,17600
10.375,10.375,10.25,10.375,1.3369158506393433,48800
10.25,10.25,10.125,10.25,1.3208087682724,37400
10.25,10.25,10.125,10.25,1.3208087682724,22400
10.125,10.25,10.125,10.25,1.3208087682724,42500
10.25,10.25,10.125,10.25,1.3208087682724,19800
10.25,10.25,10.125,10.25,1.3208087682724,9600
10.25,10.25,10.125,10.125,1.3047012090682983,48100
10.125,10.25,10.0,10.125,1.3047012090682983,45700
10.0,10.125,10.0,10.0,1.2885948419570925,18200
10.0,10.125,10.0,10.0,1.2885948419570925,22400
10.125,10.125,10.0,10.0,1.2885948419570925,25600
10.125,10.125,10.0,10.0,1.2885948419570925,24700
10.125,10.125,10.0,10.0,1.2885948419570925,26900
10.0,10.125,10.0,10.125,1.3047012090682983,29900
10.125,10.125,10.0,10.125,1.3047012090682983,16900
10.125,10.125,10.0,10.125,1.3047012090682983,29600
10.125,10.25,10.0,10.25,1.3208087682724,62500
10.0,10.25,10.0,10.125,1.3128983974456787,20300
10.0,10.25,10.0,10.25,1.3291077613830566,22800
10.125,10.25,10.125,10.25,1.3291077613830566,17500
10.125,10.25,10.125,10.25,1.3291077613830566,42300
10.125,10.25,10.125,10.25,1.3291077613830566,24600
10.125,10.25,10.125,10.125,1.3128983974456787,40800
10.25,10.25,10.125,10.25,1.3291077613830566,29300
10.125,10.25,10.125,10.125,1.3128983974456787,52000
10.125,10.25,10.125,10.125,1.3128983974456787,15400
10.125,10.25,10.125,10.25,1.3291077613830566,38600
10.125,10.25,10.125,10.125,1.3128983974456787,26400
10.25,10.25,10.0,10.0,1.2966910600662231,25500
10.125,10.125,10.0,10.0,1.2966910600662231,31700
10.0,10.125,10.0,10.0,1.2966910600662231,35700
10.0,10.125,10.0,10.125,1.3128983974456787,17800
10.125,10.125,10.0,10.0,1.2966910600662231,19800
10.0,10.125,10.0,10.125,1.3128983974456787,14000
10.125,10.125,10.0,10.125,1.3128983974456787,7000
10.0,10.125,10.0,10.0,1.2966910600662231,14200
10.125,10.125,10.0,10.0,1.2966910600662231,10500
10.125,10.125,10.0,10.125,1.3128983974456787,15800
10.0,10.125,10.0,10.125,1.3128983974456787,33700
10.125,10.125,10.0,10.125,1.3128983974456787,40300
10.0,10.125,10.0,10.0,1.3048092126846311,18700
10.0,10.125,9.875,10.125,1.3211196660995483,20600
10.0,10.0,9.875,9.875,1.2884981632232666,8400
9.875,10.0,9.875,9.875,1.2884981632232666,30700
9.875,10.0,9.625,9.625,1.2558789253234863,29000
9.875,9.875,9.75,9.875,1.2884981632232666,23400
9.875,9.875,9.75,9.875,1.2884981632232666,8000
9.75,9.875,9.75,9.875,1.2884981632232666,18200
9.875,10.0,9.75,9.875,1.2884981632232666,22200
9.75,10.0,9.75,9.75,1.272188425064087,25200
9.875,9.875,9.75,9.875,1.2884981632232666,19000
9.75,9.875,9.75,9.75,1.272188425064087,53500
9.75,9.875,9.75,9.75,1.272188425064087,21300
9.75,9.875,9.75,9.875,1.2884981632232666,15900
9.875,9.875,9.75,9.875,1.2884981632232666,25600
9.875,9.875,9.75,9.875,1.2884981632232666,14400
10.0,10.0,9.875,9.875,1.2884981632232666,20800
10.0,10.0,9.875,9.875,1.2884981632232666,27900
10.0,10.0,9.875,9.875,1.2884981632232666,16500
9.875,10.0,9.75,9.75,1.272188425064087,25200
9.75,10.0,9.75,9.875,1.2970119714736938,22300
9.75,10.0,9.75,9.875,1.2970119714736938,24600
9.875,9.875,9.75,9.875,1.2970119714736938,33700
9.875,9.875,9.75,9.75,1.2805941104888916,20700
9.75,9.875,9.75,9.875,1.2970119714736938,21100
9.875,9.875,9.75,9.75,1.2805941104888916,28400
9.875,9.875,9.75,9.875,1.2970119714736938,18300
9.875,9.875,9.75,9.75,1.2805941104888916,38200
9.875,9.875,9.75,9.75,1.2805941104888916,17900
9.875,9.875,9.75,9.75,1.2805941104888916,22500
9.75,10.0,9.75,9.875,1.2970119714736938,38600
10.0,10.0,9.875,10.0,1.3134310245513916,17600
10.0,10.0,9.875,10.0,1.3134310245513916,47200
9.875,10.0,9.875,9.875,1.2970119714736938,11100
10.0,10.125,9.875,10.0,1.3134310245513916,19600
10.0,10.125,10.0,10.125,1.3298490047454834,30100
10.0,10.125,9.875,10.0,1.3134310245513916,13500
10.125,10.125,10.0,10.0,1.3134310245513916,36100
10.0,10.0,9.875,10.0,1.3134310245513916,39400
9.875,10.0,9.875,9.875,1.2970119714736938,28400
9.875,10.0,9.875,9.875,1.3054739236831665,17200
9.875,10.0,9.875,10.0,1.3219984769821167,19100
9.875,10.0,9.875,9.875,1.3054739236831665,11500
9.875,10.0,9.75,9.75,1.288947343826294,23000
9.875,10.0,9.75,10.0,1.3219984769821167,27900
10.0,10.0,9.75,9.75,1.288947343826294,26600
9.875,9.875,9.75,9.75,1.288947343826294,22800
9.875,9.875,9.75,9.875,1.3054739236831665,27300
9.75,9.875,9.75,9.875,1.3054739236831665,17800
9.875,9.875,9.75,9.875,1.3054739236831665,11900
9.75,9.875,9.75,9.875,1.3054739236831665,19700
9.875,9.875,9.75,9.75,1.288947343826294,15600
9.75,9.875,9.75,9.875,1.3054739236831665,13900
9.875,9.875,9.75,9.75,1.288947343826294,7400
9.75,9.875,9.75,9.875,1.3054739236831665,16600
9.75,9.875,9.75,9.875,1.3054739236831665,18000
9.875,9.875,9.75,9.875,1.3054739236831665,24600
9.875,10.0,9.875,9.875,1.3054739236831665,10000
10.0,10.0,9.875,10.0,1.3219984769821167,18400
10.0,10.0,9.875,10.0,1.3219984769821167,30800
10.125,10.125,10.0,10.0,1.3219984769821167,29100
10.125,10.125,10.0,10.0,1.3219984769821167,39300
10.0,10.125,10.0,10.0,1.330514669418335,52100
10.125,10.125,10.0,10.0,1.330514669418335,50100
10.125,10.125,10.0,10.125,1.347145915031433,30600
10.125,10.125,10.0,10.0,1.330514669418335,37900
10.0,10.125,9.875,10.0,1.330514669418335,45900
10.0,10.125,10.0,10.125,1.347145915031433,16600
10.125,10.125,10.0,10.0,1.330514669418335,34800
10.125,10.125,10.0,10.0,1.330514669418335,19900
10.0,10.125,10.0,10.125,1.347145915031433,19800
10.0,10.125,10.0,10.0,1.330514669418335,29800
10.0,10.125,9.875,10.0,1.330514669418335,23600
9.875,10.0,9.75,9.75,1.2972512245178225,17400
9.75,9.875,9.75,9.875,1.3138824701309204,13300
9.875,9.875,9.75,9.875,1.3138824701309204,23400
9.75,9.875,9.75,9.75,1.2972512245178225,17800
9.875,9.875,9.625,9.625,1.2806192636489868,40500
9.625,9.75,9.625,9.75,1.2972512245178225,5900
9.75,9.75,9.625,9.75,1.2972512245178225,32000
9.75,9.875,9.625,9.875,1.3138824701309204,17800
9.75,9.875,9.75,9.875,1.3138824701309204,21500
9.875,9.875,9.75,9.75,1.2972512245178225,33500
9.75,9.875,9.75,9.75,1.2972512245178225,16700
9.875,9.875,9.75,9.875,1.3138824701309204,27500
9.75,9.75,9.625,9.75,1.3057135343551636,15800
9.75,9.75,9.625,9.625,1.2889729738235474,21500
9.625,9.75,9.625,9.75,1.3057135343551636,21700
9.75,9.75,9.625,9.75,1.3057135343551636,42400
9.75,9.875,9.625,9.75,1.3057135343551636,25700
9.875,9.875,9.75,9.875,1.3224533796310425,12800
9.875,9.875,9.625,9.75,1.3057135343551636,36000
9.625,9.75,9.625,9.75,1.3057135343551636,29600
9.625,9.75,9.625,9.75,1.3057135343551636,21600
9.75,9.75,9.5,9.625,1.2889729738235474,15200
9.625,9.75,9.625,9.625,1.2889729738235474,29700
9.625,9.75,9.625,9.625,1.2889729738235474,16200
9.625,9.75,9.625,9.625,1.2889729738235474,19500
9.75,9.75,9.625,9.625,1.2889729738235474,22000
9.625,9.75,9.625,9.75,1.3057135343551636,12900
9.625,9.75,9.625,9.625,1.2889729738235474,19200
9.75,9.75,9.625,9.75,1.3057135343551636,19700
9.625,9.875,9.625,9.75,1.3057135343551636,23600
9.625,9.75,9.5,9.5,1.2806404829025269,18800
9.5,9.75,9.5,9.75,1.3143409490585327,11400
9.625,9.75,9.625,9.625,1.297489881515503,23300
9.75,9.75,9.625,9.75,1.3143409490585327,16700
9.625,9.75,9.625,9.75,1.3143409490585327,38500
9.625,9.75,9.625,9.75,1.3143409490585327,16500
9.625,9.75,9.625,9.625,1.297489881515503,22100
9.625,9.75,9.625,9.625,1.297489881515503,23600
9.75,9.75,9.625,9.625,1.297489881515503,23300
9.625,9.75,9.625,9.625,1.297489881515503,46500
9.625,9.75,9.5,9.625,1.297489881515503,26100
9.75,9.75,9.5,9.5,1.2806404829025269,23200
9.625,9.625,9.5,9.5,1.2806404829025269,17100
9.625,9.75,9.5,9.75,1.3143409490585327,17000
9.75,9.75,9.625,9.625,1.297489881515503,33200
9.625,9.75,9.5,9.5,1.2806404829025269,45600
9.625,9.625,9.5,9.625,1.297489881515503,20200
9.625,9.625,9.5,9.5,1.2806404829025269,26300
9.625,9.625,9.5,9.625,1.297489881515503,19500
9.625,9.75,9.625,9.625,1.297489881515503,8100
9.5,9.75,9.5,9.625,1.297489881515503,13900
9.5,9.75,9.5,9.625,1.297489881515503,21500
9.5,9.75,9.5,9.625,1.3060386180877686,32000
9.625,9.625,9.5,9.5,1.2890760898590088,40800
9.625,9.625,9.5,9.5,1.2890760898590088,13100
9.625,9.625,9.5,9.5,1.2890760898590088,19700
9.5,9.625,9.5,9.625,1.3060386180877686,26000
9.5,9.625,9.5,9.5,1.2890760898590088,26100
9.5,9.625,9.5,9.625,1.3060386180877686,30400
9.625,9.625,9.5,9.625,1.3060386180877686,35800
9.625,9.625,9.5,9.625,1.3060386180877686,29900
9.5,9.75,9.5,9.5,1.2890760898590088,34300
9.625,9.625,9.5,9.5,1.2890760898590088,70400
9.625,9.625,9.5,9.625,1.3060386180877686,48300
9.625,9.625,9.5,9.625,1.3060386180877686,32900
9.5,9.625,9.5,9.5,1.2890760898590088,37000
9.5,9.625,9.5,9.5,1.2890760898590088,10900
9.625,9.625,9.5,9.5,1.2890760898590088,23800
9.5,9.625,9.5,9.625,1.3060386180877686,16400
9.625,9.625,9.5,9.5,1.2890760898590088,8400
9.625,9.625,9.5,9.625,1.3060386180877686,42000
9.5,9.625,9.5,9.625,1.3060386180877686,48900
9.375,9.5,9.375,9.375,1.2806313037872314,10600
9.375,9.625,9.375,9.625,1.314781665802002,34000
9.625,9.625,9.5,9.5,1.297706127166748,13200
9.5,9.625,9.5,9.5,1.297706127166748,10000
9.625,9.625,9.5,9.5,1.297706127166748,46300
9.5,9.625,9.5,9.5,1.297706127166748,43900
9.5,9.5,9.375,9.5,1.297706127166748,74100
9.375,9.5,9.375,9.375,1.2806313037872314,50200
9.375,9.5,9.25,9.375,1.2806313037872314,41800
9.25,9.375,9.25,9.25,1.2635561227798462,54500
9.25,9.375,9.25,9.25,1.2635561227798462,23400
9.25,9.5,9.25,9.5,1.297706127166748,46000
9.375,9.5,9.375,9.375,1.2806313037872314,14800
9.5,9.5,9.375,9.5,1.297706127166748,27000
9.5,9.625,9.375,9.5,1.297706127166748,34900
9.5,9.625,9.5,9.5,1.297706127166748,27300
9.5,9.625,9.5,9.5,1.297706127166748,21700
9.625,9.625,9.5,9.5,1.297706127166748,27700
9.5,9.625,9.5,9.5,1.297706127166748,35100
9.5,9.625,9.5,9.5,1.297706127166748,22700
9.5,9.625,9.5,9.625,1.314781665802002,25000
9.625,9.625,9.5,9.5,1.297706127166748,24100
9.5,9.5,9.375,9.375,1.289317011833191,44900
9.5,9.625,9.375,9.5,1.30650794506073,22900
9.5,9.5,9.375,9.5,1.30650794506073,23100
9.5,9.5,9.375,9.5,1.30650794506073,19700
9.375,9.5,9.375,9.375,1.289317011833191,29100
9.375,9.5,9.375,9.375,1.289317011833191,23700
9.5,9.5,9.375,9.375,1.289317011833191,22700
9.375,9.5,9.375,9.375,1.289317011833191,51700
9.375,9.5,9.375,9.5,1.30650794506073,27200
9.375,9.5,9.375,9.5,1.30650794506073,40200
9.5,9.5,9.375,9.5,1.30650794506073,21500
9.375,9.375,9.25,9.375,1.289317011833191,30300
9.375,9.375,9.25,9.375,1.289317011833191,23000
9.375,9.375,9.25,9.25,1.2721266746520996,5200
9.25,9.375,9.25,9.25,1.2721266746520996,14700
9.375,9.5,9.25,9.5,1.30650794506073,36900
9.5,9.5,9.375,9.375,1.289317011833191,12600
9.5,9.5,9.375,9.5,1.30650794506073,46000
9.5,9.5,9.375,9.5,1.30650794506073,9400
9.5,9.625,9.375,9.625,1.3236994743347168,28300
9.5,9.625,9.5,9.5,1.30650794506073,13500
9.5,9.5,9.375,9.375,1.2979243993759155,16700
9.375,9.5,9.375,9.375,1.2979243993759155,41700
9.375,9.5,9.375,9.375,1.2979243993759155,29700
9.5,9.5,9.375,9.375,1.2979243993759155,20700
9.375,9.5,9.375,9.375,1.2979243993759155,27600
9.375,9.625,9.375,9.5,1.315229892730713,32300
9.625,9.625,9.375,9.375,1.2979243993759155,22000
9.625,9.625,9.375,9.5,1.315229892730713,39600
9.375,9.5,9.375,9.375,1.2979243993759155,40000
9.375,9.5,9.375,9.375,1.2979243993759155,18600
9.5,9.5,9.375,9.5,1.315229892730713,49000
9.375,9.5,9.375,9.375,1.2979243993759155,31900
9.5,9.5,9.375,9.5,1.315229892730713,23200
9.5,9.5,9.375,9.375,1.2979243993759155,14300
9.375,9.625,9.375,9.625,1.332536220550537,38800
9.625,9.625,9.5,9.625,1.332536220550537,36400
9.5,9.625,9.5,9.5,1.315229892730713,15700
9.5,9.625,9.5,9.625,1.332536220550537,35700
9.625,9.625,9.5,9.5,1.315229892730713,14100
9.625,9.625,9.5,9.625,1.332536220550537,6100
9.5,9.625,9.5,9.5,1.315229892730713,31100
9.5,9.5,9.375,9.375,1.3065892457962036,10800
9.375,9.5,9.375,9.5,1.324010133743286,19200
9.375,9.5,9.375,9.5,1.324010133743286,39900
9.375,9.5,9.375,9.375,1.3065892457962036,20600
9.25,9.375,9.25,9.25,1.2891684770584106,9600
9.25,9.375,9.25,9.25,1.2891684770584106,41100
9.25,9.375,9.25,9.375,1.3065892457962036,22800
9.375,9.375,9.25,9.375,1.3065892457962036,26500
9.25,9.375,9.25,9.25,1.2891684770584106,25800
9.25,9.375,9.25,9.375,1.3065892457962036,30200
9.375,9.375,9.25,9.25,1.2891684770584106,19200
9.25,9.375,9.25,9.375,1.3065892457962036,34300
9.25,9.25,9.125,9.25,1.2891684770584106,19700
9.25,9.25,9.0,9.25,1.2891684770584106,22700
9.25,9.25,9.0,9.125,1.27174711227417,18400
9.0,9.125,9.0,9.125,1.27174711227417,18800
9.125,9.125,9.0,9.0,1.2543256282806396,32100
9.125,9.25,9.125,9.25,1.2891684770584106,22300
9.25,9.25,9.125,9.25,1.2891684770584106,15000
9.25,9.25,9.125,9.25,1.2891684770584106,18100
9.125,9.25,9.125,9.125,1.27174711227417,24400
9.125,9.25,9.125,9.125,1.27174711227417,20500
9.25,9.25,9.125,9.125,1.27174711227417,22600
9.125,9.125,9.0,9.0,1.2630460262298584,44200
9.125,9.25,9.125,9.25,1.2981315851211548,13100
9.25,9.25,9.125,9.25,1.2981315851211548,34100
9.125,9.125,9.0,9.125,1.2805882692337036,18900
9.125,9.125,8.75,8.875,1.245503544807434,128300
8.875,9.0,8.75,8.875,1.245503544807434,51900
8.75,8.875,8.625,8.75,1.2279618978500366,44300
8.625,8.625,8.375,8.375,1.1753352880477903,85500
8.375,8.375,8.0,8.25,1.157791018486023,94700
8.25,8.25,8.0,8.125,1.1402499675750732,70100
8.0,8.25,8.0,8.25,1.157791018486023,96100
8.25,8.5,8.25,8.375,1.1753352880477903,56400
8.5,8.5,8.375,8.375,1.1753352880477903,43600
8.375,8.625,8.375,8.625,1.21042001247406,47000
8.75,8.75,8.5,8.75,1.2279618978500366,35900
8.625,8.75,8.625,8.75,1.2279618978500366,17800
8.625,8.75,8.625,8.75,1.2279618978500366,28300
8.75,8.75,8.625,8.75,1.2279618978500366,28900
8.75,8.75,8.625,8.625,1.21042001247406,20600
8.75,8.875,8.625,8.75,1.2279618978500366,39800
8.625,8.75,8.625,8.625,1.2191981077194214,16300
8.625,8.625,8.5,8.5,1.2015279531478882,43000
8.625,8.625,8.5,8.5,1.2015279531478882,12800
8.625,8.625,8.5,8.625,1.2191981077194214,13400
8.625,8.75,8.5,8.75,1.2368671894073486,47200
8.75,8.75,8.625,8.625,1.2191981077194214,16100
8.625,8.75,8.625,8.75,1.2368671894073486,10200
8.75,8.75,8.625,8.625,1.2191981077194214,40100
8.625,8.75,8.625,8.75,1.2368671894073486,34300
8.625,8.75,8.625,8.75,1.2368671894073486,21400
8.75,8.75,8.5,8.75,1.2368671894073486,33900
8.625,8.625,8.375,8.5,1.2015279531478882,50100
8.5,8.625,8.5,8.625,1.2191981077194214,19300
8.5,8.625,8.5,8.5,1.2015279531478882,28800
8.375,8.625,8.375,8.5,1.2015279531478882,13000
8.375,8.5,8.375,8.375,1.1838583946228027,20500
8.5,8.5,8.375,8.375,1.1838583946228027,30900
8.5,8.5,8.375,8.375,1.1838583946228027,18300
8.25,8.375,8.25,8.375,1.1838583946228027,66400
8.25,8.375,8.25,8.375,1.1838583946228027,40400
8.25,8.375,8.25,8.25,1.166187763214111,47900
8.25,8.375,8.25,8.25,1.166187763214111,48700
8.375,8.375,8.25,8.25,1.174874782562256,50500
8.25,8.375,8.25,8.25,1.174874782562256,32900
8.25,8.5,8.25,8.375,1.1926769018173218,73800
8.375,8.5,8.375,8.375,1.1926769018173218,50700
8.375,8.5,8.375,8.375,1.1926769018173218,53200
8.375,8.5,8.375,8.375,1.1926769018173218,58700
8.375,8.625,8.375,8.625,1.2282811403274536,38000
8.5,8.625,8.5,8.625,1.2282811403274536,68000
8.75,8.75,8.625,8.625,1.2282811403274536,46500
8.5,8.625,8.5,8.625,1.2282811403274536,32300
8.625,8.75,8.625,8.75,1.2460808753967283,10300
8.75,8.75,8.625,8.75,1.2460808753967283,48700
8.75,8.75,8.625,8.75,1.2460808753967283,12900
8.75,8.875,8.625,8.875,1.2638810873031616,82300
8.75,8.75,8.625,8.75,1.2460808753967283,14100
8.625,8.75,8.625,8.75,1.2460808753967283,26500
8.875,8.875,8.75,8.875,1.2638810873031616,44900
8.75,8.875,8.75,8.875,1.2638810873031616,41000
8.75,8.875,8.75,8.875,1.2638810873031616,15300
8.75,9.0,8.75,8.875,1.2638810873031616,49700
8.875,8.875,8.75,8.875,1.2638810873031616,38700
8.75,8.875,8.625,8.75,1.254703164100647,67100
8.625,8.75,8.5,8.625,1.236780047416687,57200
8.625,8.75,8.5,8.625,1.236780047416687,85100
8.5,8.625,8.5,8.625,1.236780047416687,47300
8.625,8.625,8.5,8.625,1.236780047416687,34300
8.625,8.625,8.5,8.625,1.236780047416687,44900
8.5,8.625,8.375,8.5,1.2188550233840942,47700
8.5,8.5,8.375,8.5,1.2188550233840942,27000
8.5,8.5,8.375,8.5,1.2188550233840942,39100
8.5,8.5,8.375,8.5,1.2188550233840942,59300
8.5,8.5,8.375,8.375,1.2009316682815552,8900
8.5,8.5,8.375,8.5,1.2188550233840942,14400
8.5,8.5,8.375,8.5,1.2188550233840942,45700
8.375,8.5,8.25,8.375,1.2009316682815552,85000
8.25,8.375,8.0,8.25,1.183006763458252,87900
8.375,8.5,8.25,8.375,1.2009316682815552,23900
8.5,8.5,8.375,8.375,1.2009316682815552,15400
8.5,8.5,8.375,8.5,1.2188550233840942,28200
8.375,8.5,8.375,8.5,1.2188550233840942,37000
8.375,8.5,8.375,8.5,1.2188550233840942,39500
8.5,8.5,8.375,8.5,1.2188550233840942,33300
8.375,8.5,8.25,8.375,1.2096121311187744,37800
8.375,8.5,8.25,8.25,1.1915576457977295,20600
8.25,8.375,8.25,8.375,1.2096121311187744,48400
8.25,8.375,8.25,8.375,1.2096121311187744,29500
8.375,8.375,8.25,8.375,1.2096121311187744,36200
8.375,8.5,8.25,8.375,1.2096121311187744,33000
8.375,8.5,8.375,8.375,1.2096121311187744,23900
8.375,8.5,8.375,8.5,1.2276649475097656,26500
8.375,8.5,8.375,8.5,1.2276649475097656,16500
8.5,8.5,8.375,8.5,1.2276649475097656,32500
8.5,8.625,8.5,8.625,1.2457199096679688,30500
8.625,8.625,8.5,8.5,1.2276649475097656,20700
8.5,8.75,8.5,8.625,1.2457199096679688,28400
8.625,8.625,8.5,8.5,1.2276649475097656,21700
8.625,8.75,8.5,8.625,1.2457199096679688,37600
8.75,8.875,8.625,8.875,1.2818266153335571,50800
8.75,8.875,8.75,8.75,1.2637728452682495,29800
8.75,8.875,8.75,8.75,1.2637728452682495,16200
8.875,9.0,8.75,9.0,1.2998807430267334,34100
9.0,9.125,8.875,9.0,1.2998807430267334,44000
9.0,9.125,8.875,9.125,1.3179343938827517,25900
9.125,9.25,9.0,9.125,1.3179343938827517,45600
9.0,9.25,9.0,9.0,1.3087748289108276,44500
9.0,9.125,9.0,9.125,1.3269506692886353,39700
9.125,9.25,9.125,9.25,1.345129132270813,25000
9.125,9.25,9.125,9.125,1.3269506692886353,14900
9.25,9.25,9.125,9.25,1.345129132270813,31700
9.25,9.375,9.125,9.375,1.3633058071136477,47000
9.125,9.375,9.125,9.25,1.345129132270813,41300
9.25,9.375,9.25,9.375,1.3633058071136477,24100
9.25,9.375,9.25,9.25,1.345129132270813,17500
9.375,9.375,9.25,9.25,1.345129132270813,34300
9.25,9.375,9.125,9.25,1.345129132270813,48300
9.25,9.25,9.125,9.25,1.345129132270813,23600
9.25,9.25,9.125,9.25,1.345129132270813,19700
9.25,9.25,9.125,9.125,1.3269506692886353,15500
9.125,9.25,8.875,9.0,1.3087748289108276,79000
8.875,9.0,8.875,8.875,1.2905964851379397,57400
9.0,9.0,8.875,8.875,1.2905964851379397,16900
9.0,9.0,8.875,9.0,1.3087748289108276,12700
9.0,9.125,9.0,9.125,1.3360058069229126,29100
9.125,9.375,9.0,9.125,1.3360058069229126,32500
9.125,9.125,9.0,9.0,1.317705750465393,27000
9.125,9.125,9.0,9.125,1.3360058069229126,44900
9.125,9.125,9.0,9.0,1.317705750465393,21400
9.0,9.0,9.0,9.0,1.317705750465393,51400
8.875,9.125,8.875,9.125,1.3360058069229126,33300
9.0,9.125,9.0,9.0,1.317705750465393,27400
9.125,9.125,9.0,9.125,1.3360058069229126,22300
9.125,9.125,8.875,8.875,1.299403429031372,40700
9.0,9.0,8.875,8.875,1.299403429031372,18900
9.0,9.0,8.875,9.0,1.317705750465393,19600
9.0,9.0,8.875,9.0,1.317705750465393,35600
8.875,9.0,8.875,9.0,1.317705750465393,15300
9.0,9.0,8.875,9.0,1.317705750465393,11600
8.875,9.0,8.875,9.0,1.317705750465393,26700
9.0,9.125,8.875,9.125,1.3360058069229126,31500
9.0,9.125,9.0,9.125,1.3360058069229126,50300
9.0,9.125,9.0,9.125,1.3360058069229126,7100
9.125,9.125,9.0,9.125,1.3360058069229126,36100
9.125,9.25,9.0,9.0,1.317705750465393,51900
9.0,9.125,9.0,9.0,1.3266977071762085,24600
9.0,9.125,9.0,9.125,1.3451226949691772,27200
9.0,9.125,9.0,9.125,1.3451226949691772,22600
9.0,9.125,9.0,9.0,1.3266977071762085,54500
9.0,9.125,9.0,9.125,1.3451226949691772,26000
9.125,9.25,9.0,9.125,1.3451226949691772,17600
9.125,9.25,9.125,9.25,1.3635494709014893,39900
9.25,9.25,9.125,9.25,1.3635494709014893,30400
9.25,9.25,9.125,9.125,1.3451226949691772,24000
9.25,9.25,9.125,9.25,1.3635494709014893,19800
9.25,9.25,9.125,9.25,1.3635494709014893,44800
9.25,9.25,9.125,9.125,1.3451226949691772,16000
9.125,9.25,9.125,9.25,1.3635494709014893,19400
9.25,9.25,9.125,9.25,1.3635494709014893,8500
9.25,9.375,9.25,9.25,1.3635494709014893,25300
9.125,9.375,9.125,9.25,1.3635494709014893,38600
9.375,9.375,9.125,9.125,1.3451226949691772,39600
9.125,9.25,9.125,9.25,1.3635494709014893,18700
9.25,9.375,9.125,9.375,1.3819773197174072,27100
9.25,9.375,9.25,9.25,1.3635494709014893,34400
9.25,9.375,9.25,9.375,1.3819773197174072,33300
9.25,9.375,9.125,9.25,1.372480034828186,24200
9.25,9.25,9.125,9.125,1.353932499885559,28700
9.125,9.25,9.125,9.125,1.353932499885559,23400
9.125,9.375,9.125,9.375,1.3910280466079712,17800
9.375,9.375,9.25,9.375,1.3910280466079712,10400
9.25,9.375,9.125,9.125,1.353932499885559,41200
9.125,9.25,9.125,9.125,1.353932499885559,38700
9.125,9.25,9.125,9.25,1.372480034828186,33500
9.25,9.25,9.125,9.125,1.353932499885559,41700
9.25,9.25,9.125,9.125,1.353932499885559,28800
9.25,9.25,9.125,9.125,1.353932499885559,33500
9.25,9.25,9.125,9.125,1.353932499885559,27100
9.25,9.375,9.125,9.375,1.3910280466079712,33600
9.375,9.375,9.25,9.25,1.372480034828186,25900
9.25,9.375,9.25,9.25,1.372480034828186,44600
9.25,9.375,9.25,9.375,1.3910280466079712,18100
9.375,9.375,9.25,9.375,1.3910280466079712,32300
9.25,9.375,9.25,9.25,1.372480034828186,15400
9.375,9.375,9.25,9.375,1.3910280466079712,24600
9.375,9.375,9.25,9.375,1.3910280466079712,62300
9.375,9.5,9.375,9.5,1.4095746278762815,25100
9.5,9.5,9.375,9.375,1.3910280466079712,15900
9.375,9.5,9.25,9.5,1.4095746278762815,24100
9.25,9.5,9.25,9.375,1.399868130683899,64000
9.375,9.375,9.25,9.25,1.3812034130096436,44500
9.375,9.375,9.125,9.25,1.3812034130096436,17400
9.125,9.25,9.125,9.25,1.3812034130096436,5200
9.25,9.25,9.125,9.125,1.3625391721725464,50400
9.125,9.125,9.0,9.0,1.3438743352890017,37500
9.125,9.125,9.0,9.0,1.3438743352890017,38600
9.125,9.125,9.0,9.0,1.3438743352890017,13600
9.0,9.125,9.0,9.125,1.3625391721725464,12000
9.125,9.125,9.0,9.125,1.3625391721725464,19100
9.125,9.125,9.0,9.0,1.3438743352890017,28800
9.0,9.125,9.0,9.125,1.3625391721725464,22800
9.0,9.125,9.0,9.0,1.3438743352890017,20400
9.125,9.125,9.0,9.0,1.3438743352890017,23900
9.125,9.125,9.0,9.0,1.3438743352890017,19400
9.125,9.25,9.0,9.0,1.3438743352890017,28700
9.0,9.125,9.0,9.0,1.3438743352890017,18000
9.0,9.125,9.0,9.0,1.3438743352890017,21900
9.125,9.25,9.0,9.25,1.3812034130096436,36400
9.0,9.125,9.0,9.0,1.352647304534912,31500
9.0,9.125,9.0,9.0,1.352647304534912,38800
9.125,9.25,9.0,9.0,1.352647304534912,13300
9.25,9.25,9.0,9.125,1.371434450149536,21600
9.0,9.25,9.0,9.25,1.3902201652526855,31400
9.125,9.25,9.125,9.25,1.3902201652526855,35900
9.25,9.25,9.0,9.25,1.3902201652526855,67100
9.125,9.25,9.0,9.125,1.371434450149536,38700
9.125,9.25,9.0,9.25,1.3902201652526855,19000
9.125,9.125,9.0,9.0,1.352647304534912,46300
9.0,9.125,9.0,9.0,1.352647304534912,50500
9.125,9.25,9.0,9.125,1.371434450149536,40800
9.125,9.25,9.0,9.25,1.3902201652526855,69200
9.25,9.25,9.125,9.25,1.3902201652526855,54200
9.125,9.25,9.125,9.125,1.371434450149536,27400
9.125,9.25,9.125,9.25,1.3902201652526855,8900
9.125,9.25,9.125,9.125,1.371434450149536,15800
9.25,9.25,9.125,9.125,1.371434450149536,7000
9.125,9.25,9.125,9.25,1.3902201652526855,20100
9.125,9.25,9.125,9.125,1.371434450149536,11300
9.25,9.25,9.125,9.25,1.3902201652526855,13500
9.25,9.375,9.125,9.375,1.409006953239441,38300
9.25,9.375,9.125,9.125,1.3802679777145386,47800
9.25,9.25,9.125,9.125,1.3802679777145386,17300
9.125,9.25,9.0,9.25,1.3991749286651611,30600
9.25,9.375,9.125,9.375,1.4180828332901,33600
9.25,9.375,9.125,9.125,1.3802679777145386,34600
9.25,9.375,9.125,9.125,1.3802679777145386,38700
9.25,9.25,9.125,9.125,1.3802679777145386,38600
9.25,9.25,9.125,9.25,1.3991749286651611,16500
9.25,9.25,9.125,9.25,1.3991749286651611,27600
9.25,9.25,9.125,9.125,1.3802679777145386,21600
9.125,9.25,9.125,9.125,1.3802679777145386,19000
9.125,9.25,9.125,9.125,1.3802679777145386,18300
9.25,9.375,9.125,9.375,1.4180828332901,28800
9.375,9.375,9.25,9.25,1.3991749286651611,7300
9.25,9.375,9.25,9.25,1.3991749286651611,20100
9.25,9.375,9.25,9.25,1.3991749286651611,14400
9.375,9.375,9.125,9.25,1.3991749286651611,20000
9.25,9.25,9.125,9.25,1.3991749286651611,4600
9.125,9.25,9.125,9.125,1.3802679777145386,29200
9.125,9.25,9.125,9.25,1.3991749286651611,43300
9.25,9.375,9.25,9.375,1.4180828332901,40900
9.25,9.375,9.25,9.25,1.3991749286651611,16900
9.375,9.375,9.125,9.125,1.3892804384231567,50800
9.25,9.25,9.125,9.125,1.3892804384231567,17600
9.25,9.25,9.125,9.125,1.3892804384231567,43400
9.25,9.25,9.125,9.125,1.3892804384231567,20300
9.125,9.25,9.0,9.125,1.3892804384231567,20800
9.25,9.25,9.125,9.25,1.4083101749420166,14600
9.125,9.25,9.125,9.125,1.3892804384231567,23500
9.125,9.125,9.0,9.125,1.3892804384231567,29900
9.125,9.125,9.0,9.0,1.3702479600906372,48600
9.125,9.125,9.0,9.125,1.3892804384231567,31800
9.25,9.25,9.0,9.0,1.3702479600906372,17100
9.125,9.125,9.0,9.125,1.3892804384231567,15700
9.125,9.125,9.0,9.0,1.3702479600906372,18500
9.125,9.25,9.125,9.125,1.3892804384231567,13900
9.25,9.25,9.0,9.125,1.3892804384231567,27400
9.0,9.125,9.0,9.0,1.3702479600906372,29800
9.125,9.25,9.0,9.125,1.3892804384231567,26700
9.25,9.25,9.0,9.125,1.3892804384231567,39600
9.125,9.25,9.125,9.25,1.4083101749420166,17000
9.25,9.25,9.0,9.25,1.4083101749420166,51700
9.0,9.125,9.0,9.125,1.3983500003814695,45400
9.125,9.125,9.0,9.0,1.3791941404342651,50600
9.125,9.125,9.0,9.0,1.3791941404342651,29500
9.0,9.125,9.0,9.0,1.3791941404342651,64400
9.0,9.125,9.0,9.125,1.3983500003814695,33200
9.125,9.25,9.0,9.125,1.3983500003814695,10400
9.25,9.25,9.125,9.125,1.3983500003814695,16000
9.25,9.25,9.125,9.25,1.417505145072937,13900
9.25,9.25,9.125,9.25,1.417505145072937,13900
9.125,9.25,9.125,9.125,1.3983500003814695,18700
9.25,9.25,9.125,9.125,1.3983500003814695,22500
9.25,9.25,9.125,9.125,1.3983500003814695,44100
9.25,9.25,9.125,9.25,1.417505145072937,19900
9.25,9.25,9.125,9.125,1.3983500003814695,13200
9.125,9.25,9.125,9.25,1.417505145072937,17600
9.125,9.25,9.125,9.25,1.417505145072937,27800
9.125,9.25,9.125,9.125,1.3983500003814695,23800
9.125,9.25,9.125,9.25,1.417505145072937,14200
9.25,9.25,9.125,9.125,1.3983500003814695,16100
9.0,9.25,9.0,9.0,1.3791941404342651,31800
9.125,9.25,9.0,9.125,1.3983500003814695,22000
9.125,9.25,9.0,9.125,1.3983500003814695,49600
9.0,9.25,9.0,9.25,1.417505145072937,37100
9.125,9.25,9.0,9.25,1.4267603158950806,10900
9.0,9.25,9.0,9.0,1.3881980180740356,39900
9.125,9.125,9.0,9.0,1.3881980180740356,21600
9.0,9.125,9.0,9.125,1.4074796438217163,49200
9.125,9.125,9.0,9.0,1.3881980180740356,39100
9.0,9.125,9.0,9.125,1.4074796438217163,47800
9.125,9.125,9.0,9.125,1.4074796438217163,13600
9.0,9.125,9.0,9.125,1.4074796438217163,14600
9.0,9.125,9.0,9.125,1.4074796438217163,23700
9.0,9.125,9.0,9.0,1.3881980180740356,26800
9.0,9.125,9.0,9.125,1.4074796438217163,40900
9.125,9.125,9.0,9.125,1.4074796438217163,27700
9.0,9.125,9.0,9.0,1.3881980180740356,54300
9.0,9.125,8.875,9.0,1.3881980180740356,47000
8.875,9.0,8.875,8.875,1.3689180612564087,20200
9.0,9.0,8.875,9.0,1.3881980180740356,22000
8.875,9.0,8.875,8.875,1.3689180612564087,41400
9.0,9.0,8.875,9.0,1.3881980180740356,48500
9.0,9.0,8.875,9.0,1.3881980180740356,24800
9.0,9.125,8.875,9.0,1.3881980180740356,33600
9.0,9.0,8.875,8.875,1.3781055212020874,60400
8.875,9.0,8.875,9.0,1.3975149393081665,20200
9.0,9.0,8.875,8.875,1.3781055212020874,50600
8.875,9.0,8.875,9.0,1.3975149393081665,52500
9.0,9.0,8.875,8.875,1.3781055212020874,46100
9.0,9.0,8.875,9.0,1.3975149393081665,44700
9.0,9.0,8.75,8.75,1.3586955070495603,60600
8.875,9.0,8.75,8.875,1.3781055212020874,63300
8.75,8.875,8.75,8.875,1.3781055212020874,94600
8.875,8.875,8.75,8.875,1.3781055212020874,42600
8.75,8.875,8.25,8.875,1.3781055212020874,39100
9.0,9.0,8.875,8.875,1.3781055212020874,18400
8.875,9.0,8.875,8.875,1.3781055212020874,15800
8.875,9.0,8.875,8.875,1.3781055212020874,21600
8.875,9.0,8.75,8.875,1.3781055212020874,46800
9.0,9.0,8.875,8.875,1.3781055212020874,54300
9.0,9.0,8.875,9.0,1.3975149393081665,24000
9.0,9.0,8.875,8.875,1.3781055212020874,52100
9.0,9.0,8.875,9.0,1.3975149393081665,24500
8.875,9.0,8.875,9.0,1.3975149393081665,28600
8.875,9.125,8.875,9.0,1.3975149393081665,82800
9.125,9.125,9.0,9.125,1.4169257879257202,46700
9.0,9.125,9.0,9.125,1.4263039827346802,30400
9.0,9.125,9.0,9.125,1.4263039827346802,20200
9.125,9.125,9.0,9.125,1.4263039827346802,37600
9.0,9.125,9.0,9.125,1.4263039827346802,69400
9.0,9.125,9.0,9.125,1.4263039827346802,22200
9.0,9.125,9.0,9.0,1.4067648649215698,18600
9.0,9.25,9.0,9.25,1.4458425045013428,51700
9.25,9.25,9.125,9.25,1.4458425045013428,40000
9.25,9.25,9.125,9.125,1.4263039827346802,32600
9.25,9.25,9.125,9.125,1.4263039827346802,37100
9.125,9.375,9.125,9.25,1.4458425045013428,50500
9.25,9.25,9.125,9.25,1.4458425045013428,21400
9.125,9.375,9.125,9.25,1.4458425045013428,26300
9.25,9.375,9.0,9.125,1.4263039827346802,21100
9.125,9.25,9.125,9.125,1.4263039827346802,64300
9.125,9.125,9.0,9.0,1.4067648649215698,63500
9.125,9.125,9.0,9.125,1.4263039827346802,23200
9.125,9.125,9.0,9.0,1.4067648649215698,88100
9.125,9.125,9.0,9.125,1.4263039827346802,35700
9.125,9.25,9.0,9.125,1.4263039827346802,69300
9.125,9.25,9.0,9.125,1.4263039827346802,54700
9.125,9.125,9.0,9.0,1.4160767793655396,26800
9.0,9.125,9.0,9.0,1.4160767793655396,18600
9.125,9.25,9.0,9.125,1.4357439279556274,30600
9.0,9.125,9.0,9.125,1.4357439279556274,33300
9.125,9.125,9.0,9.125,1.4357439279556274,29800
9.0,9.125,9.0,9.125,1.4357439279556274,29300
9.0,9.25,9.0,9.125,1.4357439279556274,54600
9.125,9.25,9.0,9.125,1.4357439279556274,36500
9.0,9.25,9.0,9.25,1.4554131031036377,42200
9.125,9.25,9.0,9.25,1.4554131031036377,9400
9.125,9.25,9.125,9.25,1.4554131031036377,50500
9.25,9.25,9.125,9.125,1.4357439279556274,19700
9.125,9.25,9.125,9.25,1.4554131031036377,30400
9.125,9.25,9.125,9.25,1.4554131031036377,30000
9.25,9.25,9.125,9.125,1.4357439279556274,17600
9.125,9.25,9.125,9.125,1.4357439279556274,32900
9.125,9.375,9.125,9.375,1.4750792980194092,36100
9.25,9.375,9.25,9.375,1.4750792980194092,40700
9.375,9.375,9.125,9.25,1.4554131031036377,13700
9.375,9.375,9.25,9.375,1.4750792980194092,20500
9.125,9.25,9.125,9.125,1.4449926614761353,32300
9.25,9.375,9.125,9.375,1.484580159187317,35900
9.25,9.25,9.125,9.25,1.4647871255874634,26400
9.125,9.25,9.125,9.25,1.4647871255874634,14300
9.25,9.375,9.125,9.25,1.4647871255874634,27600
9.125,9.25,9.125,9.25,1.4647871255874634,25700
9.25,9.25,9.125,9.25,1.4647871255874634,30200
9.125,9.25,9.125,9.25,1.4647871255874634,19800
9.25,9.25,9.125,9.125,1.4449926614761353,38000
9.125,9.25,9.125,9.125,1.4449926614761353,38300
9.25,9.25,9.125,9.125,1.4449926614761353,22500
9.25,9.25,9.125,9.25,1.4647871255874634,36200
9.25,9.375,9.125,9.25,1.4647871255874634,38000
9.25,9.375,9.125,9.125,1.4449926614761353,22600
9.25,9.25,9.125,9.125,1.4449926614761353,28100
9.125,9.375,9.125,9.375,1.484580159187317,27700
9.375,9.375,9.125,9.125,1.4449926614761353,16300
9.25,9.375,9.125,9.25,1.4647871255874634,24600
9.375,9.375,9.25,9.25,1.4647871255874634,38400
9.25,9.25,9.125,9.125,1.4449926614761353,23900
9.25,9.375,9.25,9.375,1.484580159187317,37200
9.375,9.375,9.25,9.25,1.4647871255874634,31000
9.125,9.25,9.125,9.25,1.474351167678833,21500
9.125,9.375,9.125,9.25,1.474351167678833,29900
9.25,9.375,9.25,9.25,1.474351167678833,14900
9.25,9.375,9.25,9.25,1.474351167678833,36200
9.375,9.375,9.25,9.375,1.49427330493927,25900
9.25,9.375,9.25,9.375,1.49427330493927,35100
9.25,9.375,9.25,9.25,1.474351167678833,35100
9.375,9.375,9.25,9.375,1.49427330493927,51000
9.375,9.375,9.25,9.375,1.49427330493927,24300
9.375,9.375,9.25,9.375,1.49427330493927,33200
9.375,9.5,9.375,9.5,1.5141968727111816,12200
9.5,9.5,9.375,9.375,1.49427330493927,17200
9.5,9.5,9.375,9.375,1.49427330493927,14400
9.5,9.5,9.375,9.5,1.5141968727111816,24600
9.375,9.5,9.375,9.375,1.49427330493927,24300
9.5,9.5,9.375,9.375,1.49427330493927,24300
9.5,9.5,9.375,9.375,1.49427330493927,21800
9.5,9.5,9.375,9.5,1.5141968727111816,14300
9.375,9.5,9.375,9.375,1.49427330493927,35400
9.5,9.5,9.375,9.5,1.5141968727111816,48300
9.5,9.5,9.375,9.5,1.5141968727111816,44100
9.375,9.5,9.375,9.375,1.5037717819213867,20100
9.5,9.625,9.5,9.5,1.5238230228424072,22800
9.625,9.625,9.375,9.5,1.5238230228424072,38900
9.625,9.625,9.5,9.5,1.5238230228424072,61000
9.625,9.625,9.375,9.5,1.5238230228424072,37700
9.5,9.625,9.375,9.375,1.5037717819213867,30000
9.5,9.5,9.375,9.375,1.5037717819213867,48100
9.375,9.5,9.375,9.375,1.5037717819213867,41500
9.5,9.5,9.375,9.375,1.5037717819213867,51600
9.5,9.625,9.375,9.625,1.543872594833374,15100
9.625,9.625,9.375,9.5,1.5238230228424072,30800
9.5,9.5,9.375,9.375,1.5037717819213867,22700
9.5,9.5,9.375,9.5,1.5238230228424072,31400
9.5,9.5,9.375,9.375,1.5037717819213867,54100
9.5,9.5,9.375,9.5,1.5238230228424072,30200
9.375,9.625,9.375,9.625,1.543872594833374,15400
9.625,9.625,9.5,9.5,1.5238230228424072,31200
9.5,9.625,9.5,9.625,1.543872594833374,27100
9.625,9.625,9.5,9.5,1.5238230228424072,27900
9.5,9.75,9.5,9.75,1.563924789428711,60500
9.625,9.625,9.5,9.5,1.5332579612731934,56800
9.625,9.625,9.5,9.625,1.553431272506714,36300
9.625,9.625,9.5,9.5,1.5332579612731934,30100
9.5,9.625,9.5,9.625,1.553431272506714,24200
9.5,9.625,9.5,9.5,1.5332579612731934,19000
9.5,9.625,9.5,9.625,1.553431272506714,35400
9.625,9.625,9.5,9.625,1.553431272506714,45100
9.625,9.625,9.5,9.5,1.5332579612731934,96300
9.625,9.625,9.5,9.5,1.5332579612731934,29800
9.625,9.625,9.5,9.5,1.5332579612731934,18300
9.625,9.625,9.5,9.625,1.553431272506714,72800
9.5,9.75,9.5,9.625,1.553431272506714,50400
9.625,9.75,9.5,9.625,1.553431272506714,23700
9.625,9.75,9.625,9.75,1.573607325553894,20500
9.625,9.75,9.5,9.625,1.553431272506714,43100
9.5,9.75,9.5,9.75,1.573607325553894,32400
9.75,9.75,9.625,9.625,1.553431272506714,28600
9.75,9.75,9.625,9.75,1.573607325553894,14500
9.75,9.75,9.625,9.625,1.553431272506714,19100
9.625,9.75,9.625,9.75,1.573607325553894,54600
9.75,9.75,9.625,9.625,1.553431272506714,15800
9.75,9.75,9.625,9.75,1.583478331565857,26600
9.625,9.75,9.625,9.625,1.5631752014160156,32300
9.625,9.875,9.625,9.875,1.6037756204605105,28100
9.875,9.875,9.75,9.75,1.583478331565857,66000
9.75,9.75,9.625,9.75,1.583478331565857,50400
9.75,9.75,9.625,9.75,1.583478331565857,27600
9.75,9.875,9.625,9.75,1.583478331565857,34400
9.75,9.75,9.625,9.625,1.5631752014160156,62000
9.625,9.75,9.625,9.75,1.583478331565857,43700
9.75,9.75,9.625,9.75,1.583478331565857,55300
9.75,9.75,9.625,9.625,1.5631752014160156,35800
9.75,9.75,9.625,9.625,1.5631752014160156,30700
9.625,9.75,9.625,9.75,1.583478331565857,70100
9.625,9.875,9.625,9.875,1.6037756204605105,30800
9.75,9.875,9.75,9.875,1.6037756204605105,27100
9.75,9.875,9.75,9.875,1.6037756204605105,28600
9.75,9.875,9.75,9.75,1.583478331565857,47300
9.875,9.875,9.75,9.875,1.6037756204605105,39400
9.875,10.0,9.875,10.0,1.6240777969360352,55900
9.875,10.0,9.875,9.875,1.6037756204605105,41800
10.0,10.0,9.75,9.875,1.6037756204605105,55600
9.875,9.875,9.75,9.875,1.6037756204605105,42500
9.75,9.875,9.75,9.875,1.6134153604507446,39200
9.875,9.875,9.75,9.875,1.6134153604507446,20100
9.875,10.0,9.75,9.875,1.6134153604507446,41000
9.75,9.875,9.75,9.75,1.5929962396621704,20100
9.875,9.875,9.75,9.875,1.6134153604507446,22600
9.875,9.875,9.75,9.75,1.5929962396621704,36600
9.75,9.875,9.75,9.875,1.6134153604507446,34400
9.75,9.875,9.75,9.875,1.6134153604507446,29400
9.875,9.875,9.75,9.75,1.5929962396621704,43300
9.875,9.875,9.75,9.75,1.5929962396621704,37700
9.875,9.875,9.75,9.875,1.6134153604507446,58400
9.75,9.875,9.625,9.625,1.57257080078125,51100
9.75,9.75,9.5,9.625,1.57257080078125,38900
9.5,9.75,9.5,9.75,1.5929962396621704,31900
9.75,9.75,9.625,9.75,1.5929962396621704,24300
9.75,9.75,9.5,9.5,1.5521481037139893,63800
9.625,9.75,9.5,9.75,1.5929962396621704,13700
9.75,9.75,9.5,9.75,1.5929962396621704,36400
9.625,9.75,9.625,9.75,1.5929962396621704,28800
9.625,9.75,9.625,9.625,1.57257080078125,24700
9.75,9.875,9.625,9.75,1.5929962396621704,70300
9.625,9.75,9.625,9.75,1.6026945114135742,34400
9.75,9.75,9.625,9.625,1.5821444988250732,25400
9.625,9.75,9.625,9.75,1.6026945114135742,31800
9.625,9.75,9.625,9.75,1.6026945114135742,23500
9.75,9.75,9.625,9.75,1.6026945114135742,21500
9.625,9.75,9.625,9.625,1.5821444988250732,32900
9.75,9.75,9.5,9.5,1.5615981817245483,32000
9.5,9.625,9.5,9.5,1.5615981817245483,48100
9.5,9.625,9.5,9.5,1.5615981817245483,76300
9.625,9.625,9.375,9.5,1.5615981817245483,8100
9.375,9.5,9.375,9.375,1.541050672531128,28500
9.375,9.5,9.375,9.375,1.541050672531128,14400
9.25,9.375,9.25,9.25,1.5205025672912598,31100
9.375,9.5,9.25,9.375,1.541050672531128,20400
9.375,9.5,9.375,9.5,1.5615981817245483,19000
9.375,9.5,9.375,9.5,1.5615981817245483,11100
9.5,9.5,9.375,9.5,1.5615981817245483,8200
9.5,9.5,9.375,9.5,1.5615981817245483,14700
9.5,9.5,9.25,9.375,1.541050672531128,51100
9.5,9.5,9.25,9.375,1.541050672531128,49600
9.375,9.375,9.25,9.25,1.5205025672912598,25100
9.25,9.25,9.0,9.0,1.4889060258865356,55800
9.0,9.125,8.875,9.0,1.4889060258865356,42000
9.0,9.0,8.875,9.0,1.4889060258865356,32900
8.875,9.0,8.875,9.0,1.4889060258865356,42400
9.0,9.0,8.875,8.875,1.4682265520095823,55900
9.0,9.0,8.875,8.875,1.4682265520095823,32600
9.0,9.0,8.625,8.625,1.4268674850463867,82000
8.75,8.75,8.625,8.625,1.4268674850463867,36800
8.625,8.75,8.5,8.5,1.4061890840530396,56400
8.625,8.625,8.375,8.625,1.4268674850463867,66100
8.5,8.75,8.5,8.75,1.4475469589233398,25800
8.875,8.875,8.75,8.875,1.4682265520095823,25900
8.875,9.0,8.75,9.0,1.4889060258865356,17500
8.875,9.0,8.875,9.0,1.4889060258865356,8900
9.0,9.0,8.875,8.875,1.4682265520095823,18900
9.0,9.0,8.875,9.0,1.4889060258865356,26700
9.0,9.0,8.875,9.0,1.4889060258865356,31500
9.125,9.125,9.0,9.0,1.4889060258865356,17300
9.125,9.125,9.0,9.125,1.509584665298462,22300
9.125,9.125,9.0,9.0,1.4889060258865356,23900
9.0,9.125,9.0,9.0,1.4889060258865356,26500
9.125,9.125,9.0,9.0,1.4889060258865356,31600
9.0,9.125,8.875,9.125,1.5193766355514526,20200
9.125,9.125,9.0,9.125,1.5193766355514526,20600
9.125,9.125,9.0,9.0,1.4985631704330444,15700
9.125,9.125,8.875,9.0,1.4985631704330444,24300
8.875,9.0,8.875,8.875,1.477749228477478,15800
8.875,9.0,8.75,9.0,1.4985631704330444,31300
8.875,9.0,8.875,8.875,1.477749228477478,39500
8.875,9.0,8.75,8.875,1.477749228477478,30800
8.875,9.0,8.75,8.875,1.477749228477478,30000
9.0,9.0,8.875,8.875,1.477749228477478,20000
8.875,9.0,8.875,9.0,1.4985631704330444,13800
9.0,9.0,8.75,8.75,1.4569354057312012,45700
8.875,8.875,8.75,8.875,1.477749228477478,15400
8.875,8.875,8.75,8.875,1.477749228477478,7100
8.875,9.0,8.875,9.0,1.4985631704330444,60900
9.125,9.125,8.875,9.0,1.4985631704330444,24900
9.125,9.125,9.0,9.0,1.4985631704330444,15400
9.125,9.125,9.0,9.0,1.4985631704330444,19900
9.125,9.125,9.0,9.125,1.5193766355514526,27100
9.125,9.125,9.0,9.0,1.4985631704330444,32200
9.0,9.125,9.0,9.125,1.5193766355514526,50200
9.0,9.0,8.875,8.875,1.487202525138855,42200
8.875,9.0,8.75,8.75,1.466256022453308,83400
8.875,8.875,8.75,8.875,1.487202525138855,20100
8.875,8.875,8.75,8.75,1.466256022453308,32100
8.75,8.875,8.625,8.625,1.4453094005584717,40500
8.75,8.75,8.625,8.75,1.466256022453308,39200
8.75,8.75,8.5,8.75,1.466256022453308,45100
8.75,8.75,8.625,8.75,1.466256022453308,51800
8.625,8.75,8.5,8.75,1.466256022453308,38800
8.5,8.625,8.5,8.5,1.4243628978729248,86000
8.5,8.625,8.375,8.5,1.4243628978729248,29600
8.5,8.625,8.375,8.5,1.4243628978729248,30900
8.5,8.625,8.375,8.5,1.4243628978729248,53600
8.375,8.625,8.375,8.5,1.4243628978729248,38900
8.375,8.5,8.375,8.375,1.4034175872802734,60500
8.375,8.5,8.375,8.5,1.4243628978729248,72300
8.5,8.625,8.5,8.625,1.4453094005584717,56000
8.625,8.875,8.5,8.875,1.487202525138855,46800
8.75,8.875,8.75,8.875,1.487202525138855,19800
8.875,9.0,8.875,9.0,1.50814950466156,38600
9.0,9.0,8.875,9.0,1.50814950466156,35500
8.875,9.0,8.875,8.875,1.497016668319702,51400
8.875,9.0,8.875,9.0,1.5181005001068115,18700
9.0,9.0,8.875,9.0,1.5181005001068115,18700
9.0,9.125,8.875,9.0,1.5181005001068115,30000
9.125,9.125,8.875,8.875,1.497016668319702,29600
8.875,9.0,8.875,9.0,1.5181005001068115,22200
9.0,9.0,8.875,9.0,1.5181005001068115,54600
8.875,9.125,8.875,9.125,1.5391863584518433,12700
9.125,9.125,9.0,9.0,1.5181005001068115,42200
9.125,9.125,9.0,9.0,1.5181005001068115,38500
9.0,9.125,9.0,9.0,1.5181005001068115,17400
9.125,9.25,9.0,9.0,1.5181005001068115,31100
9.125,9.125,9.0,9.0,1.5181005001068115,22300
9.125,9.125,9.0,9.125,1.5391863584518433,11500
9.125,9.125,9.0,9.0,1.5181005001068115,31500
9.125,9.25,9.0,9.25,1.560270071029663,34500
9.25,9.25,9.125,9.25,1.560270071029663,29800
9.125,9.375,9.125,9.25,1.560270071029663,50900
9.25,9.375,9.25,9.375,1.5813554525375366,30900
9.375,9.375,9.25,9.375,1.5813554525375366,34700
9.375,9.625,9.375,9.5,1.602439284324646,80900
9.5,9.5,9.25,9.25,1.5700204372406006,46000
9.375,9.375,9.25,9.25,1.5700204372406006,26100
9.375,9.375,9.25,9.375,1.591238260269165,25500
9.375,9.375,9.25,9.25,1.5700204372406006,11400
9.375,9.5,9.25,9.5,1.6124542951583862,49300
9.5,9.625,9.375,9.5,1.6124542951583862,36400
9.625,9.625,9.5,9.625,1.6336705684661863,58000
9.625,9.625,9.5,9.625,1.6336705684661863,43300
9.625,9.625,9.5,9.5,1.6124542951583862,25900
9.625,9.75,9.5,9.625,1.6336705684661863,50200
9.625,9.75,9.625,9.75,1.6548885107040403,37200
9.75,9.75,9.625,9.75,1.6548885107040403,42200
9.75,9.75,9.625,9.625,1.6336705684661863,20700
9.625,9.75,9.625,9.75,1.6548885107040403,56700
9.75,9.75,9.625,9.75,1.6548885107040403,24800
9.625,9.75,9.625,9.75,1.6548885107040403,38200
9.75,9.75,9.625,9.625,1.6336705684661863,38100
9.625,9.75,9.625,9.75,1.6548885107040403,34900
9.75,9.875,9.625,9.625,1.6336705684661863,49200
9.625,9.75,9.625,9.75,1.6649209260940552,36600
9.75,9.75,9.625,9.75,1.6649209260940552,40300
9.625,9.75,9.625,9.75,1.6649209260940552,19700
9.625,9.75,9.625,9.625,1.6435750722885132,22700
9.625,9.75,9.625,9.625,1.6435750722885132,24100
9.75,9.75,9.625,9.625,1.6435750722885132,15400
9.625,9.75,9.625,9.75,1.6649209260940552,24900
9.75,9.75,9.625,9.625,1.6435750722885132,39100
9.625,9.875,9.625,9.75,1.6649209260940552,35800
9.75,9.875,9.75,9.75,1.6649209260940552,25500
9.875,9.875,9.75,9.875,1.6862634420394895,11800
9.875,9.875,9.625,9.75,1.6649209260940552,25600
9.75,9.75,9.625,9.75,1.6649209260940552,20900
9.75,9.75,9.625,9.625,1.6435750722885132,48600
9.625,9.75,9.625,9.625,1.6435750722885132,41500
9.625,9.75,9.5,9.75,1.6649209260940552,27200
9.625,9.75,9.5,9.5,1.6222302913665771,24700
9.625,9.625,9.5,9.625,1.6435750722885132,29200
9.5,9.625,9.5,9.5,1.6222302913665771,15900
9.625,9.625,9.5,9.625,1.6435750722885132,13500
9.625,9.625,9.5,9.5,1.6222302913665771,17600
9.5,9.5,9.375,9.375,1.6008847951889038,30600
9.5,9.5,9.375,9.375,1.6108514070510864,20400
9.5,9.5,9.375,9.375,1.6108514070510864,17900
9.5,9.5,9.375,9.5,1.632328987121582,13900
9.375,9.5,9.375,9.5,1.632328987121582,28300
9.5,9.5,9.375,9.375,1.6108514070510864,11000
9.5,9.5,9.375,9.375,1.6108514070510864,34800
9.5,9.5,9.375,9.375,1.6108514070510864,29000
9.375,9.5,9.375,9.375,1.6108514070510864,38000
9.5,9.5,9.375,9.375,1.6108514070510864,46700
9.5,9.5,9.375,9.375,1.6108514070510864,34100
9.5,9.5,9.375,9.5,1.632328987121582,26700
9.5,9.625,9.375,9.5,1.632328987121582,46800
9.375,9.625,9.375,9.5,1.632328987121582,20100
9.5,9.625,9.5,9.5,1.632328987121582,22200
9.5,9.625,9.5,9.625,1.653806447982788,20400
9.625,9.625,9.5,9.625,1.653806447982788,19700
9.5,9.625,9.5,9.5,1.632328987121582,15900
9.625,9.625,9.5,9.625,1.653806447982788,24300
9.5,9.625,9.375,9.625,1.653806447982788,24200
9.625,9.625,9.5,9.625,1.653806447982788,26900
9.5,9.625,9.375,9.375,1.6108514070510864,29100
9.375,9.5,9.375,9.5,1.642490267753601,18900
9.5,9.5,9.375,9.375,1.620877742767334,20700
9.5,9.625,9.375,9.625,1.6641008853912354,32000
9.5,9.625,9.5,9.625,1.6641008853912354,18200
9.5,9.625,9.5,9.625,1.6641008853912354,23400
9.5,9.625,9.5,9.625,1.6641008853912354,38700
9.5,9.625,9.5,9.625,1.6641008853912354,26500
9.625,9.625,9.375,9.375,1.620877742767334,56500
9.5,9.5,9.375,9.5,1.642490267753601,6300
9.625,9.625,9.375,9.5,1.642490267753601,20000
9.375,9.5,9.375,9.5,1.642490267753601,31400
9.375,9.5,9.375,9.375,1.620877742767334,45800
9.5,9.5,9.375,9.5,1.642490267753601,23200
9.5,9.5,9.375,9.5,1.642490267753601,23100
9.375,9.5,9.375,9.5,1.642490267753601,15800
9.5,9.5,9.375,9.375,1.620877742767334,59900
9.375,9.5,9.375,9.375,1.620877742767334,38000
9.375,9.5,9.375,9.375,1.620877742767334,21200
9.375,9.625,9.375,9.625,1.6641008853912354,28300
9.5,9.625,9.375,9.5,1.642490267753601,19600
9.625,9.625,9.5,9.625,1.6641008853912354,12800
9.5,9.5,9.375,9.5,1.6526206731796265,19000
9.5,9.5,9.375,9.5,1.6526206731796265,22600
9.5,9.5,9.375,9.5,1.6526206731796265,11700
9.5,9.625,9.375,9.625,1.6743648052215576,15200
9.625,9.625,9.375,9.625,1.6743648052215576,32700
9.5,9.625,9.5,9.5,1.6526206731796265,23900
9.625,9.625,9.5,9.5,1.6526206731796265,16500
9.5,9.625,9.5,9.5,1.6526206731796265,27700
9.5,9.625,9.5,9.625,1.6743648052215576,6000
9.625,9.625,9.5,9.5,1.6526206731796265,67300
9.625,9.625,9.5,9.625,1.6743648052215576,23500
9.625,9.625,9.5,9.5,1.6526206731796265,10500
9.625,9.625,9.5,9.625,1.6743648052215576,13300
9.625,9.75,9.5,9.75,1.6961106061935425,47400
9.625,9.75,9.625,9.625,1.6743648052215576,24900
9.5,9.75,9.5,9.75,1.6961106061935425,16600
9.625,9.75,9.625,9.75,1.6961106061935425,23700
9.75,9.75,9.5,9.625,1.6743648052215576,37900
9.625,9.75,9.625,9.625,1.6743648052215576,20800
9.75,9.75,9.625,9.75,1.6961106061935425,29900
9.75,9.875,9.625,9.875,1.7178552150726318,63600
9.875,9.875,9.75,9.875,1.7281802892684937,37800
9.875,9.875,9.75,9.875,1.7281802892684937,68100
9.75,9.875,9.75,9.75,1.7063044309616089,38500
9.75,9.875,9.625,9.75,1.7063044309616089,22200
9.75,9.875,9.75,9.75,1.7063044309616089,26300
9.75,9.875,9.75,9.875,1.7281802892684937,19000
9.75,9.875,9.75,9.75,1.7063044309616089,10900
9.75,9.875,9.75,9.75,1.7063044309616089,15800
9.75,9.875,9.75,9.75,1.7063044309616089,31500
9.875,9.875,9.75,9.75,1.7063044309616089,12200
9.75,9.875,9.75,9.75,1.7063044309616089,6800
9.875,9.875,9.75,9.875,1.7281802892684937,35200
9.75,9.875,9.75,9.875,1.7281802892684937,18900
9.875,9.875,9.75,9.75,1.7063044309616089,25500
9.875,9.875,9.75,9.875,1.7281802892684937,23800
9.875,9.875,9.75,9.75,1.7063044309616089,22900
9.875,9.875,9.75,9.875,1.7281802892684937,13200
9.875,9.875,9.75,9.875,1.7281802892684937,23000
9.875,9.875,9.75,9.875,1.7281802892684937,20900
9.875,9.875,9.75,9.875,1.7281802892684937,12600
9.75,9.875,9.75,9.875,1.7281802892684937,20200
9.75,9.875,9.75,9.75,1.7063044309616089,82200
9.75,9.875,9.625,9.75,1.716516137123108,65100
9.75,9.875,9.75,9.75,1.716516137123108,20700
9.875,9.875,9.75,9.75,1.716516137123108,24400
9.75,9.875,9.75,9.875,1.7385225296020508,39200
9.75,9.875,9.75,9.75,1.716516137123108,47500
9.875,9.875,9.75,9.875,1.7385225296020508,42500
9.875,9.875,9.75,9.75,1.716516137123108,23000
9.875,9.875,9.75,9.875,1.7385225296020508,54600
9.875,9.875,9.75,9.875,1.7385225296020508,22600
9.75,10.0,9.75,9.875,1.7385225296020508,56200
9.875,9.875,9.875,9.875,1.7385225296020508,20500
9.875,10.0,9.875,10.0,1.7605301141738892,17700
10.0,10.0,9.875,10.0,1.7605301141738892,10600
10.0,10.0,9.875,9.875,1.7385225296020508,35000
9.875,10.0,9.875,9.875,1.7385225296020508,28700
9.875,10.0,9.875,9.875,1.7385225296020508,20600
9.875,10.0,9.75,9.875,1.7385225296020508,34300
10.0,10.0,9.75,9.75,1.716516137123108,59800
9.75,9.875,9.625,9.75,1.716516137123108,57900
9.625,9.75,9.625,9.75,1.716516137123108,27100
9.625,9.875,9.625,9.75,1.716516137123108,27700
9.75,9.75,9.625,9.625,1.7046505212783811,21300
9.75,9.75,9.625,9.625,1.7046505212783811,24000
9.75,9.75,9.625,9.75,1.7267881631851196,20500
9.625,9.75,9.625,9.75,1.7267881631851196,49500
9.625,9.75,9.625,9.625,1.7046505212783811,50000
9.75,9.875,9.75,9.875,1.7489261627197266,43600
9.875,9.875,9.75,9.75,1.7267881631851196,28700
9.75,9.875,9.75,9.75,1.7267881631851196,23000
9.75,9.875,9.75,9.75,1.7267881631851196,70900
9.875,10.0,9.75,9.875,1.7489261627197266,71300
10.0,10.0,9.875,9.875,1.7489261627197266,19400
10.0,10.0,9.875,10.0,1.7710660696029663,11800
9.875,10.0,9.75,10.0,1.7710660696029663,18600
9.75,10.0,9.75,9.875,1.7489261627197266,38500
9.875,10.0,9.75,9.875,1.7489261627197266,23100
9.75,9.875,9.75,9.75,1.7267881631851196,26100
9.875,9.875,9.75,9.875,1.7489261627197266,11100
9.75,10.0,9.75,10.0,1.7710660696029663,11000
9.875,10.0,9.875,9.875,1.7489261627197266,47900
10.0,10.0,9.875,10.0,1.7710660696029663,18400
10.0,10.0,9.875,9.875,1.7489261627197266,45000
9.875,10.0,9.875,10.0,1.7815285921096802,12600
9.875,10.0,9.875,10.0,1.7815285921096802,24300
9.875,10.0,9.875,10.0,1.7815285921096802,31300
10.0,10.0,9.875,10.0,1.7815285921096802,32500
10.0,10.0,9.875,9.875,1.7592589855194092,28900
9.875,10.0,9.875,9.875,1.7592589855194092,20500
10.0,10.0,9.875,9.875,1.7592589855194092,10300
10.0,10.0,9.875,10.0,1.7815285921096802,55400
9.875,10.0,9.875,9.875,1.7592589855194092,9400
9.875,10.0,9.875,10.0,1.7815285921096802,55600
9.875,10.0,9.875,10.0,1.7815285921096802,8600
10.0,10.0,9.875,9.875,1.7592589855194092,31100
9.875,10.0,9.875,9.875,1.7592589855194092,29900
9.875,10.0,9.875,9.875,1.7592589855194092,22200
9.875,10.0,9.875,10.0,1.7815285921096802,20800
9.875,10.0,9.875,10.0,1.7815285921096802,24800
9.875,10.0,9.875,10.0,1.7815285921096802,51900
9.875,10.0,9.875,9.875,1.7592589855194092,35800
9.875,10.0,9.875,9.875,1.7592589855194092,10400
9.875,10.0,9.875,9.875,1.7592589855194092,30300
10.0,10.0,9.875,9.875,1.7592589855194092,51700
9.875,9.875,9.75,9.75,1.7472535371780396,22900
9.875,9.875,9.75,9.875,1.7696527242660522,42400
9.75,10.0,9.75,9.875,1.7696527242660522,22400
9.875,10.0,9.75,9.75,1.7472535371780396,13300
9.75,10.0,9.75,9.875,1.7696527242660522,23000
9.75,10.0,9.75,9.875,1.7696527242660522,18300
9.875,10.0,9.75,9.75,1.7472535371780396,27800
9.875,9.875,9.75,9.75,1.7472535371780396,13700
9.75,9.875,9.75,9.75,1.7472535371780396,20500
9.75,9.875,9.625,9.75,1.7472535371780396,42100
9.75,9.75,9.625,9.625,1.7248507738113403,20500
9.75,9.75,9.625,9.625,1.7248507738113403,26300
9.625,9.75,9.625,9.75,1.7472535371780396,25800
9.625,9.625,9.625,9.625,1.7248507738113403,13700
9.5,9.625,9.5,9.5,1.7024515867233276,34600
9.5,9.625,9.5,9.5,1.7024515867233276,20700
9.5,9.625,9.375,9.625,1.7248507738113403,49100
9.625,9.625,9.5,9.625,1.7248507738113403,10400
9.5,9.625,9.5,9.5,1.7024515867233276,27200
9.625,9.625,9.5,9.5,1.7024515867233276,26600
9.75,9.75,9.625,9.625,1.7248507738113403,35200
9.75,9.75,9.625,9.625,1.7248507738113403,25000
9.5,9.75,9.5,9.75,1.7578463554382324,28400
9.625,9.75,9.625,9.625,1.7353090047836304,31600
9.75,9.75,9.625,9.625,1.7353090047836304,8000
9.625,9.75,9.5,9.625,1.7353090047836304,45100
9.5,9.75,9.5,9.5,1.7127728462219238,29500
9.5,9.625,9.5,9.625,1.7353090047836304,14000
9.5,9.625,9.5,9.5,1.7127728462219238,18300
9.625,9.625,9.5,9.5,1.7127728462219238,26800
9.5,9.625,9.5,9.5,1.7127728462219238,13900
9.5,9.625,9.5,9.5,1.7127728462219238,51400
9.5,9.625,9.5,9.5,1.7127728462219238,12700
9.625,9.625,9.5,9.5,1.7127728462219238,10000
9.5,9.625,9.5,9.625,1.7353090047836304,30500
9.625,9.625,9.5,9.625,1.7353090047836304,18600
9.625,9.625,9.5,9.5,1.7127728462219238,9200
9.625,9.625,9.5,9.5,1.7127728462219238,25000
9.625,9.75,9.5,9.75,1.7578463554382324,16700
9.75,9.75,9.625,9.625,1.7353090047836304,19300
9.625,9.75,9.625,9.625,1.7353090047836304,17200
9.75,9.75,9.625,9.75,1.7578463554382324,17500
9.625,9.75,9.625,9.75,1.7578463554382324,24000
9.75,9.75,9.625,9.75,1.7683659791946411,28600
9.75,9.875,9.625,9.875,1.7910363674163818,24600
9.75,9.75,9.625,9.75,1.7683659791946411,23300
9.875,9.875,9.75,9.75,1.7683659791946411,29300
9.875,9.875,9.75,9.875,1.7910363674163818,23400
9.75,9.875,9.75,9.75,1.7683659791946411,23400
9.75,9.875,9.75,9.75,1.7683659791946411,32300
9.875,10.0,9.75,9.875,1.7910363674163818,20700
9.875,9.875,9.75,9.75,1.7683659791946411,37000
9.75,9.875,9.75,9.875,1.7910363674163818,41100
9.875,9.875,9.75,9.75,1.7683659791946411,13300
9.75,9.875,9.75,9.75,1.7683659791946411,15700
9.75,9.875,9.75,9.875,1.7910363674163818,24400
9.875,9.875,9.75,9.75,1.7683659791946411,17500
9.75,9.875,9.75,9.75,1.7683659791946411,16300
9.875,9.875,9.75,9.875,1.7910363674163818,16400
9.875,9.875,9.75,9.875,1.7910363674163818,25200
9.875,10.0,9.875,10.0,1.8137084245681765,47200
10.0,10.0,9.875,9.875,1.7910363674163818,32900
9.875,10.0,9.875,9.875,1.7910363674163818,34600
9.75,10.0,9.75,9.875,1.7910363674163818,28000
10.0,10.0,9.875,9.875,1.7910363674163818,20000
9.875,9.875,9.75,9.75,1.7788130044937134,34300
9.875,9.875,9.75,9.75,1.7788130044937134,19300
9.75,9.875,9.75,9.75,1.7788130044937134,20100
9.875,9.875,9.75,9.875,1.80161726474762,18000
9.75,9.875,9.75,9.75,1.7788130044937134,14600
9.75,9.875,9.75,9.75,1.7788130044937134,14000
9.75,9.875,9.75,9.75,1.7788130044937134,24100
9.75,9.875,9.75,9.875,1.80161726474762,28700
9.75,9.875,9.75,9.875,1.80161726474762,25500
9.75,9.875,9.75,9.75,1.7788130044937134,25000
9.875,9.875,9.75,9.75,1.7788130044937134,19500
9.75,9.875,9.625,9.625,1.756007432937622,38000
9.75,9.75,9.625,9.75,1.7788130044937134,18500
9.875,9.875,9.625,9.625,1.756007432937622,15900
9.625,9.75,9.625,9.625,1.756007432937622,29500
9.625,9.75,9.625,9.75,1.7788130044937134,24500
9.75,9.875,9.625,9.625,1.756007432937622,17900
9.75,9.875,9.625,9.875,1.80161726474762,15200
9.75,9.875,9.625,9.875,1.80161726474762,25900
9.625,9.75,9.625,9.625,1.7663812637329102,31900
9.625,9.75,9.375,9.375,1.7205034494400024,47500
9.375,9.5,9.375,9.375,1.7205034494400024,29000
9.375,9.5,9.375,9.375,1.7205034494400024,33600
9.375,9.5,9.375,9.5,1.7434415817260742,33800
9.375,9.5,9.375,9.5,1.7434415817260742,19100
9.375,9.5,9.375,9.5,1.7434415817260742,24800
9.375,9.5,9.375,9.375,1.7205034494400024,25100
9.5,9.5,9.25,9.375,1.7205034494400024,49500
9.375,9.375,9.25,9.25,1.6975619792938232,41100
9.25,9.375,9.25,9.375,1.7205034494400024,32900
9.25,9.25,9.0,9.0,1.651680827140808,52000
9.125,9.125,9.0,9.125,1.6746201515197754,13900
9.125,9.125,9.0,9.125,1.6746201515197754,15900
9.25,9.25,9.0,9.0,1.651680827140808,22000
9.0,9.125,9.0,9.125,1.6746201515197754,30900
9.0,9.125,9.0,9.0,1.651680827140808,34500
9.0,9.125,9.0,9.0,1.651680827140808,34600
9.0,9.375,9.0,9.25,1.6975619792938232,43700
9.375,9.375,9.125,9.125,1.6746201515197754,42700
9.25,9.25,9.125,9.125,1.6746201515197754,33400
9.125,9.125,9.0,9.125,1.6746201515197754,28600
9.125,9.125,9.0,9.0,1.662246823310852,14400
9.125,9.125,9.0,9.0,1.662246823310852,11600
9.125,9.125,9.0,9.0,1.662246823310852,24600
9.125,9.125,9.0,9.0,1.662246823310852,16600
9.0,9.25,9.0,9.125,1.685332179069519,19600
9.25,9.25,9.0,9.0,1.662246823310852,11000
9.0,9.25,9.0,9.125,1.685332179069519,18000
9.25,9.25,9.125,9.125,1.685332179069519,12000
9.125,9.25,9.125,9.125,1.685332179069519,20500
9.125,9.25,9.0,9.125,1.685332179069519,14900
9.125,9.25,9.125,9.25,1.7084197998046875,10500
9.25,9.25,9.125,9.125,1.685332179069519,16300
9.125,9.25,9.125,9.125,1.685332179069519,11800
9.25,9.25,9.125,9.125,1.685332179069519,13300
9.125,9.375,9.125,9.25,1.7084197998046875,22500
9.25,9.375,9.25,9.375,1.73150897026062,11700
9.375,9.375,9.25,9.25,1.7084197998046875,26900
9.375,9.375,9.25,9.375,1.73150897026062,26500
9.375,9.375,9.25,9.375,1.73150897026062,35500
9.25,9.375,9.25,9.375,1.73150897026062,13900
9.375,9.375,9.25,9.375,1.7422877550125122,24600
9.25,9.375,9.25,9.25,1.7190555334091189,29400
9.25,9.375,9.125,9.125,1.6958250999450684,21500
9.25,9.25,9.125,9.125,1.6958250999450684,16100
9.125,9.25,9.125,9.125,1.6958250999450684,26200
9.25,9.375,9.125,9.125,1.6958250999450684,37300
9.25,9.375,9.125,9.25,1.7190555334091189,31300
9.25,9.25,9.125,9.125,1.6958250999450684,20900
9.25,9.25,9.125,9.25,1.7190555334091189,24200
9.25,9.375,9.125,9.25,1.7190555334091189,50300
9.25,9.25,9.125,9.125,1.6958250999450684,17800
9.25,9.25,9.125,9.125,1.6958250999450684,41800
9.25,9.375,9.125,9.25,1.7190555334091189,35400
9.25,9.5,9.25,9.25,1.7190555334091189,18200
9.375,9.625,9.375,9.5,1.7655171155929563,51500
9.625,9.625,9.375,9.375,1.7422877550125122,20200
9.625,9.625,9.375,9.5,1.7655171155929563,31700
9.625,9.625,9.5,9.625,1.7887479066848757,5600
9.75,9.75,9.5,9.625,1.7887479066848757,32700
9.75,9.75,9.625,9.75,1.8119783401489256,19800
9.75,9.75,9.625,9.625,1.7887479066848757,33900
9.625,9.75,9.625,9.625,1.7995916604995728,32500
9.625,9.75,9.5,9.5,1.776220679283142,16900
9.5,9.625,9.5,9.5,1.776220679283142,15100
9.5,9.625,9.5,9.625,1.7995916604995728,19200
9.625,9.625,9.5,9.625,1.7995916604995728,56600
9.625,9.75,9.625,9.75,1.82296359539032,22100
9.75,9.75,9.625,9.75,1.82296359539032,27300
9.625,9.75,9.625,9.625,1.7995916604995728,17800
9.625,9.75,9.625,9.75,1.82296359539032,25100
9.625,9.75,9.625,9.75,1.82296359539032,12500
9.75,9.75,9.5,9.5,1.776220679283142,31900
9.625,9.75,9.5,9.625,1.7995916604995728,28700
9.625,9.625,9.5,9.5,1.776220679283142,23900
9.625,9.75,9.5,9.75,1.82296359539032,18900
9.625,9.625,9.625,9.625,1.7995916604995728,6900
9.625,9.75,9.5,9.5,1.776220679283142,17500
9.625,9.75,9.5,9.75,1.82296359539032,29500
9.75,9.75,9.5,9.75,1.82296359539032,55100
9.75,9.75,9.625,9.75,1.82296359539032,15000
9.75,9.75,9.625,9.625,1.7995916604995728,11700
9.625,9.75,9.625,9.75,1.82296359539032,26800
9.75,9.75,9.625,9.75,1.8338725566864011,27500
9.625,9.75,9.625,9.75,1.8338725566864011,17700
9.75,9.75,9.625,9.625,1.8103607892990112,36100
9.625,9.75,9.625,9.75,1.8338725566864011,32800
9.75,9.875,9.75,9.75,1.8338725566864011,18800
9.75,9.875,9.625,9.625,1.8103607892990112,23900
9.625,9.875,9.625,9.75,1.8338725566864011,27500
9.75,9.75,9.625,9.625,1.8103607892990112,19700
9.75,9.75,9.625,9.625,1.8103607892990112,13200
9.75,9.75,9.625,9.75,1.8338725566864011,27600
9.625,9.75,9.625,9.625,1.8103607892990112,15700
9.625,9.75,9.625,9.75,1.8338725566864011,7600
9.625,9.75,9.625,9.625,1.8103607892990112,50600
9.625,9.75,9.5,9.5,1.786850094795227,15100
9.625,9.75,9.5,9.5,1.786850094795227,28900
9.75,9.75,9.625,9.75,1.8338725566864011,9700
9.75,9.75,9.625,9.75,1.8338725566864011,40500
9.75,9.75,9.625,9.75,1.8338725566864011,22900
9.75,9.75,9.625,9.75,1.8338725566864011,11600
9.625,9.75,9.625,9.625,1.8103607892990112,13700
9.75,9.75,9.625,9.75,1.8338725566864011,21900
9.75,9.75,9.625,9.75,1.8338725566864011,19800
9.625,9.625,9.5,9.5,1.786850094795227,23200
9.5,9.625,9.375,9.375,1.7633401155471802,58200
9.625,9.625,9.5,9.5,1.786850094795227,18900
9.625,9.625,9.375,9.375,1.7633401155471802,21600
9.5,9.5,9.375,9.5,1.786850094795227,14500
9.5,9.5,9.375,9.375,1.7633401155471802,30900
9.375,9.5,9.375,9.5,1.786850094795227,21500
9.625,9.625,9.375,9.5,1.786850094795227,11100
9.5,9.5,9.375,9.5,1.786850094795227,16700
9.375,9.5,9.375,9.375,1.7633401155471802,27700
9.375,9.5,9.375,9.5,1.786850094795227,26600
9.5,9.5,9.375,9.5,1.786850094795227,25300
9.5,9.5,9.375,9.5,1.786850094795227,19600
9.625,9.625,9.375,9.625,1.8103607892990112,16200
9.625,9.625,9.5,9.5,1.786850094795227,16500
9.625,9.625,9.5,9.625,1.8103607892990112,12000
9.625,9.625,9.5,9.625,1.8103607892990112,17100
9.625,9.75,9.5,9.5,1.786850094795227,34800
9.625,9.625,9.5,9.625,1.8103607892990112,7600
9.75,9.75,9.625,9.75,1.8338725566864011,10200
9.75,9.75,9.5,9.625,1.8103607892990112,28200
9.625,9.625,9.375,9.375,1.7740297317504885,27500
9.375,9.625,9.375,9.375,1.7740297317504885,16700
9.375,9.5,9.375,9.375,1.7740297317504885,30700
9.375,9.5,9.375,9.375,1.7740297317504885,19200
9.375,9.4375,9.375,9.375,1.7740297317504885,11100
9.375,9.5,9.375,9.5,1.7976841926574707,19400
9.375,9.5,9.375,9.5,1.7976841926574707,47500
9.5,9.5,9.375,9.375,1.7740297317504885,25000
9.25,9.5,9.25,9.25,1.7503761053085327,10800
9.375,9.375,9.25,9.375,1.7740297317504885,20400
9.375,9.375,9.25,9.375,1.7740297317504885,20900
9.25,9.375,9.25,9.25,1.7503761053085327,11500
9.25,9.375,9.25,9.25,1.7503761053085327,29800
9.375,9.375,9.25,9.25,1.7503761053085327,27000
9.25,9.375,9.25,9.25,1.7503761053085327,17200
9.25,9.25,9.125,9.125,1.7267215251922607,17200
9.125,9.25,9.125,9.25,1.7503761053085327,18300
9.25,9.25,9.125,9.125,1.7267215251922607,19600
9.125,9.125,9.0,9.125,1.7267215251922607,73300
9.125,9.125,9.0,9.0,1.7030680179595947,23400
9.0,9.125,9.0,9.125,1.7379212379455566,6100
9.125,9.25,9.0,9.125,1.7379212379455566,26500
9.125,9.25,9.0,9.125,1.7379212379455566,23700
9.25,9.25,9.125,9.25,1.7617299556732178,8600
9.25,9.25,9.125,9.125,1.7379212379455566,29700
9.125,9.25,9.125,9.125,1.7379212379455566,33500
9.25,9.25,9.125,9.125,1.7379212379455566,13000
9.125,9.25,9.0,9.0,1.7141146659851074,43100
9.0,9.25,9.0,9.125,1.7379212379455566,18500
9.0,9.25,9.0,9.0,1.7141146659851074,36600
9.0,9.125,9.0,9.0,1.7141146659851074,13200
9.0,9.125,9.0,9.125,1.7379212379455566,45500
9.25,9.25,9.125,9.25,1.7617299556732178,13900
9.125,9.25,9.125,9.25,1.7617299556732178,11400
9.25,9.25,9.125,9.125,1.7379212379455566,25800
9.125,9.25,9.125,9.125,1.7379212379455566,25000
9.125,9.25,9.125,9.125,1.7379212379455566,21700
9.25,9.25,9.125,9.125,1.7379212379455566,39100
9.25,9.25,9.0,9.125,1.7379212379455566,19900
9.0,9.125,9.0,9.125,1.7379212379455566,29000
9.125,9.125,9.0,9.0,1.7141146659851074,21600
9.0,9.125,8.875,8.875,1.6903071403503418,83200
8.875,8.875,8.625,8.75,1.6774630546569824,31500
8.875,8.875,8.75,8.875,1.7014260292053225,51600
8.75,8.875,8.625,8.625,1.6534985303878784,69000
8.75,8.875,8.5,8.625,1.6534985303878784,36100
8.625,8.75,8.625,8.75,1.6774630546569824,28900
8.875,9.0,8.75,9.0,1.7253904342651367,72600
9.0,9.0,8.75,8.75,1.6774630546569824,47600
8.875,8.875,8.75,8.875,1.7014260292053225,72300
8.875,8.875,8.75,8.875,1.7014260292053225,31300
8.625,8.75,8.5,8.5,1.6295350790023804,87600
8.625,8.625,8.375,8.375,1.6055718660354614,119700
8.625,8.75,8.5,8.75,1.6774630546569824,68200
8.75,8.75,8.625,8.75,1.6774630546569824,22200
8.875,9.0,8.8125,9.0,1.7253904342651367,49300
8.875,9.0,8.875,8.875,1.7014260292053225,29300
8.875,9.0,8.875,8.875,1.7014260292053225,35200
8.875,9.0,8.875,8.875,1.7014260292053225,24700
8.875,9.0,8.875,8.875,1.7014260292053225,32600
9.0,9.125,8.875,8.875,1.7014260292053225,52800
9.0,9.0,8.875,8.875,1.7014260292053225,26800
8.875,9.0,8.875,9.0,1.7253904342651367,87700
9.0,9.0,8.75,8.75,1.6774630546569824,75900
8.625,8.75,8.625,8.625,1.6645318269729614,63900
8.75,8.75,8.5,8.5,1.640408635139465,32700
8.5,8.625,8.5,8.5,1.640408635139465,68700
8.375,8.625,8.375,8.5,1.640408635139465,92300
8.5,8.625,8.375,8.5,1.640408635139465,88000
8.625,8.625,8.5,8.5,1.640408635139465,35700
8.5,8.625,8.5,8.5,1.640408635139465,51500
8.5,8.75,8.5,8.75,1.6886560916900637,77500
8.75,8.875,8.625,8.75,1.6886560916900637,48700
8.75,8.75,8.625,8.75,1.6886560916900637,54300
8.625,8.75,8.625,8.625,1.6645318269729614,39800
8.625,8.75,8.5,8.625,1.6645318269729614,64900
8.625,8.625,8.5,8.5,1.640408635139465,59600
8.5,8.625,8.5,8.625,1.6645318269729614,79700
8.625,8.875,8.625,8.625,1.6645318269729614,65800
8.625,8.75,8.625,8.625,1.6645318269729614,21700
8.75,8.875,8.75,8.75,1.6886560916900637,31900
8.75,8.875,8.75,8.75,1.6886560916900637,12700
8.875,9.0,8.75,9.0,1.7369035482406616,34000
9.0,9.125,8.875,9.0,1.7369035482406616,15700
9.0,9.125,8.875,8.875,1.723889708518982,23100
8.875,9.0,8.875,8.875,1.723889708518982,13500
9.0,9.0,8.875,8.875,1.723889708518982,14700
8.875,9.0,8.875,9.0,1.7481690645217896,21400
9.0,9.0,8.875,8.875,1.723889708518982,17000
8.875,9.0,8.875,8.875,1.723889708518982,13500
8.875,9.0,8.875,8.875,1.723889708518982,56300
9.0,9.0,8.875,9.0,1.7481690645217896,9000
8.875,9.0,8.875,8.875,1.723889708518982,9800
9.0,9.0,8.875,9.0,1.7481690645217896,12600
8.875,9.0,8.875,9.0,1.7481690645217896,11900
9.0,9.0,9.0,9.0,1.7481690645217896,20400
8.875,9.0,8.875,9.0,1.7481690645217896,43400
9.0,9.125,9.0,9.0,1.7481690645217896,24500
9.0,9.125,9.0,9.125,1.7724502086639404,16500
9.0,9.125,9.0,9.0,1.7481690645217896,15800
9.125,9.125,9.0,9.0,1.7481690645217896,20400
9.0,9.25,9.0,9.25,1.7967305183410645,26900
9.25,9.375,9.125,9.375,1.8210102319717407,41500
9.25,9.375,9.25,9.375,1.8210102319717407,34600
9.25,9.375,9.25,9.375,1.8210102319717407,11900
9.25,9.5,9.25,9.5,1.84528923034668,31200
9.375,9.5,9.25,9.375,1.8321958780288696,21700
9.375,9.5,9.375,9.5,1.856623649597168,42800
9.375,9.5,9.375,9.375,1.8321958780288696,29100
9.5,9.5,9.375,9.375,1.8321958780288696,16700
9.375,9.5,9.375,9.5,1.856623649597168,26900
9.5,9.5,9.375,9.375,1.8321958780288696,38900
9.375,9.375,9.25,9.375,1.8321958780288696,37400
9.25,9.5,9.25,9.375,1.8321958780288696,22700
9.5,9.5,9.25,9.375,1.8321958780288696,22700
9.25,9.5,9.25,9.5,1.856623649597168,22600
9.375,9.5,9.375,9.5,1.856623649597168,24800
9.375,9.5,9.375,9.5,1.856623649597168,38300
9.5,9.5,9.25,9.25,1.8077672719955444,25400
9.375,9.5,9.25,9.25,1.8077672719955444,62500
9.25,9.375,9.25,9.375,1.8321958780288696,46000
9.25,9.375,9.25,9.25,1.8077672719955444,7800
9.25,9.375,9.25,9.375,1.8321958780288696,40700
9.25,9.375,9.25,9.25,1.8077672719955444,24900
9.375,9.375,9.25,9.25,1.8077672719955444,43700
9.25,9.375,9.25,9.25,1.8191742897033687,25600
9.25,9.375,9.25,9.375,1.8437565565109253,50800
9.375,9.375,9.25,9.25,1.8191742897033687,5800
9.25,9.375,9.25,9.375,1.8437565565109253,18200
9.25,9.375,9.25,9.375,1.8437565565109253,20100
9.25,9.375,9.25,9.375,1.8437565565109253,23000
9.375,9.375,9.25,9.375,1.8437565565109253,25700
9.375,9.375,9.25,9.375,1.8437565565109253,45000
9.375,9.375,9.25,9.375,1.8437565565109253,17600
9.375,9.5,9.25,9.25,1.8191742897033687,31000
9.375,9.375,9.25,9.375,1.8437565565109253,34200
9.375,9.375,9.25,9.375,1.8437565565109253,38400
9.25,9.375,9.25,9.375,1.8437565565109253,17000
9.375,9.375,9.25,9.25,1.8191742897033687,33300
9.25,9.375,9.25,9.25,1.8191742897033687,26100
9.375,9.375,9.25,9.25,1.8191742897033687,32600
9.25,9.375,9.25,9.25,1.8191742897033687,13700
9.375,9.375,9.25,9.375,1.8437565565109253,56000
9.375,9.375,9.25,9.375,1.8437565565109253,18900
9.25,9.375,9.25,9.375,1.8437565565109253,45500
9.25,9.375,9.25,9.375,1.8437565565109253,32000
9.25,9.375,9.25,9.375,1.8437565565109253,29800
9.25,9.375,9.25,9.375,1.855233192443848,33100
9.375,9.5,9.25,9.375,1.855233192443848,41100
9.375,9.5,9.375,9.5,1.8799701929092407,23000
9.375,9.5,9.375,9.5,1.8799701929092407,24200
9.5,9.5,9.375,9.375,1.855233192443848,46000
9.5,9.5,9.375,9.375,1.855233192443848,41300
9.5,9.5,9.375,9.375,1.855233192443848,41900
9.5,9.625,9.375,9.5,1.8799701929092407,48400
9.5,9.625,9.5,9.5,1.8799701929092407,40100
9.5,9.625,9.5,9.5,1.8799701929092407,16500
9.5,9.625,9.5,9.625,1.9047071933746336,18700
9.5,9.625,9.5,9.625,1.9047071933746336,30500
9.625,9.625,9.5,9.5,1.8799701929092407,14000
9.625,9.625,9.5,9.5,1.8799701929092407,20600
9.625,9.625,9.375,9.5,1.8799701929092407,29900
9.375,9.625,9.375,9.5,1.8799701929092407,16500
9.5,9.625,9.375,9.625,1.9047071933746336,25500
9.625,9.625,9.5,9.625,1.9047071933746336,50700
9.75,9.75,9.625,9.625,1.9047071933746336,60200
9.625,9.75,9.5,9.5,1.8799701929092407,55000
9.625,9.625,9.5,9.5,1.8915185928344729,33200
9.625,9.625,9.375,9.375,1.866628646850586,31500
9.5,9.5,9.375,9.5,1.8915185928344729,13600
9.5,9.5,9.375,9.5,1.8915185928344729,46800
9.5,9.5,9.375,9.5,1.8915185928344729,23200
9.375,9.5,9.375,9.5,1.8915185928344729,21900
9.375,9.5,9.375,9.375,1.866628646850586,52000
9.375,9.5,9.375,9.375,1.866628646850586,33900
9.375,9.5,9.375,9.375,1.866628646850586,17700
9.5,9.5,9.375,9.5,1.8915185928344729,36500
9.375,9.5,9.25,9.25,1.8417435884475708,91900
9.375,9.375,9.25,9.375,1.866628646850586,36700
9.25,9.375,9.25,9.375,1.866628646850586,23300
9.375,9.375,9.25,9.375,1.866628646850586,31500
9.375,9.375,9.25,9.375,1.866628646850586,15000
9.375,9.375,9.25,9.25,1.8417435884475708,29200
9.375,9.5,9.375,9.5,1.8915185928344729,31600
9.5,9.625,9.5,9.625,1.9164071083068848,56600
9.625,9.625,9.5,9.5,1.8915185928344729,33800
9.5,9.625,9.5,9.625,1.9164071083068848,55100
9.5,9.5,9.375,9.5,1.8915185928344729,71900
9.375,9.5,9.375,9.375,1.866628646850586,26900
9.375,9.5,9.375,9.375,1.866628646850586,36700
9.5,9.5,9.375,9.375,1.866628646850586,20900
9.375,9.375,9.25,9.25,1.853208422660828,28900
9.375,9.5,9.25,9.375,1.878250241279602,25300
9.375,9.5,9.25,9.375,1.878250241279602,32100
9.375,9.375,9.25,9.375,1.878250241279602,22300
9.375,9.375,9.25,9.375,1.878250241279602,29000
9.375,9.5,9.25,9.375,1.878250241279602,51000
9.375,9.5,9.25,9.5,1.9032931327819824,59500
9.5,9.5,9.375,9.5,1.9032931327819824,27900
9.5,9.5,9.375,9.375,1.878250241279602,21600
9.5,9.5,9.375,9.375,1.878250241279602,21800
9.375,9.5,9.375,9.5,1.9032931327819824,48800
9.375,9.5,9.375,9.375,1.878250241279602,26800
9.375,9.5,9.375,9.375,1.878250241279602,38100
9.5,9.625,9.375,9.5,1.9032931327819824,28200
9.5,9.625,9.5,9.5,1.9032931327819824,18600
9.625,9.625,9.5,9.625,1.928337335586548,25900
9.625,9.625,9.5,9.5,1.9032931327819824,20400
9.625,9.75,9.5,9.75,1.953380107879639,36800
9.625,9.75,9.5,9.75,1.953380107879639,57000
9.75,9.75,9.5,9.625,1.928337335586548,31100
9.625,9.75,9.5,9.625,1.928337335586548,34100
9.5,9.5,9.375,9.5,1.9148324728012085,37400
9.375,9.5,9.375,9.375,1.889637351036072,16500
9.375,9.5,9.375,9.375,1.889637351036072,20900
9.5,9.5,9.375,9.375,1.889637351036072,37500
9.5,9.5,9.25,9.375,1.889637351036072,57200
9.375,9.5,9.25,9.5,1.9148324728012085,34900
9.375,9.5,9.375,9.5,1.9148324728012085,32800
9.375,9.5,9.375,9.5,1.9148324728012085,19500
9.5,9.625,9.375,9.5,1.9148324728012085,55600
9.625,9.625,9.5,9.625,1.940027475357056,33600
9.5,9.625,9.5,9.625,1.940027475357056,21000
9.625,9.625,9.5,9.625,1.940027475357056,15300
9.625,9.625,9.5,9.5,1.9148324728012085,15200
9.625,9.625,9.5,9.625,1.940027475357056,19400
9.75,9.75,9.625,9.625,1.940027475357056,9200
9.625,9.75,9.625,9.625,1.940027475357056,25600
9.75,9.75,9.625,9.625,1.940027475357056,7900
9.625,9.75,9.625,9.75,1.965222716331482,25700
9.625,9.75,9.5,9.625,1.940027475357056,45800
9.625,9.625,9.5,9.5,1.9148324728012085,16000
9.5,9.625,9.5,9.625,1.940027475357056,13900
9.625,9.625,9.5,9.625,1.9517898559570312,3800
9.625,9.625,9.5,9.625,1.9517898559570312,21900
9.5,9.625,9.5,9.5625,1.939116597175598,37500
9.5,9.625,9.5,9.5,1.9264403581619265,19800
9.5,9.625,9.375,9.375,1.9010937213897705,25700
9.5,9.5,9.375,9.5,1.9264403581619265,25800
9.375,9.5,9.375,9.375,1.9010937213897705,34800
9.375,9.5,9.25,9.375,1.9010937213897705,47900
9.375,9.5,9.25,9.375,1.9010937213897705,43800
9.375,9.5,9.25,9.375,1.9010937213897705,37000
9.375,9.375,9.25,9.25,1.8757474422454836,20400
9.25,9.375,9.25,9.375,1.9010937213897705,18900
9.25,9.375,9.25,9.375,1.9010937213897705,20600
9.25,9.375,9.25,9.375,1.9010937213897705,22800
9.3125,9.375,9.25,9.25,1.8757474422454836,42000
9.25,9.375,9.25,9.375,1.9010937213897705,39100
9.375,9.375,9.25,9.375,1.9010937213897705,13500
9.375,9.375,9.125,9.25,1.8757474422454836,51700
9.25,9.25,9.125,9.125,1.850398659706116,30200
9.25,9.375,9.125,9.25,1.8757474422454836,37800
9.25,9.375,9.25,9.25,1.8757474422454836,27600
9.375,9.375,9.25,9.375,1.9010937213897705,21300
9.25,9.375,9.25,9.25,1.887422561645508,18100
9.25,9.375,9.25,9.375,1.912928581237793,13600
9.25,9.375,9.25,9.375,1.912928581237793,28000
9.375,9.375,9.25,9.25,1.887422561645508,21500
9.25,9.375,9.25,9.375,1.912928581237793,33000
9.375,9.375,9.25,9.375,1.912928581237793,30100
9.375,9.375,9.125,9.375,1.912928581237793,61600
9.125,9.375,9.125,9.25,1.887422561645508,23400
9.25,9.375,9.25,9.375,1.912928581237793,23900
9.25,9.375,9.25,9.25,1.887422561645508,41100
9.125,9.375,9.125,9.25,1.887422561645508,27400
9.375,9.375,9.25,9.25,1.887422561645508,35900
9.375,9.5,9.25,9.5,1.9384349584579468,34300
9.5,9.5,9.375,9.375,1.912928581237793,17800
9.5,9.5,9.375,9.375,1.912928581237793,19900
9.5,9.5,9.375,9.375,1.912928581237793,25500
9.5,9.5,9.375,9.375,1.912928581237793,17900
9.5,9.5,9.375,9.375,1.912928581237793,18700
9.5,9.5,9.375,9.5,1.9384349584579468,18400
9.375,9.5,9.375,9.5,1.9384349584579468,12500
9.375,9.5,9.25,9.5,1.9384349584579468,74000
9.375,9.5,9.25,9.5,1.950340747833252,17300
9.375,9.5,9.375,9.5,1.950340747833252,13600
9.375,9.5,9.375,9.375,1.9246801137924197,21200
9.375,9.5,9.375,9.375,1.9246801137924197,33700
9.5,9.5,9.375,9.375,1.9246801137924197,27200
9.375,9.5,9.375,9.5,1.950340747833252,43700
9.375,9.5,9.375,9.375,1.9246801137924197,23600
9.375,9.5,9.375,9.375,1.9246801137924197,34000
9.375,9.5,9.375,9.5,1.950340747833252,39200
9.375,9.5,9.375,9.5,1.950340747833252,9800
9.375,9.5,9.375,9.5,1.950340747833252,53200
9.5,9.5,9.375,9.5,1.950340747833252,27100
9.375,9.5,9.375,9.5,1.950340747833252,27900
9.5,9.5,9.375,9.5,1.950340747833252,21100
9.5,9.5,9.375,9.5,1.950340747833252,22300
9.5,9.5,9.375,9.5,1.950340747833252,42000
9.5,9.625,9.375,9.5,1.950340747833252,21600
9.5,9.625,9.375,9.5,1.950340747833252,7400
9.5,9.5,9.375,9.5,1.950340747833252,24100
9.5,9.5,9.375,9.375,1.9246801137924197,42500
9.5,9.5,9.375,9.5,1.950340747833252,55100
9.375,9.5,9.375,9.375,1.9246801137924197,32200
9.375,9.375,9.25,9.25,1.9108383655548096,40600
9.375,9.375,9.25,9.375,1.9366605281829836,37600
9.375,9.375,9.25,9.25,1.9108383655548096,18800
9.375,9.5,9.25,9.5,1.962483286857605,80800
9.375,9.5,9.375,9.5,1.962483286857605,26900
9.375,9.5,9.375,9.5,1.962483286857605,53900
9.5,9.5,9.25,9.25,1.9108383655548096,43000
9.25,9.5,9.25,9.375,1.9366605281829836,31200
9.375,9.375,9.375,9.375,1.9366605281829836,14100
9.5,9.5,9.375,9.5,1.962483286857605,26100
9.375,9.5,9.25,9.5,1.962483286857605,43000
9.375,9.5,9.375,9.375,1.9366605281829836,32700
9.5,9.625,9.375,9.625,1.9883042573928835,55800
9.625,9.625,9.5,9.625,1.9883042573928835,41100
9.625,9.75,9.5,9.75,2.0141255855560303,99500
9.625,9.75,9.5,9.625,1.9883042573928835,41900
9.5,9.625,9.5,9.625,1.9883042573928835,26900
9.625,9.625,9.5,9.5,1.962483286857605,37700
9.625,9.625,9.5,9.5,1.962483286857605,39400
9.5,9.625,9.5,9.625,1.9883042573928835,46300
9.625,9.625,9.5,9.5,1.962483286857605,39900
9.5,9.625,9.375,9.375,1.948556900024414,68800
9.375,9.5,9.375,9.375,1.948556900024414,29000
9.375,9.5,9.375,9.5,1.974536776542664,32600
9.375,9.5,9.375,9.5,1.974536776542664,30000
9.375,9.625,9.375,9.625,2.000518321990967,47600
9.625,9.625,9.5,9.625,2.000518321990967,29100
9.5,9.625,9.5,9.625,2.000518321990967,25800
9.625,9.625,9.5,9.5,1.974536776542664,25700
9.625,9.625,9.5,9.625,2.000518321990967,59300
9.5,9.75,9.5,9.75,2.026497602462769,44700
9.75,9.75,9.5,9.625,2.000518321990967,34500
9.5,9.625,9.5,9.625,2.000518321990967,17600
9.75,9.75,9.625,9.625,2.000518321990967,23000
9.75,9.75,9.625,9.75,2.026497602462769,32100
9.625,9.75,9.625,9.625,2.000518321990967,36300
9.75,9.75,9.625,9.75,2.026497602462769,34700
9.75,9.75,9.625,9.625,2.000518321990967,12100
9.75,9.75,9.625,9.625,2.000518321990967,17500
9.75,9.75,9.625,9.75,2.026497602462769,45800
9.625,9.75,9.5,9.75,2.0386250019073486,17600
9.75,9.75,9.625,9.75,2.0386250019073486,20200
9.75,9.75,9.625,9.75,2.0386250019073486,13200
9.625,9.75,9.625,9.75,2.0386250019073486,35000
9.75,9.75,9.625,9.75,2.0386250019073486,24400
9.75,9.75,9.625,9.75,2.0386250019073486,15800
9.625,9.875,9.625,9.75,2.0386250019073486,130400
9.75,9.875,9.625,9.75,2.0386250019073486,28800
9.75,9.875,9.625,9.75,2.0386250019073486,51400
9.625,9.875,9.625,9.875,2.064762115478516,64400
9.75,9.875,9.75,9.75,2.0386250019073486,49200
9.875,9.875,9.75,9.875,2.064762115478516,60500
9.875,10.0,9.875,9.875,2.064762115478516,66200
10.0,10.0,9.875,10.0,2.0908992290496826,18600
9.875,10.0,9.875,10.0,2.0908992290496826,39700
10.0,10.0,9.875,9.875,2.064762115478516,80200
9.875,10.0,9.875,9.875,2.064762115478516,32100
9.875,10.0,9.875,9.875,2.064762115478516,42400
10.0,10.0,9.875,10.0,2.0908992290496826,36800
9.875,10.0,9.875,9.875,2.064762115478516,35500
9.875,10.0,9.875,9.875,2.064762115478516,39200
9.875,10.0,9.75,9.875,2.064762115478516,74000
9.875,10.0,9.875,9.875,2.064762115478516,21800
9.875,10.0,9.75,9.75,2.050253868103028,47600
9.875,9.875,9.75,9.875,2.076538324356079,51100
9.75,9.875,9.75,9.75,2.050253868103028,42700
9.875,9.875,9.75,9.875,2.076538324356079,36500
9.75,9.75,9.625,9.75,2.050253868103028,27800
9.625,9.75,9.625,9.625,2.023967266082764,34000
9.75,9.75,9.625,9.75,2.050253868103028,33300
9.75,9.75,9.625,9.625,2.023967266082764,19900
9.75,9.75,9.625,9.625,2.023967266082764,64800
9.625,9.75,9.625,9.6875,2.0371086597442627,36100
9.625,9.75,9.625,9.75,2.050253868103028,18100
9.625,9.75,9.625,9.625,2.023967266082764,18500
9.75,9.75,9.625,9.75,2.050253868103028,26700
9.625,9.75,9.625,9.625,2.023967266082764,28000
9.75,9.75,9.625,9.75,2.050253868103028,37500
9.625,9.875,9.625,9.75,2.050253868103028,124600
9.75,9.75,9.625,9.75,2.050253868103028,58100
9.75,9.75,9.5,9.5,1.9976824522018437,51000
9.5,9.75,9.5,9.75,2.050253868103028,52200
9.75,9.75,9.625,9.75,2.050253868103028,17500
9.75,9.75,9.625,9.625,2.0356595516204834,45300
9.625,9.75,9.625,9.625,2.0356595516204834,8700
9.625,9.75,9.625,9.625,2.0356595516204834,48900
9.625,9.75,9.625,9.75,2.062097311019897,19100
9.75,9.75,9.625,9.75,2.062097311019897,16700
9.625,9.75,9.625,9.75,2.062097311019897,17400
9.75,9.75,9.625,9.625,2.0356595516204834,24600
9.75,9.75,9.625,9.75,2.062097311019897,22200
9.625,9.75,9.625,9.625,2.0356595516204834,16800
9.625,9.75,9.625,9.625,2.0356595516204834,66600
9.625,9.75,9.625,9.625,2.0356595516204834,21200
9.625,9.75,9.625,9.625,2.0356595516204834,12200
9.625,9.75,9.625,9.75,2.062097311019897,7800
9.75,9.75,9.625,9.625,2.0356595516204834,24500
9.625,9.75,9.625,9.625,2.0356595516204834,28900
9.625,9.75,9.625,9.75,2.062097311019897,22200
9.75,9.75,9.625,9.625,2.0356595516204834,26500
9.625,9.625,9.5,9.5,2.0092222690582275,102900
9.5,9.5,9.375,9.5,2.0092222690582275,35400
9.625,9.625,9.5,9.5,2.0092222690582275,39000
9.5,9.5,9.375,9.375,1.9939079284667969,43900
9.5,9.5,9.375,9.375,1.9939079284667969,9700
9.4375,9.5,9.375,9.375,1.9939079284667969,24500
9.5,9.5,9.375,9.375,1.9939079284667969,33400
9.5,9.5,9.375,9.5,2.020496129989624,13300
9.5,9.5,9.375,9.5,2.020496129989624,10600
9.375,9.5,9.375,9.5,2.020496129989624,19300
9.5,9.5,9.375,9.5,2.020496129989624,9800
9.375,9.5,9.375,9.5,2.020496129989624,50800
9.5,9.5,9.375,9.4375,2.0072028636932373,33100
9.5,9.5,9.375,9.5,2.020496129989624,13500
9.375,9.5,9.375,9.4375,2.0072028636932373,35600
9.375,9.5,9.375,9.375,1.9939079284667969,6700
9.375,9.5,9.375,9.375,1.9939079284667969,29000
9.5,9.5,9.375,9.375,1.9939079284667969,19800
9.375,9.375,9.25,9.25,1.9673248529434204,53900
9.375,9.375,9.25,9.25,1.9673248529434204,15600
9.25,9.375,9.25,9.25,1.9673248529434204,16200
9.375,9.375,9.25,9.25,1.9673248529434204,20800
9.25,9.375,9.25,9.25,1.9673248529434204,26900
9.25,9.375,9.25,9.25,1.9673248529434204,28700
9.25,9.375,9.25,9.25,1.9673248529434204,51100
9.125,9.25,9.125,9.125,1.9519232511520384,14900
9.25,9.25,9.125,9.125,1.9519232511520384,57200
9.25,9.25,9.125,9.125,1.9519232511520384,26100
9.125,9.25,9.0,9.0,1.925182819366455,52400
9.0,9.25,9.0,9.25,1.978662133216858,45000
9.25,9.25,9.0,9.125,1.9519232511520384,43300
9.125,9.25,9.0,9.125,1.9519232511520384,32100
9.125,9.125,9.0,9.0,1.925182819366455,28800
9.125,9.125,9.0,9.0,1.925182819366455,42500
9.0,9.125,9.0,9.0,1.925182819366455,23700
9.125,9.125,9.0,9.125,1.9519232511520384,17600
9.0,9.125,9.0,9.125,1.9519232511520384,18200
9.125,9.125,9.0,9.0,1.925182819366455,7000
9.0,9.125,8.875,8.875,1.8984453678131104,38100
9.125,9.125,9.0,9.0,1.925182819366455,12500
9.0,9.125,9.0,9.125,1.9519232511520384,88100
9.125,9.25,9.125,9.125,1.9519232511520384,21900
9.125,9.375,9.125,9.375,2.005399703979492,75900
9.25,9.25,9.125,9.25,1.978662133216858,52200
9.25,9.25,9.125,9.125,1.9519232511520384,27700
9.125,9.25,9.125,9.125,1.9519232511520384,41400
9.125,9.25,9.125,9.125,1.9519232511520384,9900
9.125,9.25,9.0,9.125,1.963325381278992,83200
9.125,9.25,9.125,9.25,1.9902219772338867,14100
9.125,9.25,9.125,9.25,1.9902219772338867,22700
9.125,9.25,9.125,9.125,1.963325381278992,46700
9.125,9.25,9.0,9.25,1.9902219772338867,36700
9.125,9.25,9.125,9.125,1.963325381278992,26000
9.125,9.25,9.125,9.25,1.9902219772338867,12900
9.25,9.25,9.125,9.125,1.963325381278992,29100
9.125,9.25,9.125,9.25,1.9902219772338867,26100
9.25,9.25,9.125,9.25,1.9902219772338867,18200
9.125,9.25,9.125,9.25,1.9902219772338867,20600
9.25,9.25,9.125,9.125,1.963325381278992,36900
9.25,9.25,9.125,9.25,1.9902219772338867,16200
9.25,9.25,9.125,9.1875,1.9767740964889529,15600
9.125,9.25,9.125,9.125,1.963325381278992,35000
9.125,9.25,9.125,9.25,1.9902219772338867,83100
9.125,9.25,9.125,9.25,1.9902219772338867,42900
9.25,9.25,9.125,9.125,1.963325381278992,16100
9.25,9.25,9.125,9.25,1.9902219772338867,28100
9.125,9.25,9.125,9.25,2.0016908645629883,32100
9.25,9.375,9.25,9.375,2.028739213943481,27300
9.25,9.375,9.25,9.375,2.028739213943481,20500
9.375,9.375,9.25,9.25,2.0016908645629883,31900
9.375,9.375,9.25,9.25,2.0016908645629883,26000
9.25,9.375,9.25,9.25,2.0016908645629883,12500
9.25,9.25,9.25,9.25,2.0016908645629883,7100
9.375,9.375,9.25,9.3125,2.015214204788208,41700
9.25,9.375,9.25,9.25,2.0016908645629883,42000
9.25,9.375,9.25,9.375,2.028739213943481,22300
9.375,9.5,9.375,9.375,2.028739213943481,86800
9.5,9.5,9.25,9.25,2.0016908645629883,102300
9.25,9.375,9.25,9.25,2.0016908645629883,31700
9.375,9.375,9.25,9.25,2.0016908645629883,22500
9.25,9.25,9.125,9.25,2.0016908645629883,5100
9.25,9.25,9.125,9.25,2.0016908645629883,11500
9.375,9.375,9.25,9.25,2.0016908645629883,23600
9.25,9.375,9.25,9.375,2.028739213943481,29700
9.25,9.375,9.25,9.375,2.028739213943481,14100
9.375,9.375,9.25,9.25,2.0016908645629883,17500
9.25,9.375,9.25,9.25,2.0016908645629883,11000
9.375,9.375,9.25,9.25,2.0016908645629883,28000
9.375,9.375,9.25,9.25,2.0016908645629883,14100
9.25,9.25,9.125,9.25,2.0132253170013428,20800
9.25,9.25,9.125,9.25,2.0132253170013428,28500
9.125,9.25,9.125,9.25,2.0132253170013428,15000
9.125,9.25,9.125,9.125,1.9860196113586424,10800
9.125,9.25,9.125,9.125,1.9860196113586424,20400
9.25,9.25,9.125,9.125,1.9860196113586424,20400
9.25,9.25,9.125,9.25,2.0132253170013428,37500
9.125,9.25,9.125,9.25,2.0132253170013428,12100
9.25,9.25,9.125,9.125,1.9860196113586424,13700
9.125,9.25,9.125,9.125,1.9860196113586424,28300
9.25,9.25,9.125,9.25,2.0132253170013428,61600
9.125,9.25,9.125,9.125,1.9860196113586424,38500
9.125,9.25,9.125,9.125,1.9860196113586424,32700
9.125,9.25,9.125,9.125,1.9860196113586424,8700
9.125,9.25,9.125,9.125,1.9860196113586424,61600
9.125,9.25,9.125,9.125,1.9860196113586424,34900
9.125,9.25,9.125,9.125,1.9860196113586424,20800
9.125,9.25,9.125,9.125,1.9860196113586424,9100
9.125,9.25,9.125,9.25,2.0132253170013428,28200
9.25,9.25,9.125,9.1875,1.999622464179993,51700
9.25,9.375,9.25,9.375,2.0404303073883057,84400
9.25,9.25,9.125,9.125,1.9977391958236692,32200
9.25,9.25,9.125,9.125,1.9977391958236692,25600
9.125,9.25,9.125,9.125,1.9977391958236692,116100
9.125,9.25,9.125,9.25,2.025107145309448,40700
9.125,9.25,9.125,9.25,2.025107145309448,50900
9.25,9.25,9.125,9.125,1.9977391958236692,28300
9.125,9.25,9.125,9.25,2.025107145309448,33500
9.25,9.25,9.0,9.0,1.9703729152679443,64300
9.125,9.25,9.0,9.25,2.025107145309448,51200
9.25,9.25,9.125,9.125,1.9977391958236692,57200
9.125,9.25,9.125,9.1875,2.011423110961914,37000
9.125,9.25,9.125,9.125,1.9977391958236692,39600
9.125,9.25,9.125,9.125,1.9977391958236692,29700
9.25,9.25,9.125,9.1875,2.011423110961914,25700
9.125,9.25,9.125,9.125,1.9977391958236692,30300
9.25,9.25,9.125,9.25,2.025107145309448,42000
9.125,9.25,9.125,9.25,2.025107145309448,54800
9.25,9.25,9.125,9.125,1.9977391958236692,34000
9.25,9.25,9.125,9.125,1.9977391958236692,41800
9.25,9.375,9.125,9.375,2.052471876144409,66600
9.125,9.375,9.125,9.25,2.0370569229125977,119800
9.375,9.5,9.375,9.375,2.064584970474243,97600
9.375,9.5,9.375,9.5,2.092113256454468,59800
9.375,9.5,9.375,9.375,2.064584970474243,18100
9.5,9.5,9.375,9.375,2.064584970474243,46900
9.5,9.5,9.375,9.4375,2.0783472061157227,25500
9.5,9.5,9.375,9.4375,2.0783472061157227,29600
9.46875,9.5,9.375,9.375,2.064584970474243,21300
9.375,9.5,9.375,9.5,2.092113256454468,96000
9.5,9.5,9.375,9.375,2.064584970474243,23300
9.375,9.5,9.375,9.5,2.092113256454468,36400
9.5,9.625,9.5,9.625,2.119641065597534,19400
9.5,9.625,9.5,9.5,2.092113256454468,45000
9.5,9.625,9.5,9.5,2.092113256454468,35200
9.5,9.625,9.375,9.375,2.064584970474243,32200
9.375,9.5,9.375,9.375,2.064584970474243,40900
9.375,9.5,9.375,9.4375,2.0783472061157227,31100
9.375,9.5,9.375,9.5,2.092113256454468,16000
9.5,9.5,9.375,9.375,2.064584970474243,17600
9.5,9.5,9.375,9.5,2.092113256454468,46100
9.375,9.5,9.375,9.5,2.092113256454468,15400
9.5,9.5,9.375,9.5,2.092113256454468,34400
9.375,9.5,9.375,9.5,2.092113256454468,22700
9.375,9.5,9.375,9.375,2.064584970474243,18700
9.375,9.5,9.375,9.4375,2.0906124114990234,56700
9.5,9.5,9.375,9.375,2.076767444610596,19900
9.5,9.5,9.375,9.5,2.1044578552246094,21100
9.375,9.5,9.375,9.4375,2.0906124114990234,66400
9.5,9.5,9.375,9.375,2.076767444610596,32600
9.5,9.5,9.375,9.5,2.1044578552246094,27100
9.5,9.5,9.375,9.5,2.1044578552246094,34900
9.5,9.5,9.375,9.375,2.076767444610596,42100
9.5,9.5,9.375,9.375,2.076767444610596,50300
9.5,9.5,9.375,9.375,2.076767444610596,18300
9.375,9.5,9.375,9.5,2.1044578552246094,38000
9.5,9.5,9.375,9.5,2.1044578552246094,13600
9.5,9.5,9.375,9.5,2.1044578552246094,49400
9.375,9.5,9.375,9.5,2.1044578552246094,37100
9.5,9.5,9.375,9.5,2.1044578552246094,18500
9.375,9.5,9.375,9.375,2.076767444610596,22700
9.375,9.5,9.375,9.375,2.076767444610596,32200
9.375,9.5,9.375,9.5,2.1044578552246094,18500
9.375,9.5,9.375,9.5,2.1044578552246094,16700
9.5,9.5,9.375,9.5,2.1044578552246094,61900
9.375,9.5,9.375,9.375,2.0888617038726807,23000
9.375,9.5,9.375,9.375,2.0888617038726807,26600
9.5,9.5,9.375,9.375,2.0888617038726807,34200
9.375,9.5,9.375,9.375,2.0888617038726807,67700
9.5,9.5,9.375,9.375,2.0888617038726807,31600
9.375,9.5,9.375,9.375,2.0888617038726807,34200
9.375,9.5,9.375,9.375,2.0888617038726807,31800
9.375,9.5,9.25,9.3125,2.0749351978302,24000
9.375,9.375,9.25,9.25,2.0610098838806152,9300
9.375,9.375,9.25,9.375,2.0888617038726807,35200
9.375,9.375,9.25,9.3125,2.0749351978302,33700
9.375,9.375,9.25,9.375,2.0888617038726807,52900
9.25,9.375,9.25,9.25,2.0610098838806152,23700
9.25,9.375,9.25,9.25,2.0610098838806152,50100
9.375,9.375,9.25,9.25,2.0610098838806152,64800
9.5,9.5,9.25,9.5,2.1167118549346924,39400
9.375,9.5,9.375,9.375,2.0888617038726807,20100
9.375,9.5,9.375,9.4375,2.1027865409851074,27800
9.375,9.5,9.375,9.375,2.0888617038726807,39800
9.5,9.5,9.375,9.5,2.1167118549346924,37000
9.375,9.5,9.25,9.375,2.1010255813598637,38400
9.375,9.5,9.375,9.375,2.1010255813598637,27900
9.375,9.5,9.375,9.5,2.129037857055664,24900
9.5,9.5,9.375,9.375,2.1010255813598637,15800
9.5,9.5,9.375,9.5,2.129037857055664,34100
9.5,9.5,9.375,9.375,2.1010255813598637,105700
9.375,9.5,9.25,9.375,2.1010255813598637,42700
9.5,9.5,9.25,9.375,2.1010255813598637,47700
9.25,9.375,9.25,9.25,2.073009967803955,21700
9.375,9.375,9.25,9.375,2.1010255813598637,26500
9.375,9.375,9.25,9.25,2.073009967803955,47800
9.375,9.375,9.25,9.375,2.1010255813598637,21600
9.375,9.375,9.25,9.25,2.073009967803955,17800
9.375,9.375,9.25,9.25,2.073009967803955,17600
9.375,9.375,9.25,9.375,2.1010255813598637,39300
9.375,9.375,9.25,9.25,2.073009967803955,43100
9.25,9.375,9.25,9.375,2.1010255813598637,11600
9.375,9.375,9.25,9.375,2.1010255813598637,32400
9.375,9.375,9.25,9.375,2.1010255813598637,15900
9.25,9.375,9.25,9.375,2.1010255813598637,9200
9.375,9.375,9.25,9.375,2.1010255813598637,26400
9.375,9.5,9.375,9.375,2.1010255813598637,58700
9.375,9.5,9.25,9.375,2.11342453956604,69900
9.375,9.375,9.25,9.375,2.11342453956604,36600
9.375,9.375,9.25,9.25,2.085245132446289,63700
9.25,9.375,9.25,9.375,2.11342453956604,29300
9.375,9.5,9.25,9.375,2.11342453956604,95700
9.5,9.5,9.375,9.375,2.11342453956604,18800
9.5,9.5,9.25,9.25,2.085245132446289,22600
9.25,9.5,9.25,9.5,2.1416027545928955,53300
9.5,9.5,9.25,9.25,2.085245132446289,19900
9.375,9.375,9.25,9.375,2.11342453956604,52700
9.375,9.375,9.25,9.375,2.11342453956604,18000
9.375,9.375,9.25,9.25,2.085245132446289,24100
9.375,9.375,9.25,9.25,2.085245132446289,72500
9.375,9.375,9.25,9.25,2.085245132446289,33500
9.375,9.375,9.25,9.375,2.11342453956604,34000
9.375,9.375,9.25,9.25,2.085245132446289,14300
9.375,9.375,9.25,9.375,2.11342453956604,38000
9.375,9.5,9.375,9.375,2.11342453956604,37400
9.5,9.5,9.375,9.375,2.11342453956604,49200
9.375,9.5,9.25,9.5,2.1542415618896484,34400
9.375,9.5,9.375,9.375,2.1258962154388428,34300
9.375,9.5,9.375,9.375,2.1258962154388428,52200
9.5,9.5,9.375,9.4375,2.1400675773620605,32600
9.375,9.5,9.375,9.375,2.1258962154388428,31900
9.375,9.5,9.375,9.5,2.1542415618896484,73700
9.5,9.5,9.375,9.375,2.1258962154388428,42500
9.375,9.5,9.375,9.375,2.1258962154388428,44400
9.375,9.5,9.375,9.375,2.1258962154388428,47800
9.375,9.5,9.375,9.375,2.1258962154388428,30700
9.375,9.5,9.375,9.5,2.1542415618896484,44500
9.375,9.5,9.375,9.375,2.1258962154388428,34900
9.375,9.375,9.25,9.25,2.0975499153137207,20200
9.375,9.375,9.25,9.375,2.1258962154388428,40700
9.375,9.5,9.25,9.375,2.1258962154388428,21900
9.375,9.375,9.25,9.25,2.0975499153137207,27700
9.25,9.375,9.25,9.25,2.0975499153137207,16400
9.25,9.5,9.25,9.5,2.1542415618896484,40900
9.5,9.5,9.375,9.375,2.1258962154388428,22500
9.375,9.5,9.375,9.375,2.1258962154388428,20600
9.375,9.5,9.375,9.375,2.1258962154388428,30700
9.375,9.375,9.25,9.25,2.109928607940674,30400
9.25,9.375,9.25,9.25,2.109928607940674,41200
9.25,9.375,9.25,9.25,2.109928607940674,59400
9.375,9.375,9.25,9.375,2.1384427547454834,30100
9.375,9.375,9.25,9.25,2.109928607940674,33900
9.25,9.5,9.25,9.25,2.109928607940674,32800
9.25,9.5,9.25,9.375,2.1384427547454834,14000
9.5,9.5,9.25,9.375,2.1384427547454834,18600
9.5,9.5,9.375,9.375,2.1384427547454834,81500
9.375,9.5,9.375,9.5,2.166953563690185,20600
9.5,9.5,9.375,9.375,2.1384427547454834,25700
9.5,9.5,9.375,9.5,2.166953563690185,19200
9.5,9.5,9.375,9.5,2.166953563690185,45500
9.5,9.5,9.375,9.375,2.1384427547454834,36700
9.5,9.5,9.375,9.5,2.166953563690185,24600
9.375,9.5,9.375,9.5,2.166953563690185,20600
9.375,9.5,9.375,9.375,2.1384427547454834,65200
9.5,9.5,9.375,9.4375,2.152696371078491,23600
9.375,9.5,9.375,9.5,2.166953563690185,30200
9.375,9.5,9.375,9.5,2.166953563690185,22600
9.375,9.5,9.375,9.5,2.166953563690185,22000
9.5,9.5,9.375,9.375,2.1384427547454834,50000
9.5,9.5,9.375,9.4375,2.165400981903076,32900
9.375,9.5,9.375,9.375,2.1510603427886963,55100
9.375,9.5,9.375,9.375,2.1510603427886963,52600
9.375,9.5,9.25,9.25,2.122380495071411,94200
9.375,9.375,9.25,9.3125,2.136720657348633,64000
9.375,9.375,9.25,9.25,2.122380495071411,22200
9.375,9.375,9.25,9.375,2.1510603427886963,25900
9.375,9.375,9.25,9.25,2.122380495071411,62400
9.375,9.375,9.25,9.25,2.122380495071411,26800
9.375,9.375,9.25,9.375,2.1510603427886963,19500
9.375,9.375,9.25,9.25,2.122380495071411,34800
9.25,9.5,9.25,9.5,2.1797425746917725,44800
9.375,9.5,9.25,9.5,2.1797425746917725,26100
9.5,9.5,9.375,9.5,2.1797425746917725,13600
9.375,9.5,9.375,9.5,2.1797425746917725,58900
9.5,9.5,9.375,9.5,2.1797425746917725,45300
9.375,9.5,9.375,9.5,2.1797425746917725,33000
9.375,9.5,9.375,9.5,2.1797425746917725,30700
9.5,9.5,9.375,9.375,2.1510603427886963,29000
9.5,9.625,9.5,9.5625,2.1940813064575195,136000
9.5,9.625,9.5,9.5625,2.1940813064575195,31200
9.625,9.625,9.5,9.625,2.221198797225952,30400
9.625,9.625,9.5,9.5,2.1923506259918213,59500
9.625,9.625,9.5,9.625,2.221198797225952,51200
9.625,9.625,9.5,9.625,2.221198797225952,18100
9.625,9.75,9.625,9.75,2.250046968460083,50000
9.75,9.75,9.625,9.75,2.250046968460083,37800
9.75,9.875,9.75,9.75,2.250046968460083,41100
9.875,9.875,9.75,9.75,2.250046968460083,29900
9.8125,9.8125,9.75,9.8125,2.2644684314727783,26100
9.8125,9.8125,9.6875,9.6875,2.2356207370758057,33900
9.6875,9.75,9.625,9.625,2.221198797225952,22800
9.6875,9.75,9.6875,9.75,2.250046968460083,34000
9.6875,9.75,9.6875,9.6875,2.2356207370758057,23300
9.75,9.75,9.6875,9.6875,2.2356207370758057,63500
9.6875,9.75,9.625,9.6875,2.2356207370758057,22400
9.75,9.8125,9.6875,9.8125,2.2644684314727783,39500
9.75,9.8125,9.75,9.8125,2.2644684314727783,54000
9.8125,9.875,9.75,9.875,2.2788922786712646,55100
9.875,9.9375,9.8125,9.875,2.2788922786712646,81800
9.875,9.9375,9.875,9.9375,2.293316125869751,33800
9.875,9.9375,9.875,9.875,2.291574716567993,27500
9.8125,9.9375,9.8125,9.875,2.291574716567993,39200
9.8125,9.875,9.8125,9.875,2.291574716567993,62100
9.8125,9.9375,9.8125,9.9375,2.3060789108276367,33100
9.875,9.9375,9.8125,9.875,2.291574716567993,136600
9.75,9.8125,9.75,9.75,2.262568235397339,61700
9.75,9.8125,9.6875,9.6875,2.2480628490448,43700
9.6875,9.75,9.625,9.6875,2.2480628490448,60500
9.75,9.75,9.6875,9.6875,2.2480628490448,47300
9.75,9.75,9.6875,9.75,2.262568235397339,55100
9.6875,9.8125,9.6875,9.8125,2.277069330215454,64600
9.75,9.875,9.75,9.8125,2.277069330215454,52100
9.8125,9.875,9.75,9.8125,2.277069330215454,70800
9.8125,9.8125,9.75,9.8125,2.277069330215454,45500
9.8125,9.875,9.8125,9.8125,2.277069330215454,54200
9.875,9.875,9.75,9.75,2.262568235397339,30500
9.75,9.875,9.75,9.8125,2.277069330215454,16100
9.875,9.9375,9.8125,9.8125,2.277069330215454,71500
9.8125,9.875,9.8125,9.8125,2.277069330215454,31000
9.8125,9.875,9.75,9.75,2.262568235397339,30500
9.75,9.8125,9.6875,9.6875,2.2480628490448,80900
9.6875,9.75,9.625,9.75,2.262568235397339,25300
9.6875,9.875,9.6875,9.75,2.262568235397339,26200
9.6875,9.75,9.625,9.75,2.274230718612671,23300
9.75,9.8125,9.625,9.75,2.274230718612671,17000
9.625,9.75,9.625,9.75,2.274230718612671,36000
9.8125,9.8125,9.6875,9.6875,2.259650945663452,18700
9.6875,9.75,9.625,9.75,2.274230718612671,18100
9.625,9.8125,9.625,9.71875,2.266939878463745,55300
9.75,9.8125,9.6875,9.6875,2.259650945663452,22800
9.6875,9.75,9.625,9.6875,2.259650945663452,46800
9.75,9.75,9.6875,9.6875,2.259650945663452,27400
9.625,9.75,9.625,9.75,2.274230718612671,29600
9.75,9.75,9.625,9.6875,2.259650945663452,45600
9.75,9.75,9.625,9.625,2.245073080062866,53200
9.6875,9.75,9.625,9.625,2.245073080062866,27600
9.6875,9.6875,9.625,9.625,2.245073080062866,58700
9.625,9.6875,9.5625,9.5625,2.2304940223693848,56400
9.625,9.625,9.5625,9.5625,2.2304940223693848,30100
9.625,9.625,9.5,9.5625,2.2304940223693848,31300
9.625,9.625,9.5625,9.5625,2.2304940223693848,40600
9.5625,9.625,9.5625,9.5625,2.2304940223693848,19300
9.5625,9.625,9.5,9.5625,2.2304940223693848,44800
9.5,9.5625,9.375,9.5,2.2275633811950684,71100
9.5,9.5,9.4375,9.4375,2.2129099369049072,21000
9.375,9.4375,9.375,9.4375,2.2129099369049072,44700
9.375,9.375,9.25,9.3125,2.183596134185791,97100
9.25,9.3125,9.1875,9.1875,2.154287815093994,77900
9.1875,9.25,9.0,9.0,2.1103241443634038,97000
8.9375,9.125,8.9375,9.0625,2.124979257583618,66000
9.0625,9.3125,9.0625,9.3125,2.183596134185791,134000
9.3125,9.375,9.125,9.1875,2.154287815093994,125000
9.125,9.1875,9.0625,9.0625,2.124979257583618,85300
9.1875,9.1875,9.0625,9.1875,2.154287815093994,105400
9.0625,9.1875,9.0625,9.125,2.1396334171295166,46100
9.125,9.1875,9.0625,9.1875,2.154287815093994,26800
9.1875,9.1875,9.0625,9.0625,2.124979257583618,43400
9.125,9.1875,9.0625,9.0625,2.124979257583618,92100
9.0625,9.125,9.0625,9.0625,2.124979257583618,34000
9.1875,9.1875,9.0625,9.0625,2.124979257583618,55300
9.125,9.125,9.0625,9.125,2.1396334171295166,21300
9.125,9.1875,9.0625,9.0625,2.124979257583618,41100
9.125,9.125,9.0625,9.125,2.1396334171295166,52700
9.125,9.1875,9.0625,9.125,2.1396334171295166,43600
9.0625,9.125,9.0,9.125,2.1514220237731934,84300
9.0625,9.1875,9.0625,9.1875,2.1661572456359863,26300
9.125,9.1875,9.0625,9.125,2.1514220237731934,32300
9.0625,9.1875,9.0625,9.125,2.1514220237731934,25000
9.0625,9.1875,9.0625,9.1875,2.1661572456359863,31600
9.0625,9.1875,9.0625,9.0625,2.1366865634918213,88100
9.0625,9.125,9.0625,9.125,2.1514220237731934,103300
9.0625,9.1875,9.0625,9.1875,2.1661572456359863,57700
9.125,9.1875,9.0625,9.125,2.1514220237731934,49600
9.125,9.1875,9.125,9.125,2.1514220237731934,24200
9.1875,9.1875,9.0625,9.125,2.1514220237731934,45700
9.0625,9.125,9.0625,9.0625,2.1366865634918213,48600
9.0,9.125,9.0,9.0,2.121950149536133,23800
9.0625,9.0625,9.0,9.0625,2.1366865634918213,47700
9.0,9.125,9.0,9.125,2.1514220237731934,58300
9.125,9.125,9.0625,9.0625,2.1366865634918213,32200
9.0625,9.1875,9.0,9.0625,2.1366865634918213,62100
9.125,9.125,9.0625,9.0625,2.1366865634918213,16200
9.0625,9.125,9.0625,9.125,2.1514220237731934,71600
9.0625,9.1875,9.0625,9.0625,2.1366865634918213,31400
9.0625,9.125,9.0,9.0625,2.1366865634918213,56300
9.0,9.1875,9.0,9.1875,2.1661572456359863,28000
9.125,9.1875,9.0625,9.1875,2.1661572456359863,84700
9.0625,9.1875,9.0625,9.125,2.1631946563720703,19400
9.0625,9.1875,9.0625,9.125,2.1631946563720703,38900
9.125,9.25,9.125,9.25,2.192826747894287,41100
9.1875,9.3125,9.1875,9.25,2.192826747894287,78000
9.1875,9.3125,9.1875,9.25,2.192826747894287,41000
9.3125,9.3125,9.1875,9.1875,2.178011178970337,77500
9.25,9.25,9.1875,9.25,2.192826747894287,41100
9.1875,9.3125,9.1875,9.1875,2.178011178970337,50800
9.25,9.25,9.1875,9.1875,2.178011178970337,48900
9.1875,9.25,9.125,9.1875,2.178011178970337,47000
9.125,9.1875,9.125,9.125,2.1631946563720703,64100
9.1875,9.1875,9.125,9.1875,2.178011178970337,8200
9.25,9.3125,9.1875,9.25,2.192826747894287,68000
9.1875,9.3125,9.1875,9.3125,2.2076432704925537,46700
9.3125,9.375,9.25,9.3125,2.2076432704925537,87400
9.3125,9.4375,9.3125,9.4375,2.237277746200561,51100
9.4375,9.5,9.3125,9.375,2.2224597930908203,41400
9.4375,9.5,9.25,9.25,2.192826747894287,28100
9.5,9.5,9.4375,9.4375,2.237277746200561,24000
9.5,9.5625,9.4375,9.5,2.2520930767059326,76100
9.4375,9.5,9.375,9.375,2.2342185974121094,29400
9.375,9.4375,9.3125,9.3125,2.2193260192871094,31600
9.375,9.4375,9.3125,9.3125,2.2193260192871094,35700
9.3125,9.375,9.25,9.25,2.204429626464844,39200
9.25,9.375,9.25,9.3125,2.2193260192871094,41300
9.3125,9.3125,9.1875,9.1875,2.189536094665528,43000
9.1875,9.25,9.1875,9.1875,2.189536094665528,54600
9.25,9.25,9.1875,9.25,2.204429626464844,56100
9.25,9.3125,9.1875,9.1875,2.189536094665528,42800
9.1875,9.25,9.1875,9.1875,2.189536094665528,47100
9.1875,9.625,9.1875,9.375,2.2342185974121094,66200
9.375,9.375,9.125,9.1875,2.189536094665528,131100
9.125,9.1875,9.125,9.125,2.1746394634246826,36300
9.1875,9.1875,9.125,9.125,2.1746394634246826,43900
9.1875,9.3125,9.125,9.3125,2.2193260192871094,129700
9.3125,9.375,9.25,9.375,2.2342185974121094,103700
9.4375,9.4375,9.25,9.375,2.2342185974121094,33000
9.375,9.4375,9.25,9.4375,2.2491137981414795,89600
9.5,9.5,9.375,9.4375,2.2491137981414795,57000
9.4375,9.5,9.4375,9.5,2.264009714126587,24000
9.4375,9.5,9.375,9.5,2.264009714126587,30900
9.375,9.5,9.3125,9.375,2.245565414428711,38500
9.375,9.4375,9.3125,9.4375,2.260536193847656,53700
9.375,9.5,9.375,9.4375,2.260536193847656,23200
9.375,9.5,9.375,9.5,2.275506496429444,53100
9.5625,9.5625,9.4375,9.5,2.275506496429444,49100
9.5,9.625,9.5,9.625,2.3054468631744385,41400
9.625,9.625,9.5625,9.5625,2.2904763221740723,35200
9.5625,9.5625,9.4375,9.5625,2.2904763221740723,57700
9.5,9.5625,9.4375,9.5,2.275506496429444,21200
9.5625,9.5625,9.4375,9.5625,2.2904763221740723,22200
9.5625,9.5625,9.4375,9.5625,2.2904763221740723,13900
9.5,9.5625,9.4375,9.5,2.275506496429444,21600
9.5,9.5625,9.4375,9.5625,2.2904763221740723,26000
9.5625,9.625,9.5,9.5625,2.2904763221740723,52900
9.5,9.5625,9.4375,9.5625,2.2904763221740723,48200
9.5,9.5625,9.4375,9.5625,2.2904763221740723,17900
9.4375,9.5625,9.4375,9.4375,2.260536193847656,25300
9.5,9.5625,9.4375,9.5625,2.2904763221740723,34500
9.4375,9.625,9.4375,9.625,2.3054468631744385,101900
9.625,9.625,9.5625,9.5625,2.2904763221740723,39000
9.5625,9.625,9.4375,9.4375,2.271940231323242,37800
9.5,9.5,9.4375,9.5,2.2869856357574463,29100
9.375,9.5,9.375,9.375,2.2568933963775635,30500
9.375,9.4375,9.0625,9.0625,2.181663990020752,77300
9.125,9.125,9.0,9.0625,2.181663990020752,54300
9.125,9.1875,9.0625,9.125,2.1967101097106934,33500
9.125,9.25,9.125,9.1875,2.211756467819214,19000
9.1875,9.25,9.0625,9.125,2.1967101097106934,63800
9.1875,9.1875,9.0,9.125,2.1967101097106934,84600
9.125,9.125,9.0625,9.0625,2.181663990020752,41500
9.0625,9.125,9.0625,9.125,2.1967101097106934,22000
9.125,9.125,9.0625,9.0625,2.181663990020752,35400
9.0625,9.125,9.0625,9.125,2.1967101097106934,49300
9.0625,9.125,9.0,9.0625,2.181663990020752,49200
9.0625,9.125,9.0625,9.0625,2.181663990020752,23600
9.125,9.125,9.0625,9.125,2.1967101097106934,30500
9.125,9.1875,9.0625,9.125,2.1967101097106934,30600
9.125,9.1875,9.125,9.1875,2.211756467819214,16700
9.125,9.3125,9.125,9.1875,2.211756467819214,46600
9.25,9.375,9.25,9.3125,2.2418487071990967,29100
9.25,9.375,9.1875,9.25,2.2383387088775635,26300
9.3125,9.3125,9.1875,9.1875,2.223215341567993,26600
9.1875,9.25,9.1875,9.1875,2.223215341567993,26100
9.1875,9.25,9.1875,9.1875,2.223215341567993,38000
9.1875,9.25,9.1875,9.1875,2.223215341567993,9700
9.1875,9.3125,9.1875,9.25,2.2383387088775635,32200
9.3125,9.3125,9.1875,9.25,2.2383387088775635,20400
9.1875,9.25,9.1875,9.25,2.2383387088775635,25900
9.25,9.25,9.125,9.125,2.208092212677002,24600
9.125,9.25,9.0625,9.125,2.208092212677002,59200
9.125,9.25,9.125,9.125,2.208092212677002,33800
9.25,9.25,9.125,9.125,2.208092212677002,20600
9.25,9.25,9.0625,9.0625,2.192967653274536,85900
9.125,9.125,9.0,9.0,2.177844524383545,25600
9.1875,9.1875,9.0625,9.125,2.208092212677002,43300
9.125,9.1875,9.0625,9.125,2.208092212677002,30200
9.125,9.1875,9.125,9.1875,2.223215341567993,19500
9.125,9.1875,9.125,9.1875,2.223215341567993,36100
9.125,9.25,9.125,9.25,2.2383387088775635,18700
9.25,9.3125,9.1875,9.1875,2.223215341567993,46400
9.1875,9.25,9.125,9.25,2.2383387088775635,48000
9.125,9.1875,9.0625,9.0625,2.204407215118408,31300
9.0625,9.0625,9.0,9.0625,2.204407215118408,30100
9.0625,9.0625,8.9375,8.9375,2.174002170562744,96400
8.9375,9.0,8.875,8.875,2.158797264099121,49100
8.9375,9.0,8.875,9.0,2.1892025470733643,28300
8.9375,9.0,8.9375,8.9375,2.174002170562744,28200
8.9375,9.0,8.875,8.9375,2.174002170562744,44300
8.875,8.875,8.75,8.75,2.1283934116363525,75600
8.8125,8.875,8.75,8.8125,2.143594264984131,37100
8.875,8.875,8.75,8.8125,2.143594264984131,20000
8.8125,8.875,8.6875,8.75,2.1283934116363525,71200
8.75,8.8125,8.625,8.625,2.0979857444763184,41500
8.5625,8.625,8.5,8.625,2.0979857444763184,52700
8.625,8.6875,8.5625,8.625,2.0979857444763184,43600
8.6875,8.75,8.625,8.6875,2.113188982009888,36300
8.75,8.75,8.625,8.6875,2.113188982009888,26200
8.625,8.75,8.625,8.75,2.1283934116363525,64200
8.75,8.8125,8.6875,8.6875,2.113188982009888,32300
8.8125,8.8125,8.6875,8.8125,2.143594264984131,72400
8.75,8.875,8.75,8.8125,2.143594264984131,58900
8.8125,8.875,8.75,8.8125,2.143594264984131,68600
8.6875,8.75,8.6875,8.75,2.1283934116363525,40200
8.625,8.8125,8.625,8.6875,2.1248464584350586,31100
8.6875,8.8125,8.6875,8.75,2.140133857727051,19300
8.75,8.8125,8.6875,8.6875,2.1248464584350586,20600
8.75,8.75,8.6875,8.6875,2.1248464584350586,25400
8.6875,8.75,8.6875,8.75,2.140133857727051,52700
8.6875,8.75,8.6875,8.75,2.140133857727051,21000
8.75,8.75,8.6875,8.75,2.140133857727051,55400
8.75,8.75,8.6875,8.75,2.140133857727051,27000
8.6875,8.75,8.625,8.625,2.1095590591430664,25400
8.625,8.6875,8.625,8.625,2.1095590591430664,53700
8.6875,8.75,8.6875,8.6875,2.1248464584350586,30000
8.75,8.75,8.6875,8.75,2.140133857727051,24600
8.75,8.8125,8.6875,8.75,2.140133857727051,40100
8.8125,8.875,8.75,8.8125,2.155418872833252,59500
8.875,8.875,8.6875,8.75,2.140133857727051,53200
8.75,8.8125,8.6875,8.75,2.140133857727051,16600
8.75,8.8125,8.75,8.75,2.140133857727051,52500
8.75,8.8125,8.75,8.75,2.140133857727051,76600
8.75,8.9375,8.75,8.9375,2.1859936714172363,63100
8.9375,9.0,8.875,9.0,2.2012789249420166,65900
8.9375,9.0,8.875,9.0,2.213083028793335,59100
8.9375,9.0,8.875,8.875,2.1823458671569824,55200
9.0,9.0,8.8125,8.9375,2.19771409034729,36200
9.0,9.0,8.9375,8.9375,2.19771409034729,23900
8.9375,9.0,8.875,8.875,2.1823458671569824,45400
8.875,8.9375,8.8125,8.8125,2.1669762134552,22200
8.8125,8.84375,8.75,8.8125,2.1669762134552,39200
8.75,8.9375,8.75,8.8125,2.1669762134552,68900
8.8125,8.9375,8.75,8.875,2.1823458671569824,56400
8.75,8.875,8.75,8.75,2.151606798171997,42900
8.875,8.875,8.75,8.875,2.1823458671569824,25000
8.875,8.875,8.75,8.8125,2.1669762134552,26000
8.8125,8.875,8.8125,8.875,2.1823458671569824,11000
8.875,8.875,8.8125,8.875,2.1823458671569824,33000
8.9375,8.9375,8.8125,8.875,2.1823458671569824,16800
8.875,9.0,8.8125,9.0,2.213083028793335,41500
8.875,9.0,8.875,9.0,2.213083028793335,23500
9.0,9.0625,9.0,9.0,2.213083028793335,29100
9.0,9.0625,9.0,9.0,2.213083028793335,16000
9.0,9.125,9.0,9.125,2.2438197135925293,22900
9.0625,9.125,9.0625,9.125,2.2438197135925293,24600
9.0,9.0625,9.0,9.0,2.224783420562744,15900
9.0625,9.0625,8.9375,9.0625,2.2402353286743164,43700
9.0,9.0625,8.9375,9.0,2.224783420562744,25200
9.125,9.125,9.0,9.0,2.224783420562744,54000
9.0625,9.125,9.0,9.0,2.224783420562744,44500
9.0,9.125,9.0,9.125,2.255686044692993,31800
9.125,9.125,9.0,9.0625,2.2402353286743164,46600
9.0,9.0625,8.9375,8.9375,2.2093355655670166,37600
8.9375,9.0,8.9375,8.9375,2.2093355655670166,14200
8.9375,9.0625,8.9375,9.0625,2.2402353286743164,38200
8.9375,9.0,8.9375,8.9375,2.2093355655670166,40200
8.9375,9.0625,8.9375,9.0,2.224783420562744,30300
9.0,9.0625,8.9375,8.9375,2.2093355655670166,33100
9.0625,9.0625,8.9375,9.0,2.224783420562744,25000
9.0625,9.0625,8.9375,9.0,2.224783420562744,16300
9.0625,9.0625,8.9375,8.9375,2.2093355655670166,17100
8.9375,8.96875,8.875,8.9375,2.2093355655670166,35200
8.875,9.0625,8.875,9.0,2.224783420562744,33700
9.0,9.0625,8.875,8.9375,2.2093355655670166,36500
9.0,9.0625,8.9375,8.9375,2.2093355655670166,27400
8.9375,9.0,8.875,8.9375,2.2093355655670166,24100
9.0,9.0,8.9375,9.0,2.224783420562744,27300
8.875,8.9375,8.8125,8.8125,2.1901159286499023,21300
8.8125,8.875,8.8125,8.8125,2.1901159286499023,19100
8.875,8.9375,8.8125,8.875,2.20564866065979,17600
8.9375,8.9375,8.875,8.875,2.20564866065979,20000
8.9375,9.0,8.875,8.875,2.20564866065979,20500
9.0,9.0,8.875,8.9375,2.221181869506836,16900
9.0,9.0,8.9375,8.9375,2.221181869506836,43200
8.9375,9.0,8.875,8.9375,2.221181869506836,31300
8.9375,8.9375,8.8125,8.875,2.20564866065979,35600
8.875,8.9375,8.875,8.875,2.20564866065979,35500
8.875,8.9375,8.75,8.8125,2.1901159286499023,42300
8.75,8.875,8.6875,8.75,2.1745827198028564,81300
8.8125,8.875,8.75,8.8125,2.1901159286499023,41500
8.875,8.875,8.75,8.75,2.1745827198028564,23600
8.75,8.8125,8.5,8.75,2.1745827198028564,55500
8.6875,8.8125,8.6875,8.8125,2.1901159286499023,24700
8.8125,8.875,8.75,8.875,2.20564866065979,43100
8.875,8.875,8.8125,8.875,2.20564866065979,22400
8.875,8.9375,8.875,8.9375,2.221181869506836,11200
8.875,8.9375,8.8125,8.875,2.20564866065979,35000
8.875,8.9375,8.875,8.9375,2.221181869506836,22400
8.75,8.875,8.75,8.8125,2.20194149017334,33600
8.8125,8.875,8.75,8.8125,2.20194149017334,30300
8.875,8.9375,8.8125,8.875,2.2175583839416504,18000
8.875,8.9375,8.75,8.8125,2.20194149017334,52300
8.875,8.875,8.8125,8.8125,2.20194149017334,18500
8.8125,8.875,8.8125,8.875,2.2175583839416504,44300
8.875,8.875,8.8125,8.875,2.2175583839416504,43400
8.875,8.875,8.8125,8.875,2.2175583839416504,68200
8.875,8.875,8.8125,8.8125,2.20194149017334,23000
8.875,8.875,8.8125,8.875,2.2175583839416504,42400
8.9375,8.9375,8.875,8.875,2.2175583839416504,35300
8.9375,9.0,8.875,9.0,2.248790740966797,44400
9.0,9.0,8.9375,9.0,2.248790740966797,46400
9.125,9.125,9.0625,9.125,2.2800254821777344,29400
9.125,9.125,9.0625,9.125,2.2800254821777344,30100
9.0625,9.25,9.0625,9.125,2.2800254821777344,48200
9.0625,9.1875,9.0625,9.125,2.2800254821777344,30200
9.125,9.125,9.0625,9.0625,2.264408826828003,40300
9.125,9.125,9.0,9.0625,2.264408826828003,54300
9.0,9.0,8.875,9.0,2.248790740966797,39800
9.0,9.0625,9.0,9.0,2.248790740966797,51000
9.125,9.125,9.0,9.0625,2.264408826828003,25000
9.0625,9.0625,9.0,9.0625,2.276465654373169,12200
9.0625,9.0625,8.9375,9.0,2.2607650756835938,37700
9.0,9.0625,9.0,9.0625,2.276465654373169,11200
9.125,9.125,8.9375,9.0,2.2607650756835938,34000
9.0,9.0,8.9375,8.9375,2.245066404342652,39100
9.0,9.0,8.875,9.0,2.2607650756835938,19600
9.0,9.0,8.9375,8.9375,2.245066404342652,15700
8.9375,9.0,8.9375,8.9375,2.245066404342652,27400
8.875,9.0,8.875,9.0,2.2607650756835938,20600
9.0,9.0625,9.0,9.0,2.2607650756835938,11200
9.0,9.0625,9.0,9.0625,2.276465654373169,31000
9.0,9.125,9.0,9.0625,2.276465654373169,15600
9.0625,9.1875,9.0625,9.125,2.2921667098999023,24900
9.125,9.1875,9.0,9.1875,2.307866334915161,38600
9.1875,9.1875,9.0625,9.0625,2.276465654373169,18700
9.125,9.1875,9.0,9.125,2.2921667098999023,32500
9.125,9.125,9.0625,9.0625,2.276465654373169,30400
9.0625,9.25,9.0625,9.1875,2.307866334915161,80200
9.125,9.1875,9.0625,9.1875,2.307866334915161,29500
9.125,9.1875,9.125,9.1875,2.307866334915161,6000
9.125,9.25,9.125,9.25,2.323564052581787,19300
9.1875,9.25,9.1875,9.25,2.323564052581787,20900
9.1875,9.4375,9.1875,9.375,2.3672499656677246,152300
9.375,9.375,9.25,9.3125,2.35146713256836,84000
9.3125,9.4375,9.25,9.375,2.3672499656677246,59700
9.375,9.4375,9.3125,9.375,2.3672499656677246,62500
9.3125,9.4375,9.3125,9.3125,2.35146713256836,49100
9.3125,9.375,9.0625,9.0625,2.2883405685424805,159000
9.0625,9.0625,9.0,9.0625,2.2883405685424805,66200
9.0,9.0,8.8125,9.0,2.272558689117432,147400
9.0,9.0625,8.9375,9.0625,2.2883405685424805,58200
9.0,9.0625,9.0,9.0625,2.2883405685424805,63000
9.0625,9.125,9.0,9.0625,2.2883405685424805,11800
9.125,9.125,8.9375,8.9375,2.256777048110962,68400
9.0,9.0625,8.9375,9.0625,2.2883405685424805,54800
9.0625,9.0625,8.9375,9.0625,2.2883405685424805,35600
9.0,9.0625,9.0,9.0,2.272558689117432,83000
9.0,9.0625,8.9375,9.0625,2.2883405685424805,36200
8.9375,9.0625,8.875,8.9375,2.256777048110962,52300
8.9375,9.0,8.875,8.875,2.240995407104492,82300
8.875,8.9375,8.875,8.9375,2.256777048110962,41300
8.875,8.9375,8.875,8.9375,2.256777048110962,33000
8.875,8.875,8.75,8.8125,2.235971689224243,40900
8.9375,8.9375,8.75,8.875,2.2518293857574463,79900
8.8125,8.875,8.6875,8.75,2.2201128005981445,112300
8.75,8.8125,8.6875,8.75,2.2201128005981445,63400
8.75,8.8125,8.625,8.625,2.188398838043213,72700
8.6875,8.6875,8.625,8.6875,2.204256057739258,79000
8.625,8.6875,8.625,8.625,2.188398838043213,46100
8.625,8.625,8.5,8.5,2.1566805839538574,63400
8.625,8.75,8.5625,8.625,2.188398838043213,78100
8.6875,8.6875,8.625,8.625,2.188398838043213,10800
8.625,8.625,8.5,8.5625,2.1725387573242188,74200
8.5,8.625,8.5,8.5,2.1566805839538574,61500
8.5,8.5,8.375,8.5,2.1566805839538574,86500
8.5,8.5,8.375,8.4375,2.1408231258392334,98100
8.4375,8.5,8.4375,8.4375,2.1408231258392334,48600
8.4375,8.625,8.4375,8.625,2.188398838043213,46400
8.5,8.625,8.5,8.5,2.1566805839538574,62600
8.5,8.5625,8.4375,8.5625,2.1725387573242188,53300
8.5625,8.5625,8.5,8.5625,2.1725387573242188,31600
8.5,8.5625,8.5,8.5625,2.1725387573242188,60000
8.5,8.5625,8.5,8.5625,2.1725387573242188,49600
8.4375,8.5625,8.4375,8.5625,2.1835036277771,78100
8.5625,8.5625,8.5,8.5625,2.1835036277771,83800
8.5,8.5625,8.5,8.5,2.167566299438477,41500
8.5,8.5625,8.4375,8.4375,2.151628971099853,60200
8.5,8.5625,8.4375,8.5,2.167566299438477,41300
8.4375,8.5,8.4375,8.5,2.167566299438477,47900
8.4375,8.5,8.4375,8.5,2.167566299438477,72900
8.5,8.5625,8.4375,8.5625,2.1835036277771,75800
8.5,8.625,8.5,8.5625,2.1835036277771,52400
8.5625,8.625,8.5,8.5625,2.1835036277771,19100
8.625,8.625,8.5,8.5625,2.1835036277771,38600
8.5,8.625,8.5,8.625,2.1994435787200928,27500
8.5625,8.625,8.5,8.5625,2.1835036277771,29900
8.5625,8.625,8.5,8.5625,2.1835036277771,21400
8.5625,8.625,8.5,8.625,2.1994435787200928,54100
8.5625,8.625,8.5625,8.625,2.1994435787200928,27400
8.5625,8.6875,8.5625,8.5625,2.1835036277771,86400
8.625,8.75,8.5625,8.625,2.1994435787200928,51100
8.625,8.75,8.5625,8.625,2.1994435787200928,83000
8.625,8.6875,8.5625,8.625,2.2104625701904297,38900
8.6875,8.6875,8.5625,8.625,2.2104625701904297,82400
8.5625,8.625,8.5,8.625,2.2104625701904297,39500
8.625,8.625,8.5,8.625,2.2104625701904297,46400
8.5625,8.625,8.5,8.5625,2.194445848464966,40900
8.5,8.625,8.5,8.5625,2.194445848464966,49400
8.5,8.625,8.5,8.5625,2.194445848464966,60100
8.5,8.625,8.5,8.625,2.2104625701904297,37500
8.5,8.625,8.4375,8.4375,2.1624107360839844,193900
8.4375,8.5625,8.4375,8.5,2.178426504135132,62200
8.5625,8.5625,8.5,8.5,2.178426504135132,29900
8.5,8.5625,8.4375,8.5625,2.194445848464966,23200
8.5625,8.5625,8.5,8.5625,2.194445848464966,38700
8.5625,8.5625,8.5,8.5,2.178426504135132,47900
8.5,8.5625,8.5,8.5,2.178426504135132,46400
8.5,8.5625,8.4375,8.5,2.178426504135132,53700
8.5625,8.5625,8.5,8.5625,2.194445848464966,48400
8.5625,8.5625,8.5,8.5,2.178426504135132,23700
8.625,8.625,8.5,8.5625,2.194445848464966,61400
8.625,8.625,8.5625,8.5625,2.194445848464966,38400
8.5625,8.625,8.5625,8.625,2.2104625701904297,40500
8.5,8.625,8.5,8.625,2.2215383052825928,38700
8.5,8.5625,8.5,8.5625,2.205440759658813,51000
8.5625,8.625,8.5,8.5625,2.205440759658813,37800
8.625,8.625,8.5625,8.625,2.2215383052825928,62100
8.625,8.6875,8.625,8.6875,2.2376365661621094,16900
8.625,8.6875,8.625,8.6875,2.2376365661621094,14200
8.625,8.6875,8.5,8.5,2.1893420219421387,90500
8.5,8.5625,8.5,8.5,2.1893420219421387,43500
8.5,8.5625,8.4375,8.5625,2.205440759658813,20700
8.5,8.5625,8.4375,8.5625,2.205440759658813,30200
8.5625,8.5625,8.5,8.5625,2.205440759658813,27100
8.5,8.5625,8.5,8.5625,2.205440759658813,47000
8.5,8.5625,8.5,8.5625,2.205440759658813,20200
8.5625,8.625,8.5,8.625,2.2215383052825928,51500
8.625,8.625,8.5,8.5625,2.205440759658813,17400
8.625,8.625,8.5,8.5625,2.205440759658813,35000
8.5,8.5625,8.4375,8.5625,2.205440759658813,45100
8.5,8.5625,8.5,8.5625,2.205440759658813,49000
8.5,8.625,8.4375,8.625,2.2215383052825928,55300
8.5625,8.625,8.5,8.5625,2.205440759658813,76800
8.5,8.5625,8.5,8.5625,2.205440759658813,51700
8.5,8.5625,8.4375,8.5,2.2003931999206543,69800
8.5,8.5,8.4375,8.5,2.2003931999206543,29600
8.4375,8.5625,8.4375,8.5625,2.216570377349853,42900
8.5,8.5625,8.4375,8.5625,2.216570377349853,18000
8.5625,8.5625,8.5,8.5625,2.216570377349853,50700
8.4375,8.5,8.4375,8.5,2.2003931999206543,10900
8.5,8.5,8.375,8.4375,2.184213638305664,75500
8.375,8.4375,8.375,8.4375,2.184213638305664,16900
8.375,8.4375,8.375,8.4375,2.184213638305664,59400
8.4375,8.4375,8.375,8.4375,2.184213638305664,29800
8.5,8.5,8.375,8.375,2.168034315109253,82600
8.5,8.5,8.375,8.5,2.2003931999206543,91800
8.5,8.5,8.375,8.375,2.168034315109253,67500
8.4375,8.4375,8.3125,8.4375,2.184213638305664,51400
8.4375,8.4375,8.25,8.3125,2.151853561401367,52900
8.3125,8.375,8.25,8.375,2.168034315109253,76100
8.4375,8.4375,8.375,8.4375,2.184213638305664,31200
8.375,8.4375,8.375,8.4375,2.184213638305664,15800
8.4375,8.5,8.375,8.4375,2.184213638305664,41700
8.375,8.5,8.375,8.5,2.2003931999206543,38300
8.4375,8.5,8.375,8.5,2.2003931999206543,62900
8.4375,8.5,8.4375,8.5,2.211581230163574,22400
8.5,8.5,8.375,8.4375,2.195318937301636,20000
8.375,8.4375,8.3125,8.375,2.1790578365325928,26900
8.375,8.375,8.25,8.3125,2.162795066833496,50100
8.3125,8.3125,8.25,8.25,2.1465351581573486,55700
8.3125,8.375,8.25,8.25,2.1465351581573486,42400
8.375,8.375,8.125,8.1875,2.1302731037139893,71800
8.1875,8.3125,8.1875,8.3125,2.162795066833496,40200
8.25,8.375,8.25,8.375,2.1790578365325928,29200
8.375,8.4375,8.3125,8.4375,2.195318937301636,94100
8.4375,8.4375,8.375,8.4375,2.195318937301636,42600
8.4375,8.4375,8.375,8.4375,2.195318937301636,16100
8.4375,8.4375,8.375,8.4375,2.195318937301636,26800
8.5,8.5,8.4375,8.5,2.211581230163574,33300
8.5,8.5,8.375,8.5,2.211581230163574,28600
8.5,8.5,8.375,8.4375,2.195318937301636,30700
8.4375,8.4375,8.3125,8.375,2.1790578365325928,59100
8.375,8.375,8.3125,8.3125,2.162795066833496,28800
8.4375,8.4375,8.3125,8.375,2.1790578365325928,58400
8.3125,8.4375,8.3125,8.4375,2.195318937301636,54800
8.25,8.375,8.25,8.3125,2.173875093460083,45200
8.25,8.3125,8.25,8.3125,2.173875093460083,20300
8.3125,8.3125,8.25,8.3125,2.173875093460083,13300
8.3125,8.375,8.25,8.375,2.1902194023132324,29200
8.375,8.375,8.25,8.3125,2.173875093460083,19200
8.3125,8.4375,8.3125,8.4375,2.2065629959106445,84200
8.4375,8.5,8.375,8.4375,2.2065629959106445,29100
8.375,8.4375,8.25,8.25,2.1575286388397217,27300
8.25,8.375,8.25,8.375,2.1902194023132324,30400
8.375,8.375,8.125,8.1875,2.141183614730835,85800
8.1875,8.25,8.0625,8.125,2.124840021133423,71400
8.0625,8.1875,8.0625,8.0625,2.1084964275360107,12200
8.125,8.125,8.0625,8.125,2.124840021133423,40300
8.0625,8.125,8.0,8.0,2.0921502113342285,57700
8.0625,8.25,8.0625,8.1875,2.141183614730835,70900
8.25,8.25,8.125,8.125,2.124840021133423,42000
8.1875,8.25,8.125,8.1875,2.141183614730835,41100
8.25,8.25,8.125,8.1875,2.141183614730835,38600
8.125,8.1875,8.125,8.125,2.124840021133423,36000
8.125,8.25,8.125,8.25,2.1575286388397217,44400
8.25,8.25,8.125,8.25,2.1575286388397217,17400
8.1875,8.25,8.1875,8.1875,2.141183614730835,16700
8.125,8.25,8.125,8.1875,2.15275239944458,61700
8.1875,8.1875,8.125,8.125,2.136319875717163,30500
8.125,8.1875,8.125,8.1875,2.15275239944458,68800
8.125,8.125,8.0625,8.0625,2.1198880672454834,42600
8.0625,8.125,8.0625,8.0625,2.1198880672454834,39200
8.0625,8.125,8.0625,8.0625,2.1198880672454834,16400
8.125,8.125,8.0,8.0625,2.1198880672454834,72600
8.0,8.0625,8.0,8.0,2.103454113006592,25400
8.0,8.0625,8.0,8.0,2.103454113006592,45400
8.0,8.0,7.875,7.875,2.070587635040283,75600
7.9375,8.0,7.875,7.875,2.070587635040283,48900
7.9375,8.0,7.875,8.0,2.103454113006592,43200
7.875,7.9375,7.875,7.875,2.070587635040283,24000
7.9375,7.9375,7.875,7.875,2.070587635040283,53800
7.9375,7.9375,7.875,7.9375,2.0870203971862797,50200
7.875,8.0,7.875,8.0,2.103454113006592,55400
7.9375,8.0,7.875,7.9375,2.0870203971862797,18700
7.875,7.9375,7.875,7.875,2.070587635040283,33700
7.875,7.875,7.75,7.75,2.037722110748291,28800
7.75,7.75,7.5625,7.625,2.0048556327819824,78600
7.625,7.6875,7.5,7.625,2.0048556327819824,56400
7.5,7.625,7.5,7.5625,1.9996988773345947,21500
7.5,7.625,7.375,7.4375,1.9666452407836916,32800
7.4375,7.5,7.4375,7.4375,1.9666452407836916,60200
7.5,7.5625,7.5,7.5625,1.9996988773345947,37100
7.5625,7.625,7.5,7.625,2.016225099563598,69300
7.5625,7.5625,7.5,7.5,1.9831711053848269,27300
7.5,7.5625,7.5,7.5,1.9831711053848269,36000
7.5625,7.625,7.5,7.625,2.016225099563598,19900
7.625,7.625,7.4375,7.4375,1.9666452407836916,78700
7.5,7.5625,7.4375,7.5,1.9831711053848269,61600
7.5,7.625,7.4375,7.5625,1.9996988773345947,85200
7.625,7.875,7.5625,7.6875,2.0327510833740234,46800
7.625,7.6875,7.625,7.6875,2.0327510833740234,40300
7.75,7.75,7.625,7.6875,2.0327510833740234,32300
7.6875,7.75,7.625,7.625,2.016225099563598,28300
7.6875,7.6875,7.625,7.625,2.016225099563598,37800
7.625,7.75,7.625,7.625,2.016225099563598,33500
7.6875,7.6875,7.625,7.625,2.016225099563598,27200
7.6875,7.6875,7.625,7.625,2.016225099563598,79600
7.6875,7.6875,7.5625,7.625,2.016225099563598,41700
7.625,7.6875,7.5625,7.5625,1.9996988773345947,44200
7.5625,7.625,7.5625,7.625,2.016225099563598,40600
7.5625,7.625,7.5,7.625,2.0279266834259038,40200
7.5,7.5625,7.5,7.5,1.99468207359314,49500
7.5,7.5625,7.375,7.375,1.961438536643982,76600
7.4375,7.5,7.375,7.4375,1.9780598878860476,49300
7.4375,7.4375,7.3125,7.375,1.961438536643982,60800
7.4375,7.4375,7.25,7.25,1.9281930923461916,71700
7.25,7.25,7.125,7.1875,1.9115698337554927,74600
7.1875,7.25,7.125,7.1875,1.9115698337554927,49400
7.125,7.25,7.125,7.25,1.9281930923461916,87300
7.125,7.25,7.125,7.25,1.9281930923461916,27300
7.25,7.25,7.1875,7.1875,1.9115698337554927,39700
7.25,7.25,7.125,7.25,1.9281930923461916,44300
7.25,7.25,7.125,7.125,1.89494788646698,37500
7.1875,7.25,7.0625,7.1875,1.9115698337554927,80600
7.1875,7.25,7.125,7.1875,1.9115698337554927,56300
7.125,7.25,7.125,7.1875,1.9115698337554927,73100
7.1875,7.25,7.125,7.125,1.89494788646698,52900
7.1875,7.1875,7.125,7.1875,1.9115698337554927,113400
7.125,7.25,7.125,7.1875,1.9115698337554927,26600
7.125,7.25,7.125,7.1875,1.9115698337554927,38700
7.25,7.25,7.125,7.125,1.89494788646698,54600
7.125,7.125,7.0,7.0,1.873273253440857,63200
7.0,7.0625,7.0,7.0625,1.889998435974121,82900
7.0,7.0625,6.875,6.9375,1.856545209884644,84800
6.9375,6.9375,6.8125,6.8125,1.8230942487716677,79400
6.8125,6.9375,6.8125,6.875,1.8398211002349851,61200
6.9375,6.9375,6.875,6.875,1.8398211002349851,35100
7.875,7.875,6.875,6.9375,1.856545209884644,53400
6.9375,7.0,6.9375,6.9375,1.856545209884644,46400
7.0,7.0,6.875,6.875,1.8398211002349851,53400
6.875,6.9375,6.8125,6.8125,1.8230942487716677,45300
6.8125,6.9375,6.75,6.875,1.8398211002349851,54700
6.875,6.875,6.75,6.8125,1.8230942487716677,28200
6.875,6.875,6.8125,6.875,1.8398211002349851,85800
6.875,7.125,6.875,7.125,1.9067214727401731,121900
7.125,7.125,7.0,7.0625,1.889998435974121,97200
7.125,7.3125,7.125,7.25,1.9401731491088867,120500
7.1875,7.375,7.1875,7.3125,1.9569004774093628,95300
7.375,7.5,7.375,7.4375,1.9903520345687864,104600
7.5,7.5625,7.4375,7.4375,1.9903520345687864,58900
7.4375,7.4375,7.3125,7.375,1.9736248254776,57500
7.25,7.375,7.125,7.1875,1.934993386268616,65200
7.1875,7.25,7.0,7.0625,1.901341438293457,120200
6.9375,7.0,6.8125,6.875,1.850863337516785,93900
6.875,7.25,6.875,7.1875,1.934993386268616,109500
7.1875,7.25,7.0625,7.125,1.9181671142578125,48000
7.0625,7.4375,7.0625,7.375,1.9854716062545776,129900
7.3125,7.3125,7.125,7.125,1.9181671142578125,38700
7.125,7.3125,7.125,7.25,1.9518195390701292,104400
7.1875,7.1875,7.0,7.0625,1.901341438293457,86300
7.0,7.1875,7.0,7.125,1.9181671142578125,217600
7.125,7.25,7.0,7.0625,1.901341438293457,158700
7.0,7.125,7.0,7.0625,1.901341438293457,97000
7.125,7.125,7.0,7.125,1.9181671142578125,40000
7.125,7.125,6.875,6.9375,1.8676871061325075,149200
7.0,7.125,6.9375,7.0625,1.901341438293457,102700
7.125,7.25,7.0625,7.25,1.9518195390701292,122800
7.1875,7.25,7.125,7.125,1.9181671142578125,66500
7.1875,7.375,7.125,7.3125,1.9686449766159055,88900
7.375,7.375,7.125,7.1875,1.934993386268616,83200
7.125,7.1875,6.875,6.9375,1.8676871061325075,85000
6.9375,7.0,6.875,6.875,1.850863337516785,75600
6.875,6.9375,6.75,6.75,1.817210912704468,76800
6.8125,7.0,6.8125,7.0,1.8845158815383911,135600
6.875,7.0,6.75,6.875,1.8625699281692505,125800
6.8125,6.875,6.625,6.625,1.7948405742645264,115900
6.625,6.75,6.5,6.6875,1.8117722272872925,160000
6.5,6.625,6.4375,6.5,1.7609751224517822,200400
6.4375,6.625,6.4375,6.4375,1.7440431118011477,145700
6.5,6.5625,6.375,6.4375,1.7440431118011477,344000
6.5,6.6875,6.4375,6.625,1.7948405742645264,183000
6.625,6.6875,6.5625,6.625,1.7948405742645264,156700
6.75,6.8125,6.6875,6.6875,1.8117722272872925,159900
6.625,6.75,6.625,6.6875,1.8117722272872925,208800
6.6875,6.8125,6.625,6.6875,1.8117722272872925,197000
6.75,6.75,6.5,6.5,1.7609751224517822,168300
6.5625,6.625,6.5,6.625,1.7948405742645264,101000
6.5625,6.625,6.5,6.5,1.7609751224517822,137500
6.625,6.6875,6.5625,6.625,1.7948405742645264,50700
6.625,6.75,6.5625,6.75,1.8287063837051392,112700
6.8125,6.8125,6.75,6.75,1.8287063837051392,77900
6.8125,6.8125,6.6875,6.6875,1.8117722272872925,64400
6.6875,6.75,6.625,6.6875,1.8117722272872925,44400
6.75,6.75,6.625,6.6875,1.8117722272872925,89800
6.625,6.75,6.5625,6.625,1.7948405742645264,85000
6.5625,6.625,6.5,6.625,1.806841254234314,83900
6.625,6.625,6.5,6.5625,1.7897942066192627,50900
6.5625,6.625,6.5,6.625,1.806841254234314,74000
6.625,6.625,6.5,6.5,1.7727484703063965,85600
6.5625,6.625,6.5,6.625,1.806841254234314,98100
6.5625,6.625,6.5,6.5,1.7727484703063965,62800
6.5625,6.625,6.5,6.5625,1.7897942066192627,62100
6.625,6.625,6.5,6.5,1.7727484703063965,78800
6.5625,6.625,6.5,6.625,1.806841254234314,54900
6.625,6.75,6.625,6.75,1.8409327268600464,67100
6.75,6.9375,6.75,6.9375,1.892068862915039,48000
6.875,7.0,6.8125,7.0,1.9091156721115112,75200
7.0,7.0,6.875,6.875,1.8750243186950684,97400
6.9375,6.9375,6.8125,6.875,1.8750243186950684,45600
6.9375,7.0,6.875,6.875,1.8750243186950684,81900
6.9375,7.0,6.875,7.0,1.9091156721115112,47900
7.0,7.0,6.875,6.9375,1.892068862915039,35700
7.0,7.0625,6.9375,7.0,1.9091156721115112,28300
7.0625,7.125,7.0,7.125,1.943204998970032,60200
7.1875,7.1875,7.0625,7.125,1.943204998970032,40400
7.125,7.125,7.0625,7.0625,1.926160454750061,32000
7.0625,7.0625,6.9375,7.0625,1.9382359981536863,71200
7.0625,7.0625,6.9375,7.0,1.9210845232009888,74300
7.0,7.0625,6.9375,7.0625,1.9382359981536863,53700
7.0625,7.125,7.0625,7.0625,1.9382359981536863,63200
7.125,7.125,7.0625,7.0625,1.9382359981536863,9000
7.0625,7.125,7.0625,7.125,1.9553873538970947,42500
7.125,7.125,7.0625,7.0625,1.9382359981536863,44000
7.125,7.125,7.0625,7.0625,1.9382359981536863,81900
7.125,7.125,6.9375,7.0,1.9210845232009888,46500
6.9375,7.0,6.9375,7.0,1.9210845232009888,68000
7.0,7.0,6.8125,6.9375,1.9039310216903689,64900
6.875,6.9375,6.8125,6.8125,1.8696247339248655,70800
6.875,6.875,6.75,6.875,1.8867785930633545,48100
6.8125,6.875,6.8125,6.8125,1.8696247339248655,52400
6.875,6.875,6.8125,6.8125,1.8696247339248655,35900
6.75,6.8125,6.75,6.75,1.8524740934371948,83700
6.75,6.8125,6.6875,6.75,1.8524740934371948,70500
6.75,6.75,6.625,6.625,1.8181692361831665,66800
6.5625,6.75,6.5625,6.6875,1.8353211879730225,58700
6.625,6.75,6.625,6.75,1.8524740934371948,92900
6.75,6.75,6.625,6.625,1.829825043678284,44200
6.6875,6.6875,6.5,6.5625,1.812561511993408,169800
6.625,6.6875,6.5625,6.625,1.829825043678284,67200
6.5625,6.5625,6.5,6.5625,1.812561511993408,53300
6.5,6.625,6.5,6.5,1.79529869556427,74500
6.5,6.625,6.5,6.5625,1.812561511993408,54800
6.5625,6.625,6.5,6.5625,1.812561511993408,63900
6.5625,6.625,6.5,6.5,1.79529869556427,103300
6.5625,6.625,6.5,6.625,1.829825043678284,52300
6.5,6.5625,6.4375,6.5,1.79529869556427,130700
6.5625,6.5625,6.5,6.5625,1.812561511993408,66700
6.625,6.75,6.625,6.6875,1.8470871448516848,57000
6.8125,6.8125,6.75,6.75,1.8643500804901123,59000
6.75,6.9375,6.75,6.9375,1.916136741638184,69300
6.875,7.0,6.875,7.0,1.9334001541137693,30200
7.0,7.0,6.6875,6.8125,1.8816124200820925,106700
6.875,7.0,6.875,6.9375,1.916136741638184,89400
6.9375,7.0,6.9375,7.0,1.9334001541137693,43900
7.0,7.0625,6.9375,6.9375,1.916136741638184,75400
6.9375,7.0,6.875,6.9375,1.916136741638184,49800
7.0,7.0,6.9375,7.0,1.9334001541137693,38000
7.0,7.0,6.9375,7.0,1.9334001541137693,52400
6.9375,7.0,6.9375,7.0,1.9456311464309688,56400
7.0,7.0625,6.9375,7.0625,1.9630014896392824,167000
6.9375,7.0,6.9375,6.9375,1.9282574653625488,94500
6.9375,7.0,6.875,6.875,1.910886287689209,74700
6.9375,7.0,6.875,6.9375,1.9282574653625488,52000
6.875,7.0,6.875,6.9375,1.9282574653625488,62500
7.0,7.0,6.875,6.9375,1.9282574653625488,92000
6.9375,7.0,6.875,7.0,1.9456311464309688,50300
7.0,7.0,6.9375,6.9375,1.9282574653625488,43600
6.9375,7.0,6.9375,6.9375,1.9282574653625488,71200
7.0,7.0,6.9375,6.9375,1.9282574653625488,81600
7.0,7.0,6.9375,6.9375,1.9282574653625488,66100
6.9375,7.0,6.9375,7.0,1.9456311464309688,68300
7.0,7.0,6.9375,6.9375,1.9282574653625488,66800
6.9375,7.0,6.9375,7.0,1.9456311464309688,48400
7.0,7.0,6.9375,6.9375,1.9282574653625488,78500
6.875,7.0,6.875,6.9375,1.9282574653625488,37800
6.875,7.0,6.875,6.875,1.910886287689209,59200
6.9375,6.9375,6.875,6.9375,1.9282574653625488,37200
6.9375,6.9375,6.875,6.9375,1.9282574653625488,44700
6.9375,6.9375,6.8125,6.8125,1.90532386302948,37900
6.875,6.9375,6.8125,6.875,1.9228034019470213,50400
6.875,6.9375,6.875,6.875,1.9228034019470213,40800
6.9375,7.0,6.875,7.0,1.9577655792236328,82700
6.9375,7.0,6.875,7.0,1.9577655792236328,75700
7.0,7.0,6.875,6.9375,1.940284252166748,53500
7.0,7.0625,6.9375,7.0,1.9577655792236328,88900
7.0625,7.0625,7.0,7.0,1.9577655792236328,92400
7.0625,7.0625,7.0,7.0625,1.9752447605133057,36500
7.0,7.0625,6.9375,7.0625,1.9752447605133057,42000
7.0625,7.0625,6.9375,6.9375,1.940284252166748,25600
7.0,7.0625,6.9375,7.0625,1.9752447605133057,37100
7.0625,7.125,7.0,7.0625,1.9752447605133057,58500
7.125,7.25,7.0625,7.25,2.027684450149536,52600
7.25,7.375,7.1875,7.3125,2.0451669692993164,65200
7.3125,7.5625,7.3125,7.5625,2.115083932876587,44800
7.5,7.5625,7.4375,7.5,2.097604274749756,61200
7.5625,7.5625,7.5,7.5,2.097604274749756,69700
7.5,7.5625,7.4375,7.5,2.097604274749756,47000
7.5,7.5,7.4375,7.4375,2.0801239013671875,18500
7.5,7.5,7.375,7.5,2.097604274749756,41300
7.4375,7.5,7.375,7.4375,2.0801239013671875,46300
7.4375,7.4375,7.3125,7.375,2.074920177459717,60300
7.375,7.4375,7.25,7.3125,2.057337522506714,70100
7.3125,7.375,7.25,7.25,2.0397515296936035,30400
7.3125,7.375,7.25,7.3125,2.057337522506714,47900
7.375,7.4375,7.3125,7.375,2.074920177459717,35900
7.4375,7.5,7.375,7.4375,2.0925025939941406,37600
7.375,7.4375,7.375,7.4375,2.0925025939941406,24800
7.4375,7.4375,7.375,7.375,2.074920177459717,36200
7.375,7.4375,7.375,7.375,2.074920177459717,12200
7.4375,7.4375,7.375,7.4375,2.0925025939941406,61700
7.4375,7.4375,7.3125,7.375,2.074920177459717,34400
7.4375,7.4375,7.375,7.4375,2.0925025939941406,17000
7.4375,7.5,7.375,7.375,2.074920177459717,55800
7.4375,7.5,7.375,7.5,2.1100871562957764,40000
7.5,7.5,7.4375,7.4375,2.0925025939941406,31200
7.4375,7.5,7.4375,7.4375,2.0925025939941406,31100
7.375,7.4375,7.375,7.4375,2.0925025939941406,55100
7.4375,7.4375,7.375,7.375,2.074920177459717,73600
7.4375,7.4375,7.375,7.4375,2.0925025939941406,46800
7.4375,7.4375,7.375,7.375,2.074920177459717,22700
7.375,7.4375,7.375,7.375,2.0873730182647705,26900
7.375,7.4375,7.375,7.375,2.0873730182647705,54300
7.4375,7.4375,7.3125,7.375,2.0873730182647705,31100
7.3125,7.4375,7.3125,7.375,2.0873730182647705,38600
7.375,7.4375,7.3125,7.3125,2.069685220718384,23400
7.4375,7.4375,7.375,7.375,2.0873730182647705,32400
7.4375,7.4375,7.375,7.4375,2.105063199996948,28000
7.4375,7.4375,7.3125,7.375,2.0873730182647705,40700
7.3125,7.4375,7.3125,7.375,2.0873730182647705,36700
7.375,7.4375,7.3125,7.375,2.0873730182647705,25500
7.4375,7.5,7.375,7.5,2.122751474380493,47200
7.4375,7.5,7.375,7.4375,2.105063199996948,28300
7.4375,7.5,7.375,7.5,2.122751474380493,35400
7.4375,7.5,7.375,7.375,2.0873730182647705,67900
7.4375,7.4375,7.3125,7.375,2.0873730182647705,71900
7.4375,7.5,7.375,7.5,2.122751474380493,37700
7.5,7.5,7.375,7.375,2.0873730182647705,24200
7.4375,7.5,7.4375,7.4375,2.105063199996948,52600
7.4375,7.5625,7.4375,7.5,2.122751474380493,80200
7.5625,7.625,7.5,7.625,2.158132076263428,46800
7.6875,7.75,7.625,7.6875,2.17582106590271,29000
7.625,7.75,7.5625,7.75,2.1935105323791504,31400
7.6875,7.875,7.5625,7.8125,2.223826169967652,57100
7.875,7.875,7.75,7.75,2.206035852432251,92900
7.6875,7.6875,7.5,7.5625,2.152663230895996,141600
7.5625,7.5625,7.5,7.5,2.134873151779175,20100
7.5625,7.625,7.5,7.5625,2.152663230895996,37800
7.625,7.625,7.5,7.5,2.134873151779175,54800
7.5625,7.5625,7.4375,7.5,2.134873151779175,36300
7.5625,7.5625,7.4375,7.5625,2.152663230895996,57800
7.5625,7.625,7.5,7.5,2.134873151779175,31200
7.5,7.625,7.5,7.5625,2.152663230895996,40500
7.5625,7.625,7.5625,7.625,2.170454978942871,49400
7.625,7.625,7.5625,7.625,2.170454978942871,43000
7.625,7.6875,7.5625,7.625,2.170454978942871,28900
7.75,7.8125,7.625,7.8125,2.223826169967652,37500
7.8125,8.0,7.75,8.0,2.2771987915039062,62000
8.0625,8.0625,7.9375,8.0,2.2771987915039062,19700
8.0,8.0,7.875,7.875,2.241617202758789,24900
7.9375,7.9375,7.875,7.9375,2.2594070434570312,35300
7.9375,7.9375,7.875,7.9375,2.2594070434570312,25600
7.9375,7.9375,7.8125,7.9375,2.2594070434570312,49100
7.9375,7.9375,7.8125,7.90625,2.2505111694335938,28500
7.9375,7.9375,7.8125,7.875,2.241617202758789,17000
7.8125,7.875,7.75,7.875,2.2542107105255127,16700
7.875,7.875,7.75,7.8125,2.236320734024048,19300
7.8125,7.875,7.75,7.8125,2.236320734024048,19300
7.8125,7.8125,7.6875,7.6875,2.200539350509644,35600
7.6875,7.875,7.6875,7.75,2.2184295654296875,45800
7.6875,7.8125,7.375,7.75,2.2184295654296875,31700
7.8125,7.875,7.6875,7.8125,2.236320734024048,35100
7.75,7.875,7.75,7.8125,2.236320734024048,42200
7.8125,7.8125,7.6875,7.75,2.2184295654296875,10200
7.75,7.8125,7.6875,7.6875,2.200539350509644,20700
7.75,7.75,7.625,7.625,2.1826491355896,31600
7.6875,7.75,7.5625,7.625,2.1826491355896,27700
7.625,7.625,7.5625,7.625,2.1826491355896,28400
7.625,7.6875,7.5625,7.6875,2.200539350509644,35400
7.5625,7.75,7.5625,7.6875,2.200539350509644,34800
7.625,7.75,7.625,7.6875,2.200539350509644,28100
7.6875,7.6875,7.625,7.6875,2.200539350509644,28900
7.6875,7.75,7.625,7.625,2.1826491355896,29100
7.75,7.75,7.625,7.625,2.1826491355896,11000
7.625,7.6875,7.5625,7.5625,2.1647582054138184,51400
7.625,7.625,7.5,7.5,2.1468684673309326,105100
7.5625,7.5625,7.4375,7.5625,2.177534341812134,54000
7.5,7.5625,7.5,7.5,2.1595373153686523,17500
7.5,7.5625,7.5,7.5,2.1595373153686523,28900
7.5625,7.5625,7.5,7.5625,2.177534341812134,16000
7.5,7.5625,7.375,7.375,2.123544216156006,40100
7.4375,7.4375,7.3125,7.375,2.123544216156006,44200
7.375,7.375,7.25,7.3125,2.1055493354797363,38300
7.4375,7.4375,7.3125,7.3125,2.1055493354797363,20900
7.3125,7.4375,7.3125,7.4375,2.141540765762329,27400
7.4375,7.5,7.375,7.5,2.1595373153686523,26200
7.5,7.5,7.375,7.375,2.123544216156006,51200
7.375,7.4375,7.3125,7.375,2.123544216156006,29700
7.4375,7.4375,7.3125,7.375,2.123544216156006,28700
7.4375,7.4375,7.375,7.375,2.123544216156006,42400
7.5,7.625,7.4375,7.5,2.1595373153686523,75500
7.5625,7.5625,7.5,7.5625,2.177534341812134,42900
7.625,7.625,7.4375,7.5,2.1595373153686523,27000
7.5,7.5,7.375,7.375,2.123544216156006,23600
7.4375,7.4375,7.25,7.3125,2.1055493354797363,32400
7.3125,7.3125,7.125,7.125,2.0515596866607666,39700
7.1875,7.25,7.125,7.1875,2.06955623626709,19200
7.25,7.3125,7.1875,7.3125,2.1055493354797363,38100
7.1875,7.25,7.1875,7.1875,2.08208441734314,20700
7.1875,7.25,7.125,7.125,2.063978910446167,50000
7.125,7.3125,7.125,7.3125,2.118295192718506,72600
7.3125,7.4375,7.25,7.3125,2.118295192718506,88900
7.375,7.4375,7.3125,7.375,2.136399269104004,31200
7.375,7.4375,7.125,7.125,2.063978910446167,90200
7.1875,7.1875,7.0,7.0625,2.0458731651306152,75000
7.0,7.125,7.0,7.0625,2.0458731651306152,34800
7.125,7.125,7.0625,7.0625,2.0458731651306152,5700
7.125,7.1875,7.0,7.0,2.027768611907959,38900
7.0625,7.125,7.0,7.125,2.063978910446167,38200
7.125,7.125,7.0,7.0,2.027768611907959,53300
7.125,7.1875,7.0,7.0,2.027768611907959,100000
7.0625,7.1875,7.0,7.1875,2.08208441734314,97000
7.1875,7.3125,7.0625,7.25,2.100188970565796,70600
7.1875,7.25,7.1875,7.1875,2.08208441734314,42600
7.1875,7.3125,7.1875,7.3125,2.118295192718506,32000
7.1875,7.3125,7.1875,7.25,2.100188970565796,74600
7.25,7.375,7.25,7.375,2.136399269104004,65100
7.3125,7.375,7.25,7.25,2.100188970565796,82000
7.25,7.3125,7.1875,7.25,2.100188970565796,104200
7.125,7.1875,7.0625,7.125,2.0765812397003174,128500
7.125,7.1875,7.0625,7.125,2.0765812397003174,59200
7.0625,7.1875,7.0,7.125,2.0765812397003174,87000
7.1875,7.1875,7.0625,7.0625,2.058366537094116,59800
7.125,7.1875,7.0,7.0625,2.058366537094116,100800
7.0625,7.1875,7.0625,7.125,2.0765812397003174,108100
7.125,7.1875,7.0625,7.0625,2.058366537094116,99600
7.0625,7.1875,7.0625,7.125,2.0765812397003174,81300
7.0625,7.1875,7.0625,7.125,2.0765812397003174,141300
7.1875,7.25,7.1875,7.1875,2.094797372817993,56500
7.1875,7.375,7.1875,7.25,2.113013744354248,117800
7.1875,7.3125,7.125,7.3125,2.131230115890503,134500
7.3125,7.4375,7.25,7.375,2.149442672729492,38200
7.5,7.9375,7.5,7.625,2.2223072052001958,81300
7.75,7.875,7.6875,7.875,2.295168876647949,25000
7.875,7.875,7.6875,7.75,2.258737802505493,104200
7.8125,8.1875,7.8125,8.0625,2.349815845489502,159000
8.1875,8.1875,8.0,8.125,2.368032932281494,77700
8.125,8.1875,8.0,8.0,2.3316009044647217,83800
8.0,8.125,8.0,8.0625,2.362811803817749,132800
8.0625,8.0625,7.875,8.0,2.344496250152588,50800
7.875,8.0,7.875,8.0,2.344496250152588,56000
7.9375,8.125,7.9375,8.125,2.3811287879943848,64600
8.0625,8.125,8.0,8.125,2.3811287879943848,70900
8.125,8.3125,8.125,8.1875,2.399445056915283,68800
8.25,8.25,8.1875,8.1875,2.399445056915283,34800
8.25,8.25,8.125,8.1875,2.399445056915283,37500
8.125,8.25,8.125,8.125,2.3811287879943848,59600
8.1875,8.25,8.1875,8.25,2.417759895324707,23900
8.25,8.375,8.1875,8.375,2.454395055770874,52100
8.430000305175781,8.5,8.350000381469727,8.449999809265137,2.476375102996826,66300
8.449999809265137,8.449999809265137,8.399999618530273,8.399999618530273,2.461721658706665,66700
8.4399995803833,8.449999809265137,8.34000015258789,8.350000381469727,2.4470667839050293,44200
8.350000381469727,8.399999618530273,8.350000381469727,8.359999656677246,2.4499971866607666,49600
8.399999618530273,8.4399995803833,8.319999694824219,8.34000015258789,2.4441373348236084,37900
8.289999961853027,8.350000381469727,8.199999809265137,8.25,2.417759895324707,79000
8.270000457763672,8.34000015258789,8.220000267028809,8.34000015258789,2.4441373348236084,26800
8.350000381469727,8.449999809265137,8.270000457763672,8.420000076293945,2.4675817489624023,30100
8.470000267028809,8.5,8.40999984741211,8.430000305175781,2.470513343811035,28600
8.5,8.5,8.40999984741211,8.40999984741211,2.4646530151367188,53300
8.4399995803833,8.449999809265137,8.3100004196167,8.380000114440918,2.4558582305908203,44300
8.399999618530273,8.489999771118164,8.350000381469727,8.430000305175781,2.4835517406463623,53600
8.4399995803833,8.4399995803833,8.390000343322754,8.399999618530273,2.4747142791748047,23500
8.449999809265137,8.460000038146973,8.369999885559082,8.449999809265137,2.489443063735962,25800
8.40999984741211,8.449999809265137,8.350000381469727,8.399999618530273,2.4747142791748047,40400
8.350000381469727,8.399999618530273,8.149999618530273,8.1899995803833,2.412843942642212,72800
8.09000015258789,8.180000305175781,8.09000015258789,8.180000305175781,2.409900665283203,45500
8.119999885559082,8.149999618530273,8.0,8.0600004196167,2.374547481536865,53300
8.010000228881836,8.029999732971191,7.980000019073486,8.020000457763672,2.3627636432647705,19300
7.96999979019165,8.039999961853027,7.96999979019165,8.010000228881836,2.3598170280456543,30400
8.09000015258789,8.149999618530273,8.039999961853027,8.149999618530273,2.4010612964630127,26500
8.1899995803833,8.1899995803833,8.100000381469727,8.100000381469727,2.386331081390381,32900
8.1899995803833,8.199999809265137,8.130000114440918,8.170000076293945,2.406956195831299,39600
8.199999809265137,8.199999809265137,8.100000381469727,8.119999885559082,2.392224073410034,37200
8.140000343322754,8.210000038146973,8.119999885559082,8.210000038146973,2.4187376499176025,54300
8.170000076293945,8.229999542236328,8.15999984741211,8.170000076293945,2.406956195831299,36100
8.199999809265137,8.229999542236328,8.149999618530273,8.180000305175781,2.409900665283203,34200
8.210000038146973,8.239999771118164,8.170000076293945,8.170000076293945,2.406956195831299,38000
8.170000076293945,8.25,8.170000076293945,8.170000076293945,2.406956195831299,41600
8.1899995803833,8.279999732971191,8.170000076293945,8.1899995803833,2.412843942642212,39500
8.109999656677246,8.25,8.109999656677246,8.1899995803833,2.425879716873169,44100
8.180000305175781,8.229999542236328,8.119999885559082,8.1899995803833,2.425879716873169,30300
8.15999984741211,8.210000038146973,8.15999984741211,8.170000076293945,2.419956922531128,23300
8.210000038146973,8.239999771118164,8.15999984741211,8.1899995803833,2.425879716873169,30200
8.210000038146973,8.220000267028809,8.15999984741211,8.199999809265137,2.4288408756256104,27900
8.170000076293945,8.25,8.15999984741211,8.1899995803833,2.425879716873169,23900
8.239999771118164,8.239999771118164,8.170000076293945,8.170000076293945,2.419956922531128,43800
8.170000076293945,8.239999771118164,8.15999984741211,8.199999809265137,2.4288408756256104,26500
8.210000038146973,8.229999542236328,8.199999809265137,8.199999809265137,2.4288408756256104,16100
8.220000267028809,8.220000267028809,8.069999694824219,8.100000381469727,2.3992207050323486,30000
8.100000381469727,8.149999618530273,8.069999694824219,8.079999923706055,2.3932971954345703,14300
8.149999618530273,8.180000305175781,8.079999923706055,8.140000343322754,2.411069631576538,26800
8.170000076293945,8.25,8.170000076293945,8.239999771118164,2.4406888484954834,29300
8.25,8.25,8.140000343322754,8.140000343322754,2.411069631576538,50600
8.1899995803833,8.199999809265137,8.100000381469727,8.149999618530273,2.414031505584717,23500
8.15999984741211,8.180000305175781,8.09000015258789,8.09000015258789,2.3962581157684326,33700
8.100000381469727,8.15999984741211,8.079999923706055,8.130000114440918,2.40810775756836,47500
8.149999618530273,8.149999618530273,8.079999923706055,8.079999923706055,2.3932971954345703,26200
8.119999885559082,8.180000305175781,8.050000190734863,8.050000190734863,2.3844125270843506,59000
8.100000381469727,8.149999618530273,8.050000190734863,8.050000190734863,2.3844125270843506,34700
8.029999732971191,8.130000114440918,8.020000457763672,8.100000381469727,2.3992207050323486,54100
8.010000228881836,8.149999618530273,8.0,8.010000228881836,2.3855221271514893,18900
8.100000381469727,8.140000343322754,7.960000038146973,7.96999979019165,2.373608350753784,43800
7.980000019073486,8.050000190734863,7.909999847412109,7.989999771118164,2.379566192626953,41800
7.989999771118164,8.140000343322754,7.949999809265137,8.069999694824219,2.403390407562256,29700
8.100000381469727,8.100000381469727,8.010000228881836,8.020000457763672,2.3885014057159424,45900
8.079999923706055,8.130000114440918,8.0,8.0,2.382543563842773,27800
8.100000381469727,8.100000381469727,7.989999771118164,8.050000190734863,2.397435426712036,28300
8.069999694824219,8.130000114440918,8.050000190734863,8.130000114440918,2.42125940322876,20600
8.079999923706055,8.149999618530273,8.079999923706055,8.079999923706055,2.406367778778076,19100
8.119999885559082,8.149999618530273,8.050000190734863,8.09000015258789,2.409346103668213,33300
8.039999961853027,8.119999885559082,7.989999771118164,8.119999885559082,2.418280601501465,33400
8.119999885559082,8.180000305175781,8.109999656677246,8.170000076293945,2.433174133300781,34700
8.170000076293945,8.1899995803833,8.130000114440918,8.149999618530273,2.4272167682647705,51500
8.1899995803833,8.239999771118164,8.1899995803833,8.199999809265137,2.4421069622039795,26300
8.220000267028809,8.220000267028809,8.1899995803833,8.199999809265137,2.4421069622039795,23000
8.170000076293945,8.220000267028809,8.130000114440918,8.140000343322754,2.4242377281188965,28600
8.199999809265137,8.199999809265137,8.069999694824219,8.100000381469727,2.412324905395508,35400
8.100000381469727,8.140000343322754,8.069999694824219,8.069999694824219,2.403390407562256,16200
8.130000114440918,8.140000343322754,8.050000190734863,8.079999923706055,2.406367778778076,34700
8.130000114440918,8.140000343322754,8.069999694824219,8.130000114440918,2.42125940322876,38300
8.130000114440918,8.149999618530273,8.09000015258789,8.119999885559082,2.418280601501465,41700
8.109999656677246,8.220000267028809,8.09000015258789,8.220000267028809,2.4610962867736816,54000
8.220000267028809,8.229999542236328,8.149999618530273,8.199999809265137,2.455108404159546,37800
8.199999809265137,8.25,8.199999809265137,8.220000267028809,2.4610962867736816,46600
8.199999809265137,8.25,8.199999809265137,8.25,2.470077991485596,24800
8.210000038146973,8.3100004196167,8.210000038146973,8.25,2.470077991485596,65600
8.300000190734863,8.34000015258789,8.279999732971191,8.300000190734863,2.485048770904541,14200
8.300000190734863,8.34000015258789,8.289999961853027,8.300000190734863,2.485048770904541,27500
8.25,8.329999923706055,8.220000267028809,8.319999694824219,2.4910366535186768,54000
8.34000015258789,8.34000015258789,8.25,8.25,2.470077991485596,29300
8.239999771118164,8.319999694824219,8.220000267028809,8.220000267028809,2.4610962867736816,19000
8.239999771118164,8.279999732971191,8.220000267028809,8.279999732971191,2.479059934616089,31200
8.300000190734863,8.350000381469727,8.270000457763672,8.300000190734863,2.485048770904541,42500
8.34000015258789,8.350000381469727,8.25,8.270000457763672,2.4760658740997314,34600
8.279999732971191,8.289999961853027,8.210000038146973,8.210000038146973,2.458101511001587,52200
8.260000228881836,8.369999885559082,8.199999809265137,8.260000228881836,2.473073482513428,49000
8.300000190734863,8.3100004196167,8.229999542236328,8.25,2.470077991485596,36400
8.270000457763672,8.350000381469727,8.25,8.300000190734863,2.485048770904541,37300
8.350000381469727,8.350000381469727,8.279999732971191,8.279999732971191,2.479059934616089,37300
8.270000457763672,8.34000015258789,8.210000038146973,8.289999961853027,2.4820544719696045,32700
8.220000267028809,8.279999732971191,8.210000038146973,8.220000267028809,2.4610962867736816,24800
8.210000038146973,8.270000457763672,8.199999809265137,8.25,2.470077991485596,26000
8.229999542236328,8.279999732971191,8.210000038146973,8.210000038146973,2.458101511001587,22700
8.210000038146973,8.229999542236328,8.149999618530273,8.180000305175781,2.4623172283172607,49300
8.149999618530273,8.220000267028809,8.149999618530273,8.180000305175781,2.4623172283172607,37700
8.170000076293945,8.239999771118164,8.15999984741211,8.1899995803833,2.4653260707855225,33600
8.229999542236328,8.229999542236328,8.180000305175781,8.210000038146973,2.471345901489258,14100
8.220000267028809,8.25,8.15999984741211,8.1899995803833,2.4653260707855225,34500
8.199999809265137,8.270000457763672,8.15999984741211,8.199999809265137,2.4683358669281006,42400
8.180000305175781,8.300000190734863,8.180000305175781,8.239999771118164,2.4803781509399414,31300
8.279999732971191,8.300000190734863,8.210000038146973,8.260000228881836,2.486398458480835,35900
8.270000457763672,8.279999732971191,8.15999984741211,8.1899995803833,2.4653260707855225,49300
8.1899995803833,8.25,8.149999618530273,8.210000038146973,2.471345901489258,48400
8.180000305175781,8.350000381469727,8.180000305175781,8.300000190734863,2.498439073562622,62100
8.329999923706055,8.350000381469727,8.289999961853027,8.319999694824219,2.5044589042663574,23500
8.399999618530273,8.399999618530273,8.350000381469727,8.380000114440918,2.5225188732147217,59500
8.399999618530273,8.430000305175781,8.260000228881836,8.260000228881836,2.486398458480835,41900
8.359999656677246,8.399999618530273,8.34000015258789,8.350000381469727,2.5134894847869877,13500
8.3100004196167,8.350000381469727,8.279999732971191,8.34000015258789,2.5104775428771973,24100
8.34000015258789,8.34000015258789,8.270000457763672,8.279999732971191,2.492418050765991,19800
8.300000190734863,8.34000015258789,8.25,8.300000190734863,2.498439073562622,34800
8.329999923706055,8.34000015258789,8.279999732971191,8.300000190734863,2.498439073562622,25400
8.300000190734863,8.3100004196167,8.25,8.289999961853027,2.495427370071411,40000
8.289999961853027,8.369999885559082,8.260000228881836,8.369999885559082,2.53295373916626,63200
8.390000343322754,8.430000305175781,8.359999656677246,8.399999618530273,2.542032241821289,25200
8.390000343322754,8.5,8.380000114440918,8.460000038146973,2.5601882934570312,50700
8.460000038146973,8.520000457763672,8.460000038146973,8.520000457763672,2.5783474445343018,50200
8.520000457763672,8.529999732971191,8.460000038146973,8.5,2.572293281555176,23100
8.4399995803833,8.4399995803833,8.010000228881836,8.100000381469727,2.451244354248047,131000
8.020000457763672,8.109999656677246,7.989999771118164,8.09000015258789,2.44821834564209,98700
8.050000190734863,8.069999694824219,8.0,8.010000228881836,2.4240095615386963,78700
8.0600004196167,8.09000015258789,8.0,8.050000190734863,2.436114549636841,73400
8.079999923706055,8.079999923706055,8.020000457763672,8.029999732971191,2.430063009262085,37000
8.079999923706055,8.079999923706055,8.020000457763672,8.020000457763672,2.4270365238189697,43800
8.050000190734863,8.119999885559082,8.020000457763672,8.09000015258789,2.44821834564209,34900
8.109999656677246,8.170000076293945,8.050000190734863,8.130000114440918,2.4603230953216557,66300
8.180000305175781,8.220000267028809,8.15999984741211,8.1899995803833,2.4784812927246094,56300
8.199999809265137,8.229999542236328,8.180000305175781,8.220000267028809,2.487560272216797,32000
8.199999809265137,8.260000228881836,8.199999809265137,8.25,2.496638536453247,28600
8.260000228881836,8.260000228881836,8.180000305175781,8.25,2.496638536453247,22000
8.260000228881836,8.270000457763672,8.1899995803833,8.199999809265137,2.4815056324005127,23700
8.1899995803833,8.25,8.140000343322754,8.220000267028809,2.487560272216797,75200
8.229999542236328,8.260000228881836,8.1899995803833,8.260000228881836,2.499666929244995,24400
8.260000228881836,8.270000457763672,8.170000076293945,8.210000038146973,2.484535217285156,45300
8.210000038146973,8.260000228881836,8.149999618530273,8.210000038146973,2.484535217285156,95800
8.199999809265137,8.239999771118164,8.09000015258789,8.149999618530273,2.4796667098999023,75800
8.199999809265137,8.229999542236328,8.09000015258789,8.100000381469727,2.4644525051116943,64000
8.15999984741211,8.1899995803833,8.149999618530273,8.1899995803833,2.491835594177246,20700
8.199999809265137,8.260000228881836,8.140000343322754,8.260000228881836,2.513134717941284,32700
8.260000228881836,8.279999732971191,8.1899995803833,8.199999809265137,2.4948768615722656,40200
8.199999809265137,8.239999771118164,8.180000305175781,8.239999771118164,2.507049083709717,50200
8.25,8.260000228881836,8.199999809265137,8.229999542236328,2.5040054321289062,40600
8.279999732971191,8.289999961853027,8.25,8.25,2.5100905895233154,30100
8.220000267028809,8.350000381469727,8.220000267028809,8.300000190734863,2.525303602218628,28300
8.34000015258789,8.380000114440918,8.270000457763672,8.3100004196167,2.5283455848693848,32400
8.3100004196167,8.369999885559082,8.300000190734863,8.34000015258789,2.537473440170288,25400
8.350000381469727,8.380000114440918,8.3100004196167,8.350000381469727,2.5405161380767822,21800
8.359999656677246,8.399999618530273,8.34000015258789,8.350000381469727,2.5405161380767822,42700
8.399999618530273,8.399999618530273,8.34000015258789,8.380000114440918,2.549643278121948,29600
8.390000343322754,8.390000343322754,8.300000190734863,8.359999656677246,2.5435585975646973,31300
8.390000343322754,8.399999618530273,8.380000114440918,8.380000114440918,2.549643278121948,29900
8.359999656677246,8.369999885559082,8.329999923706055,8.34000015258789,2.537473440170288,24500
8.369999885559082,8.380000114440918,8.300000190734863,8.380000114440918,2.549643278121948,53800
8.390000343322754,8.390000343322754,8.270000457763672,8.350000381469727,2.5405161380767822,23500
8.359999656677246,8.380000114440918,8.3100004196167,8.380000114440918,2.549643278121948,29300
8.34000015258789,8.5,8.34000015258789,8.470000267028809,2.5770275592803955,78300
8.470000267028809,8.470000267028809,8.449999809265137,8.449999809265137,2.570941686630249,54000
8.449999809265137,8.449999809265137,7.929999828338623,7.929999828338623,2.412729263305664,62700
7.929999828338623,8.199999809265137,7.550000190734863,7.559999942779541,2.300155639648437,60300
7.559999942779541,7.630000114440918,7.460000038146973,7.460000038146973,2.2697315216064453,36500
7.550000190734863,7.650000095367432,7.440000057220459,7.579999923706055,2.3062422275543213,80200
7.579999923706055,7.909999847412109,7.53000020980835,7.800000190734863,2.373175382614136,56600
8.039999961853027,8.039999961853027,7.869999885559082,7.949999809265137,2.4188153743743896,57800
7.989999771118164,8.020000457763672,7.849999904632568,7.940000057220459,2.415773391723633,29800
7.960000038146973,8.0,7.900000095367432,8.0,2.4340288639068604,19600
8.029999732971191,8.029999732971191,7.960000038146973,8.020000457763672,2.440112829208374,37600
8.079999923706055,8.109999656677246,8.0600004196167,8.109999656677246,2.467496633529663,17500
8.15999984741211,8.289999961853027,8.100000381469727,8.149999618530273,2.4796667098999023,29700
8.149999618530273,8.149999618530273,7.96999979019165,8.079999923706055,2.4583685398101807,61100
8.050000190734863,8.100000381469727,8.0,8.050000190734863,2.4492411613464355,32400
8.079999923706055,8.079999923706055,8.050000190734863,8.050000190734863,2.4492411613464355,15900
8.100000381469727,8.109999656677246,8.0600004196167,8.109999656677246,2.467496633529663,22800
8.119999885559082,8.140000343322754,8.100000381469727,8.109999656677246,2.467496633529663,16800
8.100000381469727,8.15999984741211,8.020000457763672,8.100000381469727,2.477895498275757,40400
8.130000114440918,8.130000114440918,7.96999979019165,7.96999979019165,2.4381275177001958,22400
8.010000228881836,8.010000228881836,7.920000076293945,7.920000076293945,2.422833204269409,35600
7.889999866485596,7.960000038146973,7.889999866485596,7.929999828338623,2.4258904457092285,27000
7.960000038146973,8.050000190734863,7.940000057220459,8.010000228881836,2.450364589691162,12400
8.050000190734863,8.050000190734863,7.989999771118164,7.989999771118164,2.4442458152771,13300
8.0,8.0,7.820000171661377,7.909999847412109,2.419773578643799,34900
7.900000095367432,7.989999771118164,7.880000114440918,7.880000114440918,2.4105961322784424,20900
7.869999885559082,7.889999866485596,7.849999904632568,7.849999904632568,2.401418209075928,17200
7.929999828338623,7.929999828338623,7.769999980926514,7.840000152587891,2.398359060287476,36500
7.860000133514404,7.860000133514404,7.78000020980835,7.789999961853027,2.383064031600952,41700
7.800000190734863,7.820000171661377,7.619999885559082,7.699999809265137,2.355530023574829,93100
7.710000038146973,7.75,7.710000038146973,7.71999979019165,2.3616490364074707,12800
7.739999771118164,7.75,7.730000019073486,7.75,2.370826482772827,21400
7.769999980926514,7.840000152587891,7.730000019073486,7.829999923706055,2.395299434661865,29100
7.909999847412109,8.0,7.860000133514404,8.0,2.447307109832764,46900
8.069999694824219,8.100000381469727,8.010000228881836,8.010000228881836,2.450364589691162,28600
8.0600004196167,8.0600004196167,7.96999979019165,8.020000457763672,2.453424453735352,18600
8.029999732971191,8.039999961853027,7.960000038146973,7.980000019073486,2.4411871433258057,23800
8.029999732971191,8.039999961853027,7.929999828338623,7.929999828338623,2.4258904457092285,43300
7.980000019073486,8.020000457763672,7.949999809265137,7.980000019073486,2.4411871433258057,57100
7.980000019073486,8.050000190734863,7.960000038146973,8.050000190734863,2.462601900100708,32200
8.039999961853027,8.050000190734863,7.980000019073486,8.050000190734863,2.462601900100708,86300
7.940000057220459,7.949999809265137,7.809999942779541,7.920000076293945,2.4361488819122314,94800
7.940000057220459,7.949999809265137,7.869999885559082,7.929999828338623,2.4392240047454834,37900
7.900000095367432,7.940000057220459,7.860000133514404,7.889999866485596,2.426920175552368,31400
7.809999942779541,7.889999866485596,7.78000020980835,7.809999942779541,2.402312994003296,38200
7.820000171661377,7.889999866485596,7.730000019073486,7.75,2.383857011795044,26200
7.840000152587891,7.840000152587891,7.659999847412109,7.800000190734863,2.399237632751465,30500
7.880000114440918,7.880000114440918,7.650000095367432,7.650000095367432,2.353098154067993,26900
7.619999885559082,7.809999942779541,7.619999885559082,7.800000190734863,2.399237632751465,26100
7.739999771118164,7.800000190734863,7.619999885559082,7.639999866485596,2.350020408630371,48500
7.610000133514404,7.699999809265137,7.579999923706055,7.699999809265137,2.368476390838623,47900
7.619999885559082,7.730000019073486,7.539999961853027,7.679999828338623,2.36232590675354,36500
7.769999980926514,7.78000020980835,7.539999961853027,7.610000133514404,2.340794324874878,64300
7.550000190734863,7.690000057220459,7.53000020980835,7.579999923706055,2.3315651416778564,62700
7.630000114440918,7.650000095367432,7.510000228881836,7.599999904632568,2.337717771530152,47000
7.53000020980835,7.659999847412109,7.53000020980835,7.639999866485596,2.350020408630371,54900
7.610000133514404,7.639999866485596,7.349999904632568,7.449999809265137,2.2915773391723637,192700
7.5,7.5,7.389999866485596,7.46999979019165,2.2977306842803955,47900
7.480000019073486,7.489999771118164,7.389999866485596,7.389999866485596,2.273123264312744,49900
7.46999979019165,7.5,7.409999847412109,7.449999809265137,2.2915773391723637,42300
7.449999809265137,7.5,7.420000076293945,7.460000038146973,2.2946550846099854,74800
7.349999904632568,7.480000019073486,7.349999904632568,7.480000019073486,2.314145088195801,32000
7.400000095367432,7.409999847412109,7.360000133514404,7.369999885559082,2.2801129817962646,30400
7.369999885559082,7.400000095367432,7.349999904632568,7.380000114440918,2.28320837020874,29600
7.320000171661377,7.53000020980835,7.320000171661377,7.449999809265137,2.304863929748535,68800
7.46999979019165,7.46999979019165,7.380000114440918,7.409999847412109,2.292489767074585,68200
7.380000114440918,7.480000019073486,7.380000114440918,7.429999828338623,2.2986738681793213,44200
7.480000019073486,7.489999771118164,7.400000095367432,7.400000095367432,2.2893943786621094,24000
7.400000095367432,7.489999771118164,7.25,7.369999885559082,2.2801129817962646,79300
7.360000133514404,7.440000057220459,7.260000228881836,7.400000095367432,2.2893943786621094,43600
7.400000095367432,7.420000076293945,7.269999980926514,7.409999847412109,2.292489767074585,67000
7.409999847412109,7.460000038146973,7.369999885559082,7.449999809265137,2.304863929748535,58000
7.46999979019165,7.480000019073486,7.300000190734863,7.480000019073486,2.314145088195801,89400
7.5,7.650000095367432,7.480000019073486,7.630000114440918,2.3605520725250244,110700
7.619999885559082,7.809999942779541,7.539999961853027,7.809999942779541,2.4162397384643555,57500
7.800000190734863,7.800000190734863,7.71999979019165,7.75,2.3976783752441406,35100
7.710000038146973,7.760000228881836,7.670000076293945,7.75,2.3976783752441406,35200
7.75,7.800000190734863,7.610000133514404,7.800000190734863,2.413145065307617,54400
7.730000019073486,7.849999904632568,7.710000038146973,7.809999942779541,2.4162397384643555,18600
7.849999904632568,7.929999828338623,7.769999980926514,7.840000152587891,2.4255211353302,31200
7.849999904632568,7.909999847412109,7.809999942779541,7.900000095367432,2.444085121154785,27500
7.920000076293945,7.920000076293945,7.809999942779541,7.809999942779541,2.429464340209961,17800
7.78000020980835,7.920000076293945,7.78000020980835,7.869999885559082,2.4481289386749268,32200
7.909999847412109,7.980000019073486,7.880000114440918,7.949999809265137,2.473013639450073,72500
7.96999979019165,8.0,7.96999979019165,7.980000019073486,2.4823451042175293,27200
8.029999732971191,8.029999732971191,7.96999979019165,7.96999979019165,2.4792349338531494,61600
8.010000228881836,8.050000190734863,7.980000019073486,8.029999732971191,2.497898578643799,58300
7.96999979019165,8.029999732971191,7.909999847412109,7.909999847412109,2.4605720043182373,49600
7.96999979019165,8.0,7.940000057220459,7.949999809265137,2.473013639450073,28600
7.949999809265137,7.949999809265137,7.880000114440918,7.880000114440918,2.451239109039306,24200
7.860000133514404,7.889999866485596,7.860000133514404,7.860000133514404,2.4450182914733887,14700
7.920000076293945,7.920000076293945,7.860000133514404,7.860000133514404,2.4450182914733887,20100
7.849999904632568,7.900000095367432,7.829999923706055,7.880000114440918,2.451239109039306,21600
7.960000038146973,8.020000457763672,7.949999809265137,7.949999809265137,2.473013639450073,39800
8.0,8.0,7.949999809265137,7.980000019073486,2.4823451042175293,29400
8.0,8.0,7.909999847412109,8.0,2.4885683059692383,42900
8.0,8.119999885559082,7.980000019073486,8.069999694824219,2.510341167449951,52600
8.069999694824219,8.109999656677246,8.069999694824219,8.079999923706055,2.513453483581543,10300
8.119999885559082,8.119999885559082,8.09000015258789,8.100000381469727,2.519673109054565,11900
8.140000343322754,8.140000343322754,8.050000190734863,8.050000190734863,2.504120349884033,39500
8.100000381469727,8.100000381469727,7.900000095367432,7.949999809265137,2.473013639450073,44800
7.929999828338623,7.96999979019165,7.860000133514404,7.889999866485596,2.454349994659424,37400
7.909999847412109,7.920000076293945,7.900000095367432,7.920000076293945,2.463681697845459,17400
7.829999923706055,7.880000114440918,7.800000190734863,7.860000133514404,2.458677291870117,37200
7.809999942779541,7.860000133514404,7.800000190734863,7.840000152587891,2.452420473098755,25200
7.860000133514404,7.860000133514404,7.829999923706055,7.829999923706055,2.449291706085205,23700
7.900000095367432,7.929999828338623,7.900000095367432,7.900000095367432,2.4711897373199463,41400
7.920000076293945,7.920000076293945,7.829999923706055,7.900000095367432,2.4711897373199463,28800
7.829999923706055,7.909999847412109,7.800000190734863,7.800000190734863,2.4399070739746094,48600
7.769999980926514,7.900000095367432,7.710000038146973,7.820000171661377,2.446164608001709,54400
7.880000114440918,7.96999979019165,7.880000114440918,7.96999979019165,2.4930851459503174,39500
7.949999809265137,8.0,7.940000057220459,7.949999809265137,2.4868292808532715,20900
8.050000190734863,8.0600004196167,8.010000228881836,8.010000228881836,2.505599975585937,33700
8.010000228881836,8.020000457763672,8.0,8.0,2.502470731735229,26500
7.929999828338623,7.980000019073486,7.929999828338623,7.929999828338623,2.4805731773376465,19600
7.900000095367432,7.929999828338623,7.900000095367432,7.909999847412109,2.474317789077759,48500
7.880000114440918,7.929999828338623,7.880000114440918,7.880000114440918,2.464932918548584,25800
7.889999866485596,7.929999828338623,7.849999904632568,7.849999904632568,2.4555461406707764,21900
7.829999923706055,7.909999847412109,7.809999942779541,7.840000152587891,2.452420473098755,52400
7.829999923706055,7.829999923706055,7.710000038146973,7.710000038146973,2.41175389289856,78800
7.659999847412109,7.75,7.610000133514404,7.650000095367432,2.3929860591888428,49200
7.699999809265137,7.769999980926514,7.699999809265137,7.730000019073486,2.418009996414185,58100
7.659999847412109,7.670000076293945,7.599999904632568,7.670000076293945,2.412977695465088,25500
7.690000057220459,7.710000038146973,7.599999904632568,7.659999847412109,2.40983247756958,81900
7.639999866485596,7.679999828338623,7.599999904632568,7.670000076293945,2.412977695465088,27400
7.679999828338623,7.679999828338623,7.550000190734863,7.579999923706055,2.384663820266724,77000
7.619999885559082,7.679999828338623,7.5,7.550000190734863,2.375225782394409,55100
7.550000190734863,7.550000190734863,7.349999904632568,7.360000133514404,2.315452337265014,45300
7.300000190734863,7.340000152587891,7.269999980926514,7.28000020980835,2.2902863025665283,32300
7.28000020980835,7.369999885559082,7.28000020980835,7.300000190734863,2.2965757846832275,43200
7.349999904632568,7.380000114440918,7.300000190734863,7.309999942779541,2.2997214794158936,52800
7.340000152587891,7.369999885559082,7.329999923706055,7.329999923706055,2.306015491485596,30100
7.380000114440918,7.400000095367432,7.340000152587891,7.360000133514404,2.315452337265014,36900
7.400000095367432,7.5,7.400000095367432,7.5,2.3594970703125,46300
7.519999980926514,7.550000190734863,7.5,7.550000190734863,2.375225782394409,23400
7.550000190734863,7.650000095367432,7.550000190734863,7.599999904632568,2.390954971313477,47800
7.599999904632568,7.650000095367432,7.599999904632568,7.650000095367432,2.4066853523254395,8200
7.650000095367432,7.670000076293945,7.630000114440918,7.630000114440918,2.400392770767212,21200
7.619999885559082,7.679999828338623,7.619999885559082,7.670000076293945,2.412977695465088,18000
7.710000038146973,7.710000038146973,7.639999866485596,7.639999866485596,2.403539657592773,14700
7.639999866485596,7.679999828338623,7.619999885559082,7.619999885559082,2.3972458839416504,25000
7.639999866485596,7.650000095367432,7.5,7.53000020980835,2.3689334392547607,39700
7.53000020980835,7.539999961853027,7.460000038146973,7.519999980926514,2.3796937465667725,20600
7.460000038146973,7.550000190734863,7.460000038146973,7.510000228881836,2.376527786254883,35700
7.539999961853027,7.550000190734863,7.519999980926514,7.539999961853027,2.386021614074707,21000
7.539999961853027,7.579999923706055,7.519999980926514,7.539999961853027,2.386021614074707,38400
7.510000228881836,7.510000228881836,7.46999979019165,7.5,2.373364925384521,34300
7.46999979019165,7.539999961853027,7.46999979019165,7.46999979019165,2.3638699054718018,38100
7.5,7.53000020980835,7.460000038146973,7.510000228881836,2.376527786254883,27700
7.519999980926514,7.53000020980835,7.480000019073486,7.510000228881836,2.376527786254883,18500
7.480000019073486,7.550000190734863,7.480000019073486,7.489999771118164,2.370199680328369,35700
7.53000020980835,7.539999961853027,7.449999809265137,7.46999979019165,2.3638699054718018,58600
7.53000020980835,7.550000190734863,7.489999771118164,7.510000228881836,2.376527786254883,31800
7.570000171661377,7.579999923706055,7.519999980926514,7.559999942779541,2.392350673675537,16400
7.590000152587891,7.610000133514404,7.570000171661377,7.610000133514404,2.408172845840454,24600
7.639999866485596,7.699999809265137,7.610000133514404,7.610000133514404,2.408172845840454,40700
7.690000057220459,7.690000057220459,7.659999847412109,7.670000076293945,2.427159786224365,13800
7.670000076293945,7.670000076293945,7.650000095367432,7.670000076293945,2.427159786224365,24700
7.650000095367432,7.699999809265137,7.610000133514404,7.679999828338623,2.430324077606201,24200
7.679999828338623,7.699999809265137,7.639999866485596,7.679999828338623,2.430324077606201,28300
7.710000038146973,7.75,7.659999847412109,7.710000038146973,2.4398179054260254,33400
7.710000038146973,7.710000038146973,7.599999904632568,7.599999904632568,2.405008554458618,18000
7.650000095367432,7.659999847412109,7.579999923706055,7.610000133514404,2.408172845840454,30100
7.630000114440918,7.690000057220459,7.630000114440918,7.690000057220459,2.433489322662353,18400
7.570000171661377,7.679999828338623,7.570000171661377,7.679999828338623,2.4443092346191406,24100
7.650000095367432,7.679999828338623,7.630000114440918,7.639999866485596,2.4315786361694336,16700
7.670000076293945,7.670000076293945,7.590000152587891,7.590000152587891,2.4156646728515625,36500
7.639999866485596,7.679999828338623,7.639999866485596,7.679999828338623,2.4443092346191406,16900
7.579999923706055,7.639999866485596,7.579999923706055,7.610000133514404,2.422030448913574,19900
7.610000133514404,7.639999866485596,7.550000190734863,7.550000190734863,2.402935743331909,16900
7.610000133514404,7.639999866485596,7.539999961853027,7.619999885559082,2.425212860107422,36300
7.639999866485596,7.650000095367432,7.599999904632568,7.599999904632568,2.418849229812622,16000
7.650000095367432,7.650000095367432,7.559999942779541,7.599999904632568,2.418849229812622,26300
7.610000133514404,7.650000095367432,7.579999923706055,7.590000152587891,2.4156646728515625,6700
7.599999904632568,7.670000076293945,7.599999904632568,7.670000076293945,2.4411275386810303,22200
7.670000076293945,7.739999771118164,7.650000095367432,7.739999771118164,2.4634060859680176,37900
7.75,7.820000171661377,7.710000038146973,7.800000190734863,2.4825007915496826,28900
7.829999923706055,7.840000152587891,7.809999942779541,7.809999942779541,2.485685348510742,18400
7.829999923706055,7.840000152587891,7.789999961853027,7.809999942779541,2.485685348510742,15300
7.840000152587891,7.849999904632568,7.800000190734863,7.849999904632568,2.498415946960449,22800
7.809999942779541,7.889999866485596,7.809999942779541,7.860000133514404,2.501599073410034,28900
7.900000095367432,7.909999847412109,7.869999885559082,7.900000095367432,2.5143301486968994,13000
7.900000095367432,7.909999847412109,7.869999885559082,7.869999885559082,2.50478196144104,29200
7.860000133514404,7.909999847412109,7.800000190734863,7.820000171661377,2.4888675212860107,23900
7.820000171661377,7.860000133514404,7.789999961853027,7.809999942779541,2.485685348510742,40800
7.760000228881836,7.789999961853027,7.710000038146973,7.789999961853027,2.49336576461792,31900
7.820000171661377,7.840000152587891,7.760000228881836,7.820000171661377,2.502967357635498,20000
7.889999866485596,7.900000095367432,7.800000190734863,7.889999866485596,2.5253729820251465,9800
7.900000095367432,7.900000095367432,7.849999904632568,7.860000133514404,2.5157713890075684,12600
7.860000133514404,7.889999866485596,7.860000133514404,7.860000133514404,2.5157713890075684,32700
7.940000057220459,7.940000057220459,7.869999885559082,7.869999885559082,2.5189733505249023,12000
7.849999904632568,7.889999866485596,7.820000171661377,7.849999904632568,2.512570858001709,41400
7.820000171661377,7.840000152587891,7.760000228881836,7.789999961853027,2.49336576461792,20200
7.800000190734863,7.809999942779541,7.760000228881836,7.769999980926514,2.486966133117676,18100
7.800000190734863,7.849999904632568,7.769999980926514,7.809999942779541,2.499770164489746,17300
7.849999904632568,7.849999904632568,7.789999961853027,7.789999961853027,2.49336576461792,21200
7.860000133514404,7.860000133514404,7.820000171661377,7.829999923706055,2.5061705112457275,21800
7.849999904632568,7.880000114440918,7.809999942779541,7.880000114440918,2.52217435836792,15500
7.889999866485596,7.889999866485596,7.829999923706055,7.829999923706055,2.5061705112457275,28500
7.909999847412109,7.909999847412109,7.820000171661377,7.829999923706055,2.5061705112457275,30300
7.929999828338623,7.940000057220459,7.869999885559082,7.940000057220459,2.54137921333313,25400
7.940000057220459,7.949999809265137,7.909999847412109,7.909999847412109,2.5317745208740234,4400
7.949999809265137,7.949999809265137,7.860000133514404,7.860000133514404,2.5157713890075684,27200
7.860000133514404,7.980000019073486,7.860000133514404,7.980000019073486,2.5541813373565674,22300
7.980000019073486,7.980000019073486,7.900000095367432,7.949999809265137,2.544578313827514,29900
7.940000057220459,7.949999809265137,7.860000133514404,7.900000095367432,2.5423269271850586,26700
7.849999904632568,7.920000076293945,7.849999904632568,7.900000095367432,2.5423269271850586,14200
7.849999904632568,7.940000057220459,7.849999904632568,7.900000095367432,2.5423269271850586,33600
7.849999904632568,7.920000076293945,7.849999904632568,7.900000095367432,2.5423269271850586,13200
7.900000095367432,7.949999809265137,7.900000095367432,7.920000076293945,2.548762321472168,17500
7.949999809265137,7.980000019073486,7.949999809265137,7.96999979019165,2.564852476119995,34100
7.929999828338623,8.0,7.889999866485596,7.909999847412109,2.5455434322357178,49300
7.889999866485596,7.940000057220459,7.889999866485596,7.900000095367432,2.5423269271850586,27100
7.889999866485596,7.909999847412109,7.809999942779541,7.809999942779541,2.513363838195801,23000
7.909999847412109,7.909999847412109,7.800000190734863,7.829999923706055,2.519798755645752,32100
7.889999866485596,7.889999866485596,7.820000171661377,7.820000171661377,2.5165786743164062,13800
7.849999904632568,7.880000114440918,7.5,7.670000076293945,2.4683079719543457,94900
7.650000095367432,7.75,7.650000095367432,7.690000057220459,2.474745750427246,19000
7.699999809265137,7.699999809265137,7.650000095367432,7.650000095367432,2.4618711471557617,23200
7.739999771118164,7.739999771118164,7.71999979019165,7.71999979019165,2.4844002723693848,28400
7.78000020980835,7.809999942779541,7.760000228881836,7.809999942779541,2.513363838195801,24600
7.840000152587891,7.889999866485596,7.840000152587891,7.869999885559082,2.532672882080078,17000
7.909999847412109,7.949999809265137,7.869999885559082,7.920000076293945,2.548762321472168,31400
7.949999809265137,7.960000038146973,7.829999923706055,7.860000133514404,2.529453992843628,50900
7.880000114440918,7.889999866485596,7.829999923706055,7.829999923706055,2.519798755645752,37800
7.900000095367432,7.900000095367432,7.829999923706055,7.829999923706055,2.519798755645752,13200
7.889999866485596,7.889999866485596,7.829999923706055,7.860000133514404,2.529453992843628,22600
7.889999866485596,7.889999866485596,7.829999923706055,7.880000114440918,2.5358901023864746,11300
7.880000114440918,7.900000095367432,7.829999923706055,7.889999866485596,2.5530388355255127,24500
7.940000057220459,7.96999979019165,7.940000057220459,7.960000038146973,2.575689554214477,15800
7.909999847412109,8.010000228881836,7.880000114440918,7.880000114440918,2.549804449081421,15300
7.880000114440918,7.929999828338623,7.829999923706055,7.849999904632568,2.5400948524475098,17500
7.929999828338623,7.929999828338623,7.820000171661377,7.849999904632568,2.5400948524475098,33300
7.860000133514404,7.869999885559082,7.699999809265137,7.75,2.5077390670776367,29300
7.840000152587891,7.840000152587891,7.71999979019165,7.739999771118164,2.504503011703491,34700
7.800000190734863,7.840000152587891,7.769999980926514,7.769999980926514,2.5142109394073486,21600
7.829999923706055,7.840000152587891,7.78000020980835,7.820000171661377,2.5303874015808105,19700
7.840000152587891,7.840000152587891,7.760000228881836,7.800000190734863,2.5239176750183105,20100
7.829999923706055,7.829999923706055,7.71999979019165,7.71999979019165,2.4980318546295166,29700
7.710000038146973,7.800000190734863,7.699999809265137,7.710000038146973,2.4947962760925293,44400
7.75,7.789999961853027,7.730000019073486,7.730000019073486,2.5012660026550293,33600
7.809999942779541,7.809999942779541,7.760000228881836,7.760000228881836,2.5109751224517822,19700
7.820000171661377,7.880000114440918,7.809999942779541,7.869999885559082,2.546569585800171,22000
7.880000114440918,7.920000076293945,7.880000114440918,7.889999866485596,2.5530388355255127,30700
7.900000095367432,7.920000076293945,7.840000152587891,7.840000152587891,2.53685998916626,31200
7.900000095367432,7.900000095367432,7.789999961853027,7.860000133514404,2.543332099914551,43200
7.829999923706055,7.900000095367432,7.829999923706055,7.849999904632568,2.5400948524475098,25100
7.920000076293945,7.920000076293945,7.869999885559082,7.869999885559082,2.546569585800171,16200
7.869999885559082,7.909999847412109,7.860000133514404,7.909999847412109,2.559510469436645,14000
7.900000095367432,7.949999809265137,7.78000020980835,7.78000020980835,2.531204462051392,29200
7.78000020980835,7.900000095367432,7.78000020980835,7.840000152587891,2.550727128982544,9900
7.929999828338623,7.929999828338623,7.78000020980835,7.849999904632568,2.5539796352386475,35500
7.849999904632568,7.860000133514404,7.710000038146973,7.800000190734863,2.537712574005127,46600
7.800000190734863,7.829999923706055,7.710000038146973,7.71999979019165,2.511686325073242,54000
7.75,7.789999961853027,7.71999979019165,7.71999979019165,2.511686325073242,49600
7.800000190734863,7.800000190734863,7.71999979019165,7.769999980926514,2.52795147895813,21600
7.840000152587891,7.840000152587891,7.78000020980835,7.840000152587891,2.550727128982544,18400
7.829999923706055,7.860000133514404,7.809999942779541,7.820000171661377,2.5442190170288086,30300
7.860000133514404,7.860000133514404,7.820000171661377,7.820000171661377,2.5442190170288086,19400
7.820000171661377,7.889999866485596,7.820000171661377,7.849999904632568,2.5539796352386475,30700
7.820000171661377,7.889999866485596,7.800000190734863,7.840000152587891,2.550727128982544,37000
7.920000076293945,7.929999828338623,7.869999885559082,7.900000095367432,2.57024884223938,41000
7.929999828338623,7.96999979019165,7.869999885559082,7.880000114440918,2.5637407302856445,26200
7.920000076293945,7.980000019073486,7.869999885559082,7.900000095367432,2.57024884223938,30400
7.900000095367432,7.929999828338623,7.900000095367432,7.909999847412109,2.573503017425537,27100
7.949999809265137,7.949999809265137,7.900000095367432,7.920000076293945,2.5767550468444824,23400
7.940000057220459,7.940000057220459,7.820000171661377,7.820000171661377,2.5442190170288086,31300
7.920000076293945,7.920000076293945,7.809999942779541,7.809999942779541,2.5409672260284424,30800
7.880000114440918,7.880000114440918,7.820000171661377,7.840000152587891,2.550727128982544,20600
7.889999866485596,7.889999866485596,7.71999979019165,7.75,2.535351514816284,29900
7.78000020980835,7.78000020980835,7.650000095367432,7.699999809265137,2.518993854522705,33400
7.659999847412109,7.710000038146973,7.650000095367432,7.650000095367432,2.502636671066284,17900
7.550000190734863,7.599999904632568,7.5,7.510000228881836,2.4568371772766118,30100
7.400000095367432,7.489999771118164,7.320000171661377,7.380000114440918,2.4143083095550537,58100
7.380000114440918,7.400000095367432,7.210000038146973,7.210000038146973,2.3586955070495605,36000
7.210000038146973,7.28000020980835,7.130000114440918,7.150000095367432,2.339066505432129,34000
7.150000095367432,7.150000095367432,7.019999980926514,7.050000190734863,2.3063511848449707,44800
6.949999809265137,7.090000152587891,6.949999809265137,7.019999980926514,2.2965383529663086,87700
7.119999885559082,7.139999866485596,7.039999961853027,7.130000114440918,2.332524538040161,32600
7.119999885559082,7.150000095367432,7.099999904632568,7.099999904632568,2.322707176208496,21400
7.110000133514404,7.179999828338623,7.099999904632568,7.119999885559082,2.329252243041992,17000
7.110000133514404,7.25,7.099999904632568,7.210000038146973,2.3586955070495605,65500
7.210000038146973,7.25,7.110000133514404,7.179999828338623,2.3488802909851074,27500
7.119999885559082,7.170000076293945,7.110000133514404,7.110000133514404,2.325981378555298,20100
7.150000095367432,7.210000038146973,7.110000133514404,7.150000095367432,2.339066505432129,59200
7.159999847412109,7.199999809265137,7.119999885559082,7.199999809265137,2.3554229736328125,42100
7.199999809265137,7.21999979019165,7.070000171661377,7.150000095367432,2.339066505432129,73400
7.050000190734863,7.210000038146973,7.050000190734863,7.190000057220459,2.3521511554718018,51100
7.159999847412109,7.190000057220459,7.119999885559082,7.159999847412109,2.342338800430298,34500
7.190000057220459,7.25,7.159999847412109,7.199999809265137,2.3554229736328125,30700
7.199999809265137,7.289999961853027,7.199999809265137,7.28000020980835,2.3815951347351074,19000
7.380000114440918,7.400000095367432,7.320000171661377,7.400000095367432,2.420851945877075,28400
7.449999809265137,7.5,7.389999866485596,7.460000038146973,2.440479278564453,47100
7.449999809265137,7.449999809265137,7.260000228881836,7.400000095367432,2.435215473175049,46500
7.400000095367432,7.400000095367432,7.320000171661377,7.320000171661377,2.40888786315918,11800
7.25,7.28000020980835,7.230000019073486,7.269999980926514,2.3924341201782227,17700
7.25,7.25,7.199999809265137,7.21999979019165,2.3759777545928955,34000
7.170000076293945,7.260000228881836,7.170000076293945,7.199999809265137,2.3693974018096924,26200
7.21999979019165,7.21999979019165,7.110000133514404,7.110000133514404,2.3397810459136963,33600
7.210000038146973,7.210000038146973,7.059999942779541,7.150000095367432,2.352942943572998,49300
7.079999923706055,7.119999885559082,7.0,7.03000020980835,2.3134541511535645,51100
7.070000171661377,7.090000152587891,6.949999809265137,7.0,2.3035807609558105,74300
7.050000190734863,7.130000114440918,6.980000019073486,7.010000228881836,2.3068723678588867,74800
7.110000133514404,7.110000133514404,6.96999979019165,7.0,2.3035807609558105,45200
7.070000171661377,7.070000171661377,6.980000019073486,7.03000020980835,2.3134541511535645,15100
7.079999923706055,7.130000114440918,7.03000020980835,7.119999885559082,2.3430724143981934,46700
7.090000152587891,7.239999771118164,7.070000171661377,7.230000019073486,2.3792712688446045,49200
7.25,7.320000171661377,7.25,7.269999980926514,2.3924341201782227,45100
7.300000190734863,7.300000190734863,7.269999980926514,7.289999961853027,2.3990156650543213,30900
7.28000020980835,7.329999923706055,7.230000019073486,7.230000019073486,2.3792712688446045,29000
7.190000057220459,7.239999771118164,7.179999828338623,7.199999809265137,2.3693974018096924,17200
7.199999809265137,7.21999979019165,7.190000057220459,7.199999809265137,2.3693974018096924,25900
7.179999828338623,7.239999771118164,7.070000171661377,7.110000133514404,2.3397810459136963,48500
7.059999942779541,7.059999942779541,7.010000228881836,7.050000190734863,2.33415150642395,35400
7.070000171661377,7.139999866485596,7.010000228881836,7.03000020980835,2.3275299072265625,94400
7.03000020980835,7.070000171661377,7.019999980926514,7.019999980926514,2.3242197036743164,78100
7.010000228881836,7.139999866485596,7.0,7.110000133514404,2.354018211364746,57400
7.099999904632568,7.150000095367432,7.050000190734863,7.070000171661377,2.340773820877075,63600
7.059999942779541,7.059999942779541,6.96999979019165,7.0,2.3175971508026123,50800
6.960000038146973,7.059999942779541,6.960000038146973,7.0,2.3175971508026123,78300
6.989999771118164,7.099999904632568,6.989999771118164,7.0,2.3175971508026123,58900
7.0,7.050000190734863,6.989999771118164,7.039999961853027,2.330841064453125,22400
7.0,7.170000076293945,7.0,7.130000114440918,2.3606390953063965,31700
7.179999828338623,7.21999979019165,7.150000095367432,7.150000095367432,2.367259979248047,46200
7.190000057220459,7.239999771118164,7.139999866485596,7.159999847412109,2.370572805404663,61300
7.239999771118164,7.269999980926514,7.139999866485596,7.150000095367432,2.367259979248047,52600
7.159999847412109,7.289999961853027,7.159999847412109,7.230000019073486,2.3937487602233887,35000
7.159999847412109,7.300000190734863,7.159999847412109,7.300000190734863,2.416923999786377,34600
7.269999980926514,7.329999923706055,7.239999771118164,7.309999942779541,2.420234203338623,33100
7.269999980926514,7.300000190734863,7.150000095367432,7.210000038146973,2.3871266841888428,41000
7.150000095367432,7.199999809265137,7.099999904632568,7.099999904632568,2.3507063388824463,40600
7.150000095367432,7.150000095367432,7.010000228881836,7.090000152587891,2.347395420074463,35800
7.019999980926514,7.119999885559082,7.019999980926514,7.070000171661377,2.340773820877075,58600
7.039999961853027,7.119999885559082,7.019999980926514,7.110000133514404,2.368422269821167,52500
7.079999923706055,7.110000133514404,7.070000171661377,7.110000133514404,2.368422269821167,19300
7.090000152587891,7.119999885559082,7.090000152587891,7.119999885559082,2.371753692626953,30000
7.099999904632568,7.25,7.079999923706055,7.21999979019165,2.405062675476074,50800
7.199999809265137,7.300000190734863,7.199999809265137,7.300000190734863,2.431713819503784,47100
7.210000038146973,7.349999904632568,7.179999828338623,7.289999961853027,2.428382635116577,50300
7.300000190734863,7.400000095367432,7.239999771118164,7.289999961853027,2.428382635116577,51600
7.25,7.28000020980835,7.199999809265137,7.21999979019165,2.405062675476074,29100
7.210000038146973,7.210000038146973,7.139999866485596,7.159999847412109,2.3850793838500977,30600
7.159999847412109,7.190000057220459,7.119999885559082,7.139999866485596,2.378415107727051,21000
7.119999885559082,7.21999979019165,7.119999885559082,7.159999847412109,2.3850793838500977,55000
7.199999809265137,7.21999979019165,7.099999904632568,7.210000038146973,2.401733636856079,38800
7.21999979019165,7.239999771118164,7.159999847412109,7.239999771118164,2.411726236343384,29700
7.239999771118164,7.309999942779541,7.21999979019165,7.28000020980835,2.4250524044036865,41900
7.28000020980835,7.389999866485596,7.28000020980835,7.349999904632568,2.448368787765503,39300
7.320000171661377,7.400000095367432,7.25,7.269999980926514,2.421720504760742,44000
7.230000019073486,7.289999961853027,7.210000038146973,7.230000019073486,2.408396482467652,18300
7.099999904632568,7.230000019073486,7.099999904632568,7.230000019073486,2.408396482467652,43000
7.170000076293945,7.269999980926514,7.170000076293945,7.239999771118164,2.411726236343384,38000
7.21999979019165,7.260000228881836,7.21999979019165,7.230000019073486,2.408396482467652,26400
7.239999771118164,7.329999923706055,7.230000019073486,7.269999980926514,2.421720504760742,34700
7.21999979019165,7.320000171661377,7.21999979019165,7.230000019073486,2.4230613708496094,19600
7.21999979019165,7.300000190734863,7.210000038146973,7.21999979019165,2.4197068214416504,36300
7.170000076293945,7.25,7.130000114440918,7.159999847412109,2.399601936340332,45900
7.059999942779541,7.119999885559082,7.059999942779541,7.119999885559082,2.386195659637451,36700
7.110000133514404,7.130000114440918,7.099999904632568,7.099999904632568,2.379492282867432,23200
7.119999885559082,7.159999847412109,7.079999923706055,7.159999847412109,2.399601936340332,21400
7.139999866485596,7.170000076293945,7.139999866485596,7.170000076293945,2.402953147888184,12200
7.139999866485596,7.210000038146973,7.139999866485596,7.159999847412109,2.399601936340332,27400
7.159999847412109,7.199999809265137,7.159999847412109,7.190000057220459,2.409654378890991,20200
7.170000076293945,7.28000020980835,7.170000076293945,7.25,2.4297633171081543,40900
7.28000020980835,7.360000133514404,7.28000020980835,7.320000171661377,2.45322322845459,35100
7.349999904632568,7.389999866485596,7.320000171661377,7.349999904632568,2.463277101516724,41000
7.329999923706055,7.420000076293945,7.329999923706055,7.400000095367432,2.4800350666046143,59200
7.429999828338623,7.46999979019165,7.349999904632568,7.409999847412109,2.483386754989624,36300
7.429999828338623,7.429999828338623,7.360000133514404,7.360000133514404,2.4666287899017334,23500
7.400000095367432,7.46999979019165,7.360000133514404,7.449999809265137,2.496791124343872,40400
7.429999828338623,7.480000019073486,7.389999866485596,7.400000095367432,2.4800350666046143,39300
7.5,7.5,7.440000057220459,7.440000057220459,2.4934401512146,30700
7.5,7.5,7.460000038146973,7.46999979019165,2.5034942626953125,11800
7.409999847412109,7.46999979019165,7.400000095367432,7.409999847412109,2.497765302658081,20400
7.400000095367432,7.400000095367432,7.349999904632568,7.349999904632568,2.477538108825684,68600
7.349999904632568,7.349999904632568,7.28000020980835,7.300000190734863,2.4606852531433105,19200
7.260000228881836,7.28000020980835,7.260000228881836,7.269999980926514,2.4505727291107178,24200
7.260000228881836,7.320000171661377,7.25,7.25,2.4438295364379883,38500
7.170000076293945,7.210000038146973,7.139999866485596,7.170000076293945,2.416865348815918,68300
7.150000095367432,7.210000038146973,7.119999885559082,7.159999847412109,2.4134953022003174,46100
7.139999866485596,7.239999771118164,7.130000114440918,7.199999809265137,2.4269766807556152,27000
7.170000076293945,7.289999961853027,7.159999847412109,7.289999961853027,2.4573144912719727,39200
7.300000190734863,7.309999942779541,7.269999980926514,7.289999961853027,2.4573144912719727,18200
7.300000190734863,7.329999923706055,7.269999980926514,7.329999923706055,2.470796585083008,18900
7.340000152587891,7.420000076293945,7.300000190734863,7.389999866485596,2.4910225868225098,32200
7.420000076293945,7.449999809265137,7.400000095367432,7.420000076293945,2.501133918762207,21100
7.440000057220459,7.440000057220459,7.320000171661377,7.380000114440918,2.4876503944396973,40500
7.380000114440918,7.389999866485596,7.369999885559082,7.389999866485596,2.4910225868225098,36200
7.320000171661377,7.349999904632568,7.320000171661377,7.329999923706055,2.470796585083008,32600
7.309999942779541,7.349999904632568,7.309999942779541,7.349999904632568,2.477538108825684,21800
7.349999904632568,7.360000133514404,7.289999961853027,7.320000171661377,2.4674265384674072,38500
7.300000190734863,7.309999942779541,7.190000057220459,7.260000228881836,2.4472029209136963,44500
7.210000038146973,7.309999942779541,7.210000038146973,7.260000228881836,2.4472029209136963,28800
7.380000114440918,7.400000095367432,7.349999904632568,7.349999904632568,2.477538108825684,50500
7.380000114440918,7.420000076293945,7.300000190734863,7.309999942779541,2.4640555381774902,40300
7.300000190734863,7.349999904632568,7.300000190734863,7.329999923706055,2.4854178428649902,22800
7.300000190734863,7.300000190734863,7.230000019073486,7.28000020980835,2.4684643745422363,21200
7.25,7.289999961853027,7.210000038146973,7.230000019073486,2.451510429382324,27400
7.21999979019165,7.349999904632568,7.21999979019165,7.349999904632568,2.4921987056732178,45000
7.300000190734863,7.420000076293945,7.300000190734863,7.420000076293945,2.515933036804199,22200
7.380000114440918,7.429999828338623,7.369999885559082,7.369999885559082,2.4989805221557617,23500
7.369999885559082,7.449999809265137,7.349999904632568,7.440000057220459,2.5227155685424805,27000
7.420000076293945,7.440000057220459,7.369999885559082,7.440000057220459,2.5227155685424805,19800
7.380000114440918,7.429999828338623,7.380000114440918,7.420000076293945,2.515933036804199,17200
7.400000095367432,7.5,7.369999885559082,7.489999771118164,2.5396687984466557,40300
7.5,7.5,7.46999979019165,7.480000019073486,2.5362799167633057,12200
7.480000019073486,7.550000190734863,7.460000038146973,7.489999771118164,2.5396687984466557,35100
7.559999942779541,7.559999942779541,7.489999771118164,7.5,2.5430593490600586,51000
7.5,7.599999904632568,7.5,7.519999980926514,2.549842357635498,37600
7.559999942779541,7.590000152587891,7.5,7.53000020980835,2.553232192993164,49200
7.53000020980835,7.559999942779541,7.5,7.559999942779541,2.5634045600891118,60400
7.539999961853027,7.559999942779541,7.510000228881836,7.539999961853027,2.5566234588623047,44400
7.519999980926514,7.559999942779541,7.510000228881836,7.550000190734863,2.560014486312866,42800
7.53000020980835,7.599999904632568,7.519999980926514,7.590000152587891,2.5735769271850586,45000
7.619999885559082,7.619999885559082,7.570000171661377,7.610000133514404,2.5803582668304443,59300
7.610000133514404,7.659999847412109,7.610000133514404,7.630000114440918,2.587139368057251,20500
7.599999904632568,7.630000114440918,7.599999904632568,7.610000133514404,2.595667839050293,19100
7.610000133514404,7.639999866485596,7.610000133514404,7.630000114440918,2.6024880409240723,22900
7.550000190734863,7.619999885559082,7.550000190734863,7.570000171661377,2.582024097442627,61000
7.539999961853027,7.579999923706055,7.53000020980835,7.579999923706055,2.585434675216675,52700
7.559999942779541,7.639999866485596,7.539999961853027,7.639999866485596,2.6058995723724365,45500
7.659999847412109,7.679999828338623,7.650000095367432,7.679999828338623,2.619542598724365,36700
7.650000095367432,7.840000152587891,7.639999866485596,7.820000171661377,2.6672956943511963,83100
7.829999923706055,7.880000114440918,7.809999942779541,7.809999942779541,2.6638858318328857,71700
7.789999961853027,7.800000190734863,7.760000228881836,7.789999961853027,2.657062768936157,15700
7.849999904632568,7.849999904632568,7.699999809265137,7.739999771118164,2.6400082111358643,49600
7.679999828338623,7.71999979019165,7.679999828338623,7.71999979019165,2.633185863494873,29100
7.699999809265137,7.75,7.690000057220459,7.739999771118164,2.6400082111358643,35100
7.760000228881836,7.880000114440918,7.760000228881836,7.860000133514404,2.680938482284546,24000
7.809999942779541,7.860000133514404,7.78000020980835,7.789999961853027,2.657062768936157,49600
7.730000019073486,7.809999942779541,7.730000019073486,7.760000228881836,2.6468310356140137,36300
7.75,7.909999847412109,7.75,7.889999866485596,2.691171407699585,68400
7.889999866485596,7.949999809265137,7.889999866485596,7.940000057220459,2.7082247734069824,33900
7.849999904632568,7.960000038146973,7.840000152587891,7.929999828338623,2.704814910888672,40700
7.929999828338623,7.989999771118164,7.929999828338623,7.960000038146973,2.7150471210479736,24900
7.960000038146973,8.0,7.949999809265137,7.989999771118164,2.72528076171875,27800
7.900000095367432,8.0,7.900000095367432,8.0,2.7441484928131104,35700
7.949999809265137,8.050000190734863,7.920000076293945,7.949999809265137,2.7269949913024902,28200
7.849999904632568,7.900000095367432,7.849999904632568,7.889999866485596,2.706413745880127,51900
7.849999904632568,7.900000095367432,7.829999923706055,7.860000133514404,2.6961231231689453,33900
7.880000114440918,7.880000114440918,7.800000190734863,7.809999942779541,2.678974151611328,36200
7.789999961853027,7.820000171661377,7.670000076293945,7.769999980926514,2.6652519702911377,38000
7.619999885559082,7.710000038146973,7.619999885559082,7.659999847412109,2.6275198459625244,80400
7.639999866485596,7.670000076293945,7.400000095367432,7.5,2.572636365890503,101100
7.519999980926514,7.539999961853027,7.46999979019165,7.510000228881836,2.5760672092437744,65100
7.460000038146973,7.550000190734863,7.460000038146973,7.53000020980835,2.582926988601685,54600
7.519999980926514,7.579999923706055,7.46999979019165,7.519999980926514,2.579497814178467,63000
7.519999980926514,7.550000190734863,7.46999979019165,7.539999961853027,2.5863566398620605,50000
7.510000228881836,7.679999828338623,7.510000228881836,7.670000076293945,2.6309492588043213,36300
7.590000152587891,7.739999771118164,7.590000152587891,7.739999771118164,2.6549601554870605,68400
7.710000038146973,7.800000190734863,7.679999828338623,7.78000020980835,2.668680191040039,49400
7.78000020980835,7.820000171661377,7.75,7.820000171661377,2.682403802871704,39700
7.800000190734863,7.820000171661377,7.739999771118164,7.739999771118164,2.6549601554870605,37900
7.75,7.800000190734863,7.739999771118164,7.739999771118164,2.6549601554870605,55200
7.75,7.820000171661377,7.75,7.809999942779541,2.678974151611328,49000
7.78000020980835,7.789999961853027,7.739999771118164,7.78000020980835,2.668680191040039,34200
7.769999980926514,7.809999942779541,7.739999771118164,7.75,2.6583926677703857,30500
7.71999979019165,7.75,7.650000095367432,7.650000095367432,2.6394145488739014,56500
7.639999866485596,7.670000076293945,7.630000114440918,7.630000114440918,2.632514238357544,14800
7.610000133514404,7.630000114440918,7.5,7.5,2.5876624584198,42700
7.5,7.53000020980835,7.460000038146973,7.5,2.5876624584198,76000
7.539999961853027,7.599999904632568,7.460000038146973,7.599999904632568,2.622164011001587,90500
7.550000190734863,7.590000152587891,7.5,7.539999961853027,2.6014628410339355,62700
7.53000020980835,7.550000190734863,7.400000095367432,7.400000095367432,2.5531606674194336,38300
7.400000095367432,7.449999809265137,7.139999866485596,7.269999980926514,2.508307456970215,70600
7.260000228881836,7.329999923706055,7.260000228881836,7.329999923706055,2.529007911682129,37800
7.28000020980835,7.309999942779541,7.25,7.269999980926514,2.508307456970215,43900
7.260000228881836,7.289999961853027,7.230000019073486,7.25,2.501405477523804,92800
7.25,7.329999923706055,7.25,7.28000020980835,2.5117576122283936,57900
7.300000190734863,7.309999942779541,7.25,7.25,2.501405477523804,52300
7.25,7.369999885559082,7.199999809265137,7.369999885559082,2.54280948638916,51000
7.389999866485596,7.389999866485596,7.25,7.300000190734863,2.5186588764190674,56300
7.400000095367432,7.420000076293945,7.260000228881836,7.400000095367432,2.5531606674194336,58200
7.340000152587891,7.380000114440918,7.25,7.260000228881836,2.5048553943634038,54200
7.260000228881836,7.269999980926514,7.170000076293945,7.25,2.501405477523804,41300
7.21999979019165,7.300000190734863,7.099999904632568,7.150000095367432,2.466904401779175,51600
7.139999866485596,7.340000152587891,7.139999866485596,7.329999923706055,2.529007911682129,53600
7.300000190734863,7.400000095367432,7.300000190734863,7.400000095367432,2.5531606674194336,23700
7.360000133514404,7.5,7.360000133514404,7.5,2.5876624584198,43900
7.5,7.519999980926514,7.440000057220459,7.440000057220459,2.5669615268707275,33100
7.380000114440918,7.449999809265137,7.260000228881836,7.260000228881836,2.520098924636841,24600
7.28000020980835,7.300000190734863,7.25,7.28000020980835,2.5270419120788574,33100
7.260000228881836,7.269999980926514,7.150000095367432,7.170000076293945,2.488858938217163,25900
7.150000095367432,7.199999809265137,7.139999866485596,7.199999809265137,2.499272346496582,60500
7.159999847412109,7.28000020980835,7.159999847412109,7.28000020980835,2.5270419120788574,66400
7.28000020980835,7.289999961853027,7.199999809265137,7.25,2.5166285037994385,39300
7.199999809265137,7.260000228881836,7.199999809265137,7.239999771118164,2.5131564140319824,17500
7.199999809265137,7.210000038146973,7.139999866485596,7.179999828338623,2.49233078956604,32500
7.199999809265137,7.239999771118164,7.179999828338623,7.239999771118164,2.5131564140319824,32400
7.25,7.25,7.079999923706055,7.079999923706055,2.4576175212860107,80900
7.119999885559082,7.170000076293945,7.03000020980835,7.079999923706055,2.4576175212860107,94300
7.099999904632568,7.099999904632568,7.0,7.070000171661377,2.454146385192871,111700
7.079999923706055,7.079999923706055,7.039999961853027,7.070000171661377,2.454146385192871,36600
7.070000171661377,7.139999866485596,7.070000171661377,7.099999904632568,2.4645583629608154,72900
7.099999904632568,7.190000057220459,7.099999904632568,7.170000076293945,2.488858938217163,37700
7.170000076293945,7.239999771118164,7.170000076293945,7.239999771118164,2.5131564140319824,38700
7.199999809265137,7.300000190734863,7.199999809265137,7.300000190734863,2.533985137939453,57800
7.329999923706055,7.409999847412109,7.28000020980835,7.389999866485596,2.565223932266236,52200
7.389999866485596,7.440000057220459,7.349999904632568,7.429999828338623,2.579109907150269,50400
7.440000057220459,7.440000057220459,7.400000095367432,7.440000057220459,2.582582235336304,33200
7.349999904632568,7.440000057220459,7.349999904632568,7.389999866485596,2.580833911895752,22900
7.369999885559082,7.46999979019165,7.369999885559082,7.429999828338623,2.59480357170105,30700
7.409999847412109,7.460000038146973,7.409999847412109,7.460000038146973,2.6052815914154053,28700
7.460000038146973,7.5,7.449999809265137,7.460000038146973,2.6052815914154053,7500
7.489999771118164,7.519999980926514,7.449999809265137,7.489999771118164,2.6157562732696533,51900
7.449999809265137,7.519999980926514,7.420000076293945,7.429999828338623,2.59480357170105,87500
7.429999828338623,7.440000057220459,7.420000076293945,7.429999828338623,2.59480357170105,16300
7.420000076293945,7.460000038146973,7.389999866485596,7.440000057220459,2.598296880722046,40200
7.400000095367432,7.400000095367432,7.340000152587891,7.389999866485596,2.580833911895752,38000
7.400000095367432,7.400000095367432,7.349999904632568,7.369999885559082,2.5738518238067627,28000
7.349999904632568,7.380000114440918,7.329999923706055,7.360000133514404,2.570359945297241,30600
7.360000133514404,7.369999885559082,7.340000152587891,7.360000133514404,2.570359945297241,31600
7.389999866485596,7.389999866485596,7.320000171661377,7.360000133514404,2.570359945297241,31000
7.369999885559082,7.369999885559082,7.320000171661377,7.360000133514404,2.570359945297241,24300
7.349999904632568,7.440000057220459,7.349999904632568,7.440000057220459,2.598296880722046,28200
7.440000057220459,7.590000152587891,7.429999828338623,7.590000152587891,2.650681495666504,49000
7.559999942779541,7.570000171661377,7.510000228881836,7.539999961853027,2.6332192420959477,16600
7.539999961853027,7.539999961853027,7.510000228881836,7.53000020980835,2.629727840423584,30100
7.519999980926514,7.590000152587891,7.510000228881836,7.590000152587891,2.650681495666504,43300
7.570000171661377,7.599999904632568,7.559999942779541,7.590000152587891,2.650681495666504,17800
7.570000171661377,7.590000152587891,7.480000019073486,7.480000019073486,2.612265348434448,56900
7.5,7.53000020980835,7.449999809265137,7.53000020980835,2.645643949508667,24500
7.460000038146973,7.519999980926514,7.460000038146973,7.510000228881836,2.638618469238281,13200
7.420000076293945,7.599999904632568,7.409999847412109,7.46999979019165,2.624563694000244,46800
7.5,7.5,7.369999885559082,7.420000076293945,2.606995820999145,38000
7.360000133514404,7.409999847412109,7.360000133514404,7.369999885559082,2.58942985534668,38700
7.349999904632568,7.369999885559082,7.309999942779541,7.360000133514404,2.5859158039093018,37100
7.369999885559082,7.449999809265137,7.309999942779541,7.389999866485596,2.5964548587799072,41400
7.389999866485596,7.440000057220459,7.389999866485596,7.409999847412109,2.603481769561768,7000
7.440000057220459,7.440000057220459,7.400000095367432,7.440000057220459,2.614023447036743,36500
7.400000095367432,7.449999809265137,7.400000095367432,7.449999809265137,2.617535352706909,27500
7.429999828338623,7.510000228881836,7.429999828338623,7.480000019073486,2.628075361251831,50400
7.460000038146973,7.550000190734863,7.460000038146973,7.489999771118164,2.631588220596313,41400
7.510000228881836,7.550000190734863,7.409999847412109,7.53000020980835,2.645643949508667,63700
7.480000019073486,7.539999961853027,7.480000019073486,7.489999771118164,2.631588220596313,63600
7.5,7.510000228881836,7.400000095367432,7.429999828338623,2.61050796508789,92500
7.440000057220459,7.489999771118164,7.420000076293945,7.489999771118164,2.631588220596313,35500
7.489999771118164,7.570000171661377,7.489999771118164,7.539999961853027,2.6491570472717285,55700
7.519999980926514,7.610000133514404,7.519999980926514,7.610000133514404,2.6737523078918457,48100
7.670000076293945,7.690000057220459,7.599999904632568,7.690000057220459,2.701860189437866,55300
7.679999828338623,7.679999828338623,7.619999885559082,7.630000114440918,2.680779218673706,37700
7.659999847412109,7.679999828338623,7.519999980926514,7.579999923706055,2.663210153579712,40700
7.53000020980835,7.619999885559082,7.53000020980835,7.610000133514404,2.6737523078918457,16500
7.619999885559082,7.619999885559082,7.559999942779541,7.619999885559082,2.677264928817749,14500
7.480000019073486,7.579999923706055,7.480000019073486,7.53000020980835,2.661360263824463,51500
7.570000171661377,7.570000171661377,7.5,7.550000190734863,2.66843056678772,37100
7.53000020980835,7.539999961853027,7.5,7.519999980926514,2.657826662063598,21800
7.559999942779541,7.630000114440918,7.489999771118164,7.5,2.6507575511932373,53000
7.53000020980835,7.579999923706055,7.519999980926514,7.53000020980835,2.661360263824463,28700
7.510000228881836,7.599999904632568,7.5,7.579999923706055,2.679032564163208,54400
7.550000190734863,7.550000190734863,7.489999771118164,7.510000228881836,2.6542930603027344,45700
7.510000228881836,7.570000171661377,7.510000228881836,7.53000020980835,2.661360263824463,28600
7.550000190734863,7.610000133514404,7.519999980926514,7.590000152587891,2.6825668811798096,37900
7.5,7.590000152587891,7.489999771118164,7.53000020980835,2.661360263824463,62900
7.53000020980835,7.539999961853027,7.489999771118164,7.53000020980835,2.661360263824463,58000
7.539999961853027,7.579999923706055,7.519999980926514,7.579999923706055,2.679032564163208,44400
7.579999923706055,7.630000114440918,7.550000190734863,7.630000114440918,2.696704149246216,47100
7.610000133514404,7.690000057220459,7.599999904632568,7.639999866485596,2.700238943099976,49100
7.679999828338623,7.699999809265137,7.630000114440918,7.690000057220459,2.7179110050201416,56300
7.699999809265137,7.699999809265137,7.639999866485596,7.650000095367432,2.70377254486084,27900
7.659999847412109,7.690000057220459,7.590000152587891,7.630000114440918,2.696704149246216,76300
7.639999866485596,7.670000076293945,7.599999904632568,7.670000076293945,2.7108404636383057,36000
7.659999847412109,7.699999809265137,7.619999885559082,7.670000076293945,2.7108404636383057,38900
7.670000076293945,7.710000038146973,7.650000095367432,7.659999847412109,2.7073068618774414,34900
7.679999828338623,7.679999828338623,7.510000228881836,7.53000020980835,2.677087783813477,73000
7.559999942779541,7.559999942779541,7.46999979019165,7.5,2.666422128677368,52200
7.539999961853027,7.550000190734863,7.480000019073486,7.53000020980835,2.677087783813477,61800
7.510000228881836,7.659999847412109,7.510000228881836,7.570000171661377,2.6913092136383057,66700
7.570000171661377,7.630000114440918,7.489999771118164,7.489999771118164,2.662864446640014,68000
7.53000020980835,7.650000095367432,7.5,7.650000095367432,2.719749927520752,62700
7.659999847412109,7.670000076293945,7.519999980926514,7.579999923706055,2.694863796234131,65600
7.539999961853027,7.619999885559082,7.539999961853027,7.590000152587891,2.6984193325042725,22300
7.570000171661377,7.570000171661377,7.5,7.510000228881836,2.6699788570404053,44600
7.539999961853027,7.539999961853027,7.510000228881836,7.53000020980835,2.677087783813477,20500
7.519999980926514,7.550000190734863,7.5,7.510000228881836,2.6699788570404053,36200
7.539999961853027,7.579999923706055,7.53000020980835,7.550000190734863,2.684199571609497,37600
7.579999923706055,7.599999904632568,7.550000190734863,7.599999904632568,2.701972246170044,43600
7.599999904632568,7.630000114440918,7.579999923706055,7.630000114440918,2.712640285491944,37000
7.559999942779541,7.679999828338623,7.539999961853027,7.630000114440918,2.712640285491944,34600
7.639999866485596,7.710000038146973,7.630000114440918,7.679999828338623,2.730415344238281,64100
7.670000076293945,7.800000190734863,7.659999847412109,7.769999980926514,2.762413263320923,61500
7.800000190734863,7.820000171661377,7.739999771118164,7.809999942779541,2.7766358852386475,50000
7.800000190734863,7.829999923706055,7.75,7.75,2.75530219078064,34100
7.760000228881836,7.820000171661377,7.75,7.789999961853027,2.769522190093994,46200
7.800000190734863,7.800000190734863,7.619999885559082,7.730000019073486,2.7481908798217773,107600
7.659999847412109,7.78000020980835,7.659999847412109,7.78000020980835,2.782165050506592,47900
7.78000020980835,7.849999904632568,7.730000019073486,7.849999904632568,2.8071954250335693,94400
7.849999904632568,7.880000114440918,7.820000171661377,7.869999885559082,2.8143489360809326,50100
7.889999866485596,7.920000076293945,7.849999904632568,7.869999885559082,2.8143489360809326,27100
7.920000076293945,7.929999828338623,7.889999866485596,7.929999828338623,2.8358054161071777,26400
7.909999847412109,7.960000038146973,7.909999847412109,7.909999847412109,2.8286521434783936,37900
7.940000057220459,7.980000019073486,7.920000076293945,7.929999828338623,2.8358054161071777,31000
7.929999828338623,7.980000019073486,7.809999942779541,7.849999904632568,2.8071954250335693,70800
7.889999866485596,7.889999866485596,7.769999980926514,7.769999980926514,2.7785885334014893,41200
7.75,7.889999866485596,7.75,7.889999866485596,2.8215019702911377,60300
7.920000076293945,7.980000019073486,7.880000114440918,7.940000057220459,2.839381456375122,34600
7.980000019073486,8.010000228881836,7.849999904632568,7.849999904632568,2.8071954250335693,53600
7.889999866485596,7.889999866485596,7.860000133514404,7.880000114440918,2.817926406860352,22900
7.889999866485596,7.940000057220459,7.869999885559082,7.889999866485596,2.8215019702911377,26500
7.940000057220459,7.980000019073486,7.909999847412109,7.920000076293945,2.8322293758392334,18700
7.940000057220459,7.980000019073486,7.920000076293945,7.929999828338623,2.8358054161071777,15000
7.949999809265137,7.96999979019165,7.880000114440918,7.900000095367432,2.825077533721924,43900
7.889999866485596,7.940000057220459,7.889999866485596,7.940000057220459,2.839381456375122,26700
7.949999809265137,7.980000019073486,7.880000114440918,7.909999847412109,2.8286521434783936,41900
7.900000095367432,7.940000057220459,7.860000133514404,7.920000076293945,2.8322293758392334,42800
7.909999847412109,8.020000457763672,7.909999847412109,8.020000457763672,2.8679897785186768,75800
8.0,8.039999961853027,8.0,8.0,2.87697982788086,26600
7.960000038146973,7.989999771118164,7.949999809265137,7.96999979019165,2.86618971824646,36600
7.980000019073486,7.980000019073486,7.940000057220459,7.960000038146973,2.862595558166504,38000
7.989999771118164,8.0,7.940000057220459,7.960000038146973,2.862595558166504,35800
7.929999828338623,7.989999771118164,7.869999885559082,7.889999866485596,2.837421417236328,37200
7.849999904632568,7.889999866485596,7.849999904632568,7.889999866485596,2.837421417236328,32100
7.940000057220459,7.980000019073486,7.909999847412109,7.909999847412109,2.844613552093506,45200
7.949999809265137,7.949999809265137,7.860000133514404,7.880000114440918,2.833825826644897,24000
7.840000152587891,7.96999979019165,7.840000152587891,7.909999847412109,2.844613552093506,50600
7.929999828338623,7.949999809265137,7.889999866485596,7.920000076293945,2.8482108116149902,30900
7.949999809265137,7.960000038146973,7.909999847412109,7.949999809265137,2.858999729156494,22700
7.929999828338623,8.0,7.929999828338623,7.989999771118164,2.8733842372894287,44200
7.989999771118164,8.0,7.940000057220459,7.960000038146973,2.862595558166504,17200
7.960000038146973,7.989999771118164,7.940000057220459,7.989999771118164,2.8733842372894287,62600
7.949999809265137,7.96999979019165,7.949999809265137,7.96999979019165,2.86618971824646,19700
7.960000038146973,8.029999732971191,7.960000038146973,8.029999732971191,2.887769222259521,48000
8.039999961853027,8.09000015258789,8.0,8.069999694824219,2.9021525382995605,20300
8.0600004196167,8.149999618530273,8.050000190734863,8.149999618530273,2.930925130844116,26500
8.119999885559082,8.199999809265137,8.119999885559082,8.140000343322754,2.9273269176483154,46400
8.119999885559082,8.149999618530273,8.09000015258789,8.09000015258789,2.92588210105896,52100
8.100000381469727,8.109999656677246,8.079999923706055,8.100000381469727,2.9294967651367188,32800
8.0600004196167,8.100000381469727,8.050000190734863,8.050000190734863,2.9114139080047607,22900
8.079999923706055,8.100000381469727,7.960000038146973,8.039999961853027,2.90779709815979,41100
8.039999961853027,8.079999923706055,8.029999732971191,8.050000190734863,2.9114139080047607,25500
8.100000381469727,8.100000381469727,8.029999732971191,8.039999961853027,2.90779709815979,20100
8.020000457763672,8.109999656677246,8.020000457763672,8.029999732971191,2.904181241989136,18500
8.029999732971191,8.09000015258789,8.020000457763672,8.0600004196167,2.9150326251983643,24400
8.079999923706055,8.079999923706055,7.96999979019165,7.980000019073486,2.886096954345703,32200
7.949999809265137,8.079999923706055,7.949999809265137,8.0600004196167,2.9150326251983643,20900
8.100000381469727,8.140000343322754,8.09000015258789,8.119999885559082,2.936732053756714,13300
8.100000381469727,8.100000381469727,8.050000190734863,8.050000190734863,2.9114139080047607,25700
8.069999694824219,8.100000381469727,8.039999961853027,8.0600004196167,2.9150326251983643,37000
8.069999694824219,8.149999618530273,8.0600004196167,8.0600004196167,2.9150326251983643,31200
8.079999923706055,8.09000015258789,8.0600004196167,8.0600004196167,2.9150326251983643,23500
8.09000015258789,8.09000015258789,8.050000190734863,8.0600004196167,2.9150326251983643,19000
8.050000190734863,8.050000190734863,7.809999942779541,7.809999942779541,2.824615240097046,91600
7.78000020980835,7.849999904632568,7.449999809265137,7.46999979019165,2.7016468048095703,128200
7.480000019073486,7.670000076293945,7.420000076293945,7.449999809265137,2.6944143772125244,82800
7.449999809265137,7.619999885559082,7.449999809265137,7.510000228881836,2.716114282608032,75200
7.5,7.550000190734863,7.5,7.539999961853027,2.7269647121429443,51600
7.539999961853027,7.570000171661377,7.510000228881836,7.559999942779541,2.734198570251465,42700
7.409999847412109,7.449999809265137,7.360000133514404,7.369999885559082,2.681798458099365,50700
7.400000095367432,7.400000095367432,7.28000020980835,7.289999961853027,2.6526875495910645,65700
7.28000020980835,7.320000171661377,7.25,7.289999961853027,2.6526875495910645,62400
7.28000020980835,7.369999885559082,7.28000020980835,7.369999885559082,2.681798458099365,43800
7.309999942779541,7.369999885559082,7.25,7.260000228881836,2.641772747039795,116600
7.269999980926514,7.320000171661377,7.03000020980835,7.110000133514404,2.587191343307495,125200
7.110000133514404,7.119999885559082,7.070000171661377,7.099999904632568,2.583551406860352,96600
7.099999904632568,7.159999847412109,7.070000171661377,7.150000095367432,2.6017441749572754,84400
7.059999942779541,7.130000114440918,7.059999942779541,7.099999904632568,2.583551406860352,51700
7.059999942779541,7.099999904632568,6.909999847412109,7.010000228881836,2.55080246925354,115100
7.010000228881836,7.019999980926514,6.920000076293945,6.980000019073486,2.539884567260742,77800
6.96999979019165,7.050000190734863,6.929999828338623,6.980000019073486,2.539884567260742,72300
7.0,7.03000020980835,6.889999866485596,6.949999809265137,2.52896785736084,83800
7.050000190734863,7.21999979019165,6.949999809265137,7.130000114440918,2.594467878341675,178200
7.070000171661377,7.340000152587891,7.070000171661377,7.340000152587891,2.6708829402923584,103600
7.329999923706055,7.340000152587891,7.179999828338623,7.239999771118164,2.6344923973083496,100700
7.230000019073486,7.28000020980835,7.21999979019165,7.269999980926514,2.6454110145568848,20300
7.210000038146973,7.28000020980835,7.099999904632568,7.179999828338623,2.612662076950073,73500
6.829999923706055,7.099999904632568,6.829999923706055,6.989999771118164,2.5435245037078857,117400
7.039999961853027,7.159999847412109,6.829999923706055,6.829999923706055,2.485302209854126,83400
6.849999904632568,7.0,6.849999904632568,7.0,2.547163486480713,66200
6.929999828338623,7.099999904632568,6.900000095367432,6.900000095367432,2.5273828506469727,49000
6.840000152587891,6.949999809265137,6.840000152587891,6.889999866485596,2.523719072341919,107500
6.809999942779541,7.090000152587891,6.809999942779541,6.96999979019165,2.553023099899292,89500
6.989999771118164,6.989999771118164,6.860000133514404,6.949999809265137,2.545696973800659,42700
6.900000095367432,6.949999809265137,6.900000095367432,6.920000076293945,2.534709453582764,61000
6.909999847412109,6.940000057220459,6.849999904632568,6.920000076293945,2.534709453582764,98300
6.929999828338623,6.940000057220459,6.909999847412109,6.940000057220459,2.5420351028442383,49300
6.929999828338623,7.059999942779541,6.889999866485596,7.039999961853027,2.578662633895874,116400
6.900000095367432,7.090000152587891,6.889999866485596,7.070000171661377,2.589650154113769,41700
7.039999961853027,7.199999809265137,7.03000020980835,7.119999885559082,2.607966661453247,22400
7.159999847412109,7.21999979019165,7.119999885559082,7.210000038146973,2.640933036804199,23600
7.230000019073486,7.239999771118164,7.130000114440918,7.130000114440918,2.611630439758301,81600
7.110000133514404,7.190000057220459,7.03000020980835,7.03000020980835,2.5750012397766118,69500
7.090000152587891,7.210000038146973,7.079999923706055,7.179999828338623,2.6299448013305664,47300
7.179999828338623,7.309999942779541,7.150000095367432,7.230000019073486,2.648259401321411,39200
7.25,7.28000020980835,7.199999809265137,7.210000038146973,2.640933036804199,29900
7.309999942779541,7.309999942779541,7.25,7.260000228881836,2.6592466831207275,28700
7.360000133514404,7.360000133514404,7.230000019073486,7.309999942779541,2.677562713623047,24700
7.320000171661377,7.329999923706055,7.21999979019165,7.230000019073486,2.648259401321411,31300
7.269999980926514,7.269999980926514,7.199999809265137,7.260000228881836,2.6592466831207275,28600
7.269999980926514,7.400000095367432,7.25,7.349999904632568,2.6922123432159424,49500
7.260000228881836,7.320000171661377,7.199999809265137,7.260000228881836,2.675995111465454,49900
7.260000228881836,7.300000190734863,7.150000095367432,7.25,2.672308444976806,64500
7.28000020980835,7.289999961853027,7.190000057220459,7.25,2.672308444976806,33000
7.239999771118164,7.239999771118164,7.210000038146973,7.239999771118164,2.668620586395264,22400
7.239999771118164,7.400000095367432,7.21999979019165,7.380000114440918,2.720226526260376,60800
7.300000190734863,7.400000095367432,7.260000228881836,7.329999923706055,2.7017972469329834,20500
7.360000133514404,7.360000133514404,7.260000228881836,7.300000190734863,2.690739154815674,29200
7.340000152587891,7.360000133514404,7.260000228881836,7.300000190734863,2.690739154815674,47600
7.300000190734863,7.329999923706055,7.28000020980835,7.309999942779541,2.694425106048584,40300
7.349999904632568,7.349999904632568,7.28000020980835,7.28000020980835,2.683367967605591,32100
7.329999923706055,7.340000152587891,7.25,7.25,2.672308444976806,45500
7.25,7.329999923706055,7.230000019073486,7.300000190734863,2.690739154815674,44100
7.300000190734863,7.369999885559082,7.269999980926514,7.340000152587891,2.7054829597473145,37000
7.400000095367432,7.420000076293945,7.349999904632568,7.400000095367432,2.7275967597961426,47100
7.409999847412109,7.53000020980835,7.409999847412109,7.53000020980835,2.7755157947540283,33700
7.539999961853027,7.559999942779541,7.46999979019165,7.539999961853027,2.77920150756836,16900
7.570000171661377,7.639999866485596,7.519999980926514,7.579999923706055,2.793944835662842,48400
7.579999923706055,7.579999923706055,7.519999980926514,7.579999923706055,2.793944835662842,32300
7.570000171661377,7.590000152587891,7.539999961853027,7.550000190734863,2.7828893661499023,23200
7.550000190734863,7.590000152587891,7.539999961853027,7.590000152587891,2.7976303100585938,22400
7.510000228881836,7.849999904632568,7.510000228881836,7.599999904632568,2.818398714065552,63800
7.599999904632568,7.690000057220459,7.510000228881836,7.510000228881836,2.785022735595703,31500
7.510000228881836,7.559999942779541,7.510000228881836,7.550000190734863,2.7998571395874023,27600
7.53000020980835,7.570000171661377,7.53000020980835,7.570000171661377,2.8072726726531982,22800
7.559999942779541,7.579999923706055,7.519999980926514,7.519999980926514,2.78873062133789,29000
7.519999980926514,7.570000171661377,7.519999980926514,7.559999942779541,2.80356502532959,33900
7.559999942779541,7.570000171661377,7.510000228881836,7.53000020980835,2.7924394607543945,18700
7.539999961853027,7.570000171661377,7.53000020980835,7.559999942779541,2.80356502532959,43400
7.590000152587891,7.590000152587891,7.559999942779541,7.579999923706055,2.810981035232544,19700
7.599999904632568,7.639999866485596,7.510000228881836,7.639999866485596,2.833230495452881,43300
7.650000095367432,7.670000076293945,7.53000020980835,7.599999904632568,2.818398714065552,49000
7.559999942779541,7.610000133514404,7.559999942779541,7.610000133514404,2.822106122970581,17200
7.619999885559082,7.630000114440918,7.489999771118164,7.539999961853027,2.7961483001708984,38700
7.639999866485596,7.639999866485596,7.570000171661377,7.570000171661377,2.8072726726531982,29600
7.579999923706055,7.650000095367432,7.579999923706055,7.590000152587891,2.8146886825561523,40300
7.599999904632568,7.639999866485596,7.590000152587891,7.619999885559082,2.825812578201294,37600
7.559999942779541,7.590000152587891,7.559999942779541,7.570000171661377,2.8072726726531982,30200
7.559999942779541,7.610000133514404,7.539999961853027,7.570000171661377,2.8072726726531982,45600
7.630000114440918,7.690000057220459,7.550000190734863,7.650000095367432,2.8369383811950684,30500
7.650000095367432,7.710000038146973,7.570000171661377,7.670000076293945,2.84435510635376,30100
7.670000076293945,7.710000038146973,7.639999866485596,7.690000057220459,2.851774215698242,34800
7.699999809265137,7.739999771118164,7.659999847412109,7.699999809265137,2.855482339859009,18900
7.710000038146973,7.739999771118164,7.639999866485596,7.650000095367432,2.853989839553833,26300
7.659999847412109,7.710000038146973,7.659999847412109,7.690000057220459,2.868914842605591,20000
7.690000057220459,7.710000038146973,7.610000133514404,7.639999866485596,2.850257873535156,41700
7.670000076293945,7.670000076293945,7.610000133514404,7.630000114440918,2.846529960632324,37800
7.630000114440918,7.710000038146973,7.630000114440918,7.690000057220459,2.868914842605591,35400
7.670000076293945,7.760000228881836,7.670000076293945,7.730000019073486,2.883836507797241,53000
7.760000228881836,7.760000228881836,7.670000076293945,7.679999828338623,2.8651819229125977,41500
7.699999809265137,7.699999809265137,7.630000114440918,7.670000076293945,2.861449718475342,24700
7.659999847412109,7.679999828338623,7.590000152587891,7.599999904632568,2.8353350162506104,31200
7.619999885559082,7.639999866485596,7.610000133514404,7.630000114440918,2.846529960632324,23400
7.639999866485596,7.639999866485596,7.610000133514404,7.639999866485596,2.850257873535156,36300
7.630000114440918,7.679999828338623,7.630000114440918,7.679999828338623,2.8651819229125977,18400
7.690000057220459,7.690000057220459,7.639999866485596,7.670000076293945,2.861449718475342,30600
7.690000057220459,7.75,7.659999847412109,7.699999809265137,2.872642040252685,55000
7.739999771118164,7.760000228881836,7.699999809265137,7.739999771118164,2.8875651359558105,24200
7.739999771118164,7.769999980926514,7.659999847412109,7.690000057220459,2.868914842605591,56500
7.71999979019165,7.730000019073486,7.650000095367432,7.670000076293945,2.861449718475342,22100
7.730000019073486,7.829999923706055,7.710000038146973,7.78000020980835,2.9024901390075684,47200
7.730000019073486,7.809999942779541,7.730000019073486,7.75,2.8912971019744877,45200
7.789999961853027,7.829999923706055,7.769999980926514,7.769999980926514,2.898757219314575,21100
7.800000190734863,7.849999904632568,7.78000020980835,7.809999942779541,2.9136812686920166,64700
7.75,7.800000190734863,7.690000057220459,7.739999771118164,2.9046733379364014,34700
7.739999771118164,7.78000020980835,7.699999809265137,7.739999771118164,2.9046733379364014,27300
7.739999771118164,7.78000020980835,7.639999866485596,7.639999866485596,2.8671467304229736,19300
7.679999828338623,7.75,7.659999847412109,7.659999847412109,2.874652862548828,42900
7.659999847412109,7.739999771118164,7.650000095367432,7.71999979019165,2.8971683979034424,38500
7.699999809265137,7.699999809265137,7.610000133514404,7.639999866485596,2.8671467304229736,68200
7.619999885559082,7.619999885559082,7.559999942779541,7.619999885559082,2.859639883041382,56300
7.650000095367432,7.71999979019165,7.639999866485596,7.690000057220459,2.8859097957611084,32800
7.739999771118164,7.75,7.699999809265137,7.730000019073486,2.900921106338501,26200
7.739999771118164,7.75,7.690000057220459,7.730000019073486,2.900921106338501,19500
7.699999809265137,7.730000019073486,7.670000076293945,7.690000057220459,2.8859097957611084,40900
7.690000057220459,7.71999979019165,7.670000076293945,7.679999828338623,2.8821568489074707,44000
7.730000019073486,7.730000019073486,7.630000114440918,7.679999828338623,2.8821568489074707,34900
7.679999828338623,7.699999809265137,7.619999885559082,7.630000114440918,2.8633952140808105,49800
7.670000076293945,7.690000057220459,7.639999866485596,7.690000057220459,2.8859097957611084,26400
7.599999904632568,7.699999809265137,7.599999904632568,7.699999809265137,2.889662981033325,59100
7.570000171661377,7.710000038146973,7.570000171661377,7.699999809265137,2.889662981033325,60400
7.710000038146973,7.730000019073486,7.670000076293945,7.730000019073486,2.900921106338501,19200
7.739999771118164,7.739999771118164,7.699999809265137,7.710000038146973,2.8934152126312256,19300
7.739999771118164,7.800000190734863,7.730000019073486,7.75,2.9084270000457764,34000
7.800000190734863,7.800000190734863,7.679999828338623,7.690000057220459,2.8859097957611084,36800
7.739999771118164,7.75,7.699999809265137,7.739999771118164,2.9046733379364014,26100
7.71999979019165,7.71999979019165,7.670000076293945,7.699999809265137,2.9069395065307617,12100
7.730000019073486,7.760000228881836,7.699999809265137,7.71999979019165,2.91448974609375,23900
7.75,7.75,7.619999885559082,7.670000076293945,2.8956120014190674,53400
7.670000076293945,7.699999809265137,7.639999866485596,7.679999828338623,2.899387836456299,41500
7.670000076293945,7.789999961853027,7.670000076293945,7.769999980926514,2.933365821838379,56600
7.789999961853027,7.800000190734863,7.710000038146973,7.760000228881836,2.929591417312622,34400
7.769999980926514,7.78000020980835,7.739999771118164,7.739999771118164,2.922039747238159,16900
7.71999979019165,7.789999961853027,7.71999979019165,7.78000020980835,2.9371426105499268,14200
7.75,7.829999923706055,7.75,7.78000020980835,2.9371426105499268,24100
7.849999904632568,7.849999904632568,7.75,7.78000020980835,2.9371426105499268,46500
7.829999923706055,7.840000152587891,7.789999961853027,7.809999942779541,2.9484667778015137,30200
7.840000152587891,7.840000152587891,7.789999961853027,7.820000171661377,2.952244281768799,17700
7.849999904632568,7.860000133514404,7.820000171661377,7.829999923706055,2.956018209457397,42600
7.849999904632568,7.889999866485596,7.769999980926514,7.809999942779541,2.9484667778015137,40500
7.769999980926514,7.869999885559082,7.769999980926514,7.829999923706055,2.956018209457397,14300
7.869999885559082,7.920000076293945,7.840000152587891,7.889999866485596,2.9786691665649414,24700
7.880000114440918,7.980000019073486,7.880000114440918,7.949999809265137,3.0013201236724854,27400
7.940000057220459,7.980000019073486,7.75,7.75,2.925814151763916,38700
7.75,7.760000228881836,7.510000228881836,7.570000171661377,2.8578600883483887,48600
7.519999980926514,7.699999809265137,7.519999980926514,7.630000114440918,2.88051438331604,36000
7.670000076293945,7.699999809265137,7.630000114440918,7.690000057220459,2.92077374458313,19900
7.71999979019165,7.739999771118164,7.670000076293945,7.710000038146973,2.9283664226531982,22400
7.710000038146973,7.71999979019165,7.619999885559082,7.679999828338623,2.9169766902923584,27800
7.690000057220459,7.809999942779541,7.690000057220459,7.78000020980835,2.9549572467803955,26600
7.78000020980835,7.800000190734863,7.75,7.75,2.9435625076293945,39600
7.800000190734863,7.809999942779541,7.75,7.760000228881836,2.947359323501587,27400
7.800000190734863,7.800000190734863,7.739999771118164,7.739999771118164,2.9397623538970947,42100
7.75,7.800000190734863,7.75,7.75,2.9435625076293945,28300
7.800000190734863,7.900000095367432,7.75,7.760000228881836,2.947359323501587,64300
7.760000228881836,7.880000114440918,7.760000228881836,7.809999942779541,2.9663517475128174,37800
7.820000171661377,8.0,7.78000020980835,7.900000095367432,3.000535011291504,35900
7.949999809265137,7.980000019073486,7.920000076293945,7.920000076293945,3.008131742477417,16100
7.929999828338623,7.929999828338623,7.769999980926514,7.800000190734863,2.962554454803467,26800
7.820000171661377,7.849999904632568,7.78000020980835,7.820000171661377,2.970149040222168,25000
7.769999980926514,7.880000114440918,7.769999980926514,7.820000171661377,2.970149040222168,56100
7.75,7.849999904632568,7.75,7.760000228881836,2.947359323501587,64600
7.769999980926514,7.829999923706055,7.769999980926514,7.789999961853027,2.958754062652588,33300
7.78000020980835,7.820000171661377,7.71999979019165,7.75,2.9435625076293945,60700
7.739999771118164,7.769999980926514,7.710000038146973,7.71999979019165,2.9321680068969727,32300
7.659999847412109,7.769999980926514,7.659999847412109,7.769999980926514,2.951158285140991,24600
7.71999979019165,7.78000020980835,7.71999979019165,7.78000020980835,2.9549572467803955,15600
7.78000020980835,7.820000171661377,7.739999771118164,7.789999961853027,2.958754062652588,36800
7.75,7.800000190734863,7.730000019073486,7.75,2.961046934127808,34200
7.800000190734863,7.840000152587891,7.760000228881836,7.809999942779541,2.9839720726013184,34200
7.75,7.800000190734863,7.690000057220459,7.699999809265137,2.9419431686401367,150900
7.639999866485596,7.690000057220459,7.630000114440918,7.670000076293945,2.9304819107055664,53100
7.650000095367432,7.659999847412109,7.630000114440918,7.639999866485596,2.9190187454223637,47800
7.639999866485596,7.659999847412109,7.550000190734863,7.599999904632568,2.903736352920532,84500
7.599999904632568,7.650000095367432,7.570000171661377,7.630000114440918,2.9151999950408936,44800
7.590000152587891,7.639999866485596,7.579999923706055,7.639999866485596,2.9190187454223637,24100
7.610000133514404,7.730000019073486,7.610000133514404,7.730000019073486,2.9534051418304443,31800
7.739999771118164,7.739999771118164,7.599999904632568,7.639999866485596,2.9190187454223637,55400
7.610000133514404,7.690000057220459,7.599999904632568,7.659999847412109,2.926661491394043,30700
7.670000076293945,7.679999828338623,7.559999942779541,7.639999866485596,2.9190187454223637,57700
7.570000171661377,7.679999828338623,7.570000171661377,7.670000076293945,2.9304819107055664,38800
7.679999828338623,7.710000038146973,7.619999885559082,7.690000057220459,2.938123941421509,49700
7.650000095367432,7.699999809265137,7.650000095367432,7.659999847412109,2.926661491394043,23400
7.659999847412109,7.710000038146973,7.659999847412109,7.710000038146973,2.9457638263702397,36900
7.710000038146973,7.739999771118164,7.690000057220459,7.71999979019165,2.949584007263184,26000
7.820000171661377,7.849999904632568,7.769999980926514,7.800000190734863,2.980151653289795,33400
7.809999942779541,7.860000133514404,7.809999942779541,7.840000152587891,2.9954349994659424,31900
7.849999904632568,7.849999904632568,7.809999942779541,7.829999923706055,2.991612911224365,31800
7.769999980926514,7.900000095367432,7.769999980926514,7.869999885559082,3.0246658325195312,68400
7.889999866485596,7.949999809265137,7.820000171661377,7.880000114440918,3.0285086631774902,65000
7.860000133514404,7.869999885559082,7.789999961853027,7.809999942779541,3.001605272293091,32100
7.739999771118164,7.760000228881836,7.670000076293945,7.670000076293945,2.9477996826171875,75900
7.659999847412109,7.71999979019165,7.650000095367432,7.710000038146973,2.963172674179077,53400
7.670000076293945,7.75,7.670000076293945,7.710000038146973,2.963172674179077,56300
7.739999771118164,7.739999771118164,7.650000095367432,7.710000038146973,2.963172674179077,73200
7.699999809265137,7.760000228881836,7.699999809265137,7.730000019073486,2.970858573913574,47800
7.690000057220459,7.739999771118164,7.690000057220459,7.730000019073486,2.970858573913574,35500
7.710000038146973,7.760000228881836,7.710000038146973,7.710000038146973,2.963172674179077,26100
7.730000019073486,7.739999771118164,7.670000076293945,7.690000057220459,2.955486297607422,57600
7.699999809265137,7.769999980926514,7.690000057220459,7.75,2.9785470962524414,22900
7.769999980926514,7.820000171661377,7.730000019073486,7.820000171661377,3.00544810295105,44200
7.849999904632568,7.900000095367432,7.829999923706055,7.880000114440918,3.0285086631774902,33200
7.889999866485596,7.940000057220459,7.829999923706055,7.920000076293945,3.043879985809326,48800
7.880000114440918,8.079999923706055,7.880000114440918,8.050000190734863,3.0938446521759038,41500
8.0600004196167,8.069999694824219,7.949999809265137,7.949999809265137,3.0554118156433105,37700
8.020000457763672,8.079999923706055,7.980000019073486,7.989999771118164,3.0707848072052,43800
8.010000228881836,8.010000228881836,7.929999828338623,7.949999809265137,3.0554118156433105,29700
7.929999828338623,7.980000019073486,7.920000076293945,7.96999979019165,3.063095092773437,34300
7.920000076293945,7.960000038146973,7.889999866485596,7.929999828338623,3.065417051315308,33200
7.980000019073486,8.010000228881836,7.949999809265137,8.0,3.092474937438965,34200
8.020000457763672,8.029999732971191,7.960000038146973,8.020000457763672,3.100208044052124,34000
8.020000457763672,8.0600004196167,8.0,8.010000228881836,3.0963425636291504,44000
7.989999771118164,8.039999961853027,7.980000019073486,8.020000457763672,3.100208044052124,23600
7.980000019073486,8.0,7.949999809265137,7.960000038146973,3.0770130157470703,23400
7.949999809265137,7.960000038146973,7.900000095367432,7.920000076293945,3.0615506172180176,42000
7.949999809265137,7.949999809265137,7.800000190734863,7.820000171661377,3.022895336151123,56600
7.809999942779541,7.900000095367432,7.760000228881836,7.789999961853027,3.0112996101379395,54600
7.889999866485596,7.889999866485596,7.789999961853027,7.840000152587891,3.0306262969970703,31100
7.980000019073486,7.980000019073486,7.869999885559082,7.880000114440918,3.0460894107818604,28000
7.900000095367432,7.940000057220459,7.880000114440918,7.940000057220459,3.069282054901123,30000
7.949999809265137,7.949999809265137,7.920000076293945,7.929999828338623,3.065417051315308,14700
7.889999866485596,7.960000038146973,7.880000114440918,7.920000076293945,3.0615506172180176,62300
7.880000114440918,7.949999809265137,7.880000114440918,7.940000057220459,3.069282054901123,51000
7.940000057220459,7.980000019073486,7.909999847412109,7.949999809265137,3.0731496810913086,25000
7.929999828338623,7.980000019073486,7.920000076293945,7.960000038146973,3.0770130157470703,26600
7.960000038146973,8.0,7.949999809265137,8.0,3.092474937438965,41000
8.0,8.0,7.889999866485596,7.889999866485596,3.0499558448791504,58000
7.889999866485596,7.889999866485596,7.820000171661377,7.849999904632568,3.0344905853271484,74000
7.769999980926514,7.820000171661377,7.769999980926514,7.78000020980835,3.025160074234009,29200
7.769999980926514,7.789999961853027,7.71999979019165,7.789999961853027,3.029049158096313,44900
7.730000019073486,7.739999771118164,7.650000095367432,7.650000095367432,2.9746110439300537,67000
7.659999847412109,7.679999828338623,7.639999866485596,7.670000076293945,2.9823882579803467,47900
7.639999866485596,7.690000057220459,7.630000114440918,7.630000114440918,2.966835021972656,47000
7.630000114440918,7.690000057220459,7.579999923706055,7.670000076293945,2.9823882579803467,52000
7.659999847412109,7.659999847412109,7.550000190734863,7.599999904632568,2.9551708698272705,78600
7.590000152587891,7.599999904632568,7.510000228881836,7.519999980926514,2.924062490463257,47500
7.539999961853027,7.550000190734863,7.320000171661377,7.320000171661377,2.8462941646575928,55400
7.360000133514404,7.5,7.309999942779541,7.320000171661377,2.8462941646575928,55000
7.260000228881836,7.360000133514404,7.260000228881836,7.349999904632568,2.8579587936401367,38000
7.369999885559082,7.400000095367432,7.320000171661377,7.349999904632568,2.8579587936401367,44100
7.369999885559082,7.369999885559082,7.320000171661377,7.329999923706055,2.850183725357056,49200
7.360000133514404,7.449999809265137,7.340000152587891,7.389999866485596,2.873513698577881,97900
7.449999809265137,7.53000020980835,7.400000095367432,7.480000019073486,2.9085097312927246,96900
7.480000019073486,7.699999809265137,7.480000019073486,7.699999809265137,2.9940524101257324,83200
7.650000095367432,7.710000038146973,7.610000133514404,7.710000038146973,2.997941493988037,34300
7.630000114440918,7.710000038146973,7.619999885559082,7.659999847412109,2.9784996509552,56500
7.710000038146973,7.710000038146973,7.630000114440918,7.659999847412109,2.9784996509552,19200
7.650000095367432,7.679999828338623,7.639999866485596,7.650000095367432,2.9746110439300537,15300
7.659999847412109,7.710000038146973,7.659999847412109,7.690000057220459,2.990164995193481,32300
7.679999828338623,7.760000228881836,7.659999847412109,7.75,3.013496160507202,65800
7.650000095367432,7.730000019073486,7.650000095367432,7.679999828338623,3.004106044769287,37900
7.699999809265137,7.760000228881836,7.699999809265137,7.760000228881836,3.035399436950684,52000
7.760000228881836,7.760000228881836,7.710000038146973,7.71999979019165,3.019754409790039,31000
7.710000038146973,7.739999771118164,7.679999828338623,7.71999979019165,3.019754409790039,40900
7.789999961853027,7.789999961853027,7.71999979019165,7.71999979019165,3.019754409790039,55300
7.769999980926514,7.78000020980835,7.690000057220459,7.739999771118164,3.027576208114624,46400
7.71999979019165,7.760000228881836,7.670000076293945,7.679999828338623,3.004106044769287,37100
7.699999809265137,7.730000019073486,7.659999847412109,7.699999809265137,3.011929988861084,42400
7.710000038146973,7.75,7.699999809265137,7.739999771118164,3.027576208114624,21900
7.71999979019165,7.789999961853027,7.710000038146973,7.789999961853027,3.0471343994140625,73700
7.800000190734863,7.809999942779541,7.739999771118164,7.769999980926514,3.0393142700195312,44800
7.78000020980835,7.800000190734863,7.739999771118164,7.800000190734863,3.051048040390014,23400
7.809999942779541,7.840000152587891,7.809999942779541,7.840000152587891,3.0666935443878174,45600
7.849999904632568,7.869999885559082,7.820000171661377,7.849999904632568,3.070603847503662,41000
7.860000133514404,7.869999885559082,7.809999942779541,7.849999904632568,3.070603847503662,46300
7.829999923706055,7.880000114440918,7.829999923706055,7.869999885559082,3.078427314758301,33400
7.880000114440918,7.900000095367432,7.860000133514404,7.889999866485596,3.086250305175781,35700
7.880000114440918,7.929999828338623,7.860000133514404,7.920000076293945,3.0979857444763184,25400
7.889999866485596,7.940000057220459,7.860000133514404,7.909999847412109,3.09407377243042,42400
7.929999828338623,7.929999828338623,7.860000133514404,7.900000095367432,3.090162515640259,30200
7.840000152587891,7.900000095367432,7.840000152587891,7.869999885559082,3.096458673477173,34700
7.889999866485596,7.909999847412109,7.849999904632568,7.900000095367432,3.108261585235596,26600
7.96999979019165,7.96999979019165,7.869999885559082,7.900000095367432,3.108261585235596,37100
7.989999771118164,8.0,7.900000095367432,7.920000076293945,3.116130828857422,35800
7.920000076293945,7.980000019073486,7.869999885559082,7.929999828338623,3.120063543319702,39400
7.880000114440918,7.949999809265137,7.880000114440918,7.940000057220459,3.1239988803863525,34600
8.039999961853027,8.039999961853027,7.949999809265137,7.989999771118164,3.143674850463867,53200
7.96999979019165,8.0,7.849999904632568,7.920000076293945,3.116130828857422,81700
7.900000095367432,7.960000038146973,7.900000095367432,7.960000038146973,3.131868362426758,19200
8.0,8.039999961853027,7.949999809265137,8.0,3.147606372833252,55900
8.029999732971191,8.039999961853027,7.96999979019165,7.980000019073486,3.1397361755371094,74200
7.96999979019165,8.029999732971191,7.960000038146973,7.96999979019165,3.135801076889038,41200
8.029999732971191,8.039999961853027,7.980000019073486,8.010000228881836,3.1515417098999023,36000
8.039999961853027,8.079999923706055,8.0,8.079999923706055,3.1790809631347656,31700
8.09000015258789,8.09000015258789,8.029999732971191,8.079999923706055,3.1790809631347656,32400
8.039999961853027,8.149999618530273,8.039999961853027,8.119999885559082,3.194819211959839,47300
8.100000381469727,8.210000038146973,8.100000381469727,8.170000076293945,3.2144923210144043,38200
8.229999542236328,8.229999542236328,8.180000305175781,8.199999809265137,3.22629714012146,26400
8.149999618530273,8.210000038146973,8.149999618530273,8.210000038146973,3.230229616165161,30300
8.25,8.25,8.170000076293945,8.170000076293945,3.2144923210144043,27200
8.199999809265137,8.199999809265137,8.149999618530273,8.1899995803833,3.222362279891968,41100
8.069999694824219,8.15999984741211,8.039999961853027,8.050000190734863,3.185168504714966,56400
8.100000381469727,8.119999885559082,8.029999732971191,8.039999961853027,3.181211471557617,38600
8.069999694824219,8.069999694824219,8.010000228881836,8.029999732971191,3.1772549152374268,22200
8.020000457763672,8.09000015258789,8.0,8.069999694824219,3.193082809448242,52100
8.069999694824219,8.100000381469727,8.010000228881836,8.100000381469727,3.204953908920288,32400
8.050000190734863,8.109999656677246,8.050000190734863,8.100000381469727,3.204953908920288,35300
8.100000381469727,8.149999618530273,8.0600004196167,8.149999618530273,3.224735736846924,22700
8.170000076293945,8.25,8.109999656677246,8.199999809265137,3.2445192337036133,51500
8.239999771118164,8.34000015258789,8.199999809265137,8.25,3.264302968978882,43800
8.319999694824219,8.399999618530273,8.239999771118164,8.319999694824219,3.2919998168945312,72800
8.369999885559082,8.369999885559082,8.260000228881836,8.270000457763672,3.272217035293579,43500
8.260000228881836,8.329999923706055,8.260000228881836,8.260000228881836,3.268261432647705,22800
8.260000228881836,8.329999923706055,8.25,8.289999961853027,3.28013014793396,27500
8.199999809265137,8.289999961853027,8.199999809265137,8.260000228881836,3.268261432647705,51600
8.220000267028809,8.260000228881836,8.210000038146973,8.220000267028809,3.252432107925415,12100
8.25,8.300000190734863,8.229999542236328,8.239999771118164,3.2603471279144287,29000
8.289999961853027,8.319999694824219,8.229999542236328,8.3100004196167,3.288044214248657,33900
8.270000457763672,8.329999923706055,8.260000228881836,8.279999732971191,3.276171922683716,29900
8.300000190734863,8.4399995803833,8.300000190734863,8.369999885559082,3.311784505844116,46000
8.289999961853027,8.430000305175781,8.289999961853027,8.34000015258789,3.299911499023437,33800
8.34000015258789,8.4399995803833,8.34000015258789,8.399999618530273,3.32365345954895,22800
8.380000114440918,8.4399995803833,8.3100004196167,8.380000114440918,3.315739870071411,24700
8.529999732971191,8.529999732971191,8.369999885559082,8.430000305175781,3.335524082183838,43100
8.40999984741211,8.449999809265137,8.399999618530273,8.4399995803833,3.339479446411133,30700
8.449999809265137,8.75,8.359999656677246,8.470000267028809,3.369717836380005,118200
8.420000076293945,8.449999809265137,8.319999694824219,8.359999656677246,3.3259520530700684,48500
8.329999923706055,8.369999885559082,8.199999809265137,8.210000038146973,3.266278028488159,70000
8.270000457763672,8.270000457763672,8.170000076293945,8.260000228881836,3.286172151565552,47900
8.199999809265137,8.279999732971191,8.1899995803833,8.220000267028809,3.270256280899048,50300
8.199999809265137,8.220000267028809,8.09000015258789,8.170000076293945,3.250364065170288,68700
8.1899995803833,8.239999771118164,8.140000343322754,8.220000267028809,3.270256280899048,57000
8.239999771118164,8.289999961853027,8.220000267028809,8.220000267028809,3.270256280899048,50200
8.25,8.5,8.220000267028809,8.300000190734863,3.302085876464844,71200
8.300000190734863,8.300000190734863,8.229999542236328,8.279999732971191,3.294126272201538,23100
8.239999771118164,8.300000190734863,8.229999542236328,8.270000457763672,3.2901501655578613,21500
8.289999961853027,8.289999961853027,8.210000038146973,8.210000038146973,3.266278028488159,37900
8.199999809265137,8.25,8.1899995803833,8.220000267028809,3.270256280899048,47800
8.229999542236328,8.270000457763672,8.210000038146973,8.25,3.282191038131714,32400
8.25,8.289999961853027,8.25,8.279999732971191,3.294126272201538,16300
8.289999961853027,8.300000190734863,8.25,8.289999961853027,3.298105001449585,28400
8.260000228881836,8.279999732971191,8.1899995803833,8.199999809265137,3.2622992992401123,28900
8.170000076293945,8.229999542236328,8.149999618530273,8.220000267028809,3.270256280899048,25800
8.180000305175781,8.260000228881836,8.130000114440918,8.220000267028809,3.288661479949951,31300
8.260000228881836,8.279999732971191,8.180000305175781,8.199999809265137,3.280660629272461,44400
8.210000038146973,8.229999542236328,8.149999618530273,8.180000305175781,3.272658109664917,31100
8.279999732971191,8.279999732971191,8.180000305175781,8.199999809265137,3.280660629272461,12300
8.210000038146973,8.210000038146973,8.15999984741211,8.15999984741211,3.264655113220215,11900
8.170000076293945,8.220000267028809,8.170000076293945,8.1899995803833,3.276660442352295,29400
8.220000267028809,8.220000267028809,8.15999984741211,8.1899995803833,3.276660442352295,23000
8.170000076293945,8.289999961853027,8.15999984741211,8.289999961853027,3.3166663646698,57500
8.239999771118164,8.289999961853027,8.239999771118164,8.289999961853027,3.3166663646698,21100
8.289999961853027,8.3100004196167,8.229999542236328,8.289999961853027,3.3166663646698,34700
8.260000228881836,8.300000190734863,8.239999771118164,8.300000190734863,3.3206658363342285,22300
8.279999732971191,8.369999885559082,8.279999732971191,8.329999923706055,3.332669734954834,43800
8.34000015258789,8.40999984741211,8.319999694824219,8.399999618530273,3.360673666000366,18900
8.449999809265137,8.449999809265137,8.34000015258789,8.350000381469727,3.340670585632324,35000
8.319999694824219,8.390000343322754,8.319999694824219,8.319999694824219,3.3286690711975098,36800
8.329999923706055,8.34000015258789,8.1899995803833,8.199999809265137,3.280660629272461,95500
8.25,8.25,8.1899995803833,8.1899995803833,3.276660442352295,60700
8.220000267028809,8.300000190734863,8.199999809265137,8.300000190734863,3.3206658363342285,57800
8.300000190734863,8.399999618530273,8.260000228881836,8.350000381469727,3.340670585632324,33000
8.359999656677246,8.399999618530273,8.319999694824219,8.359999656677246,3.344671726226806,24200
8.380000114440918,8.420000076293945,8.359999656677246,8.369999885559082,3.3486735820770264,42500
8.399999618530273,8.399999618530273,8.329999923706055,8.350000381469727,3.340670585632324,38400
8.3100004196167,8.380000114440918,8.279999732971191,8.380000114440918,3.3526723384857178,37500
8.470000267028809,8.470000267028809,8.279999732971191,8.359999656677246,3.344671726226806,32400
8.350000381469727,8.430000305175781,8.350000381469727,8.430000305175781,3.3726773262023926,44500
8.460000038146973,8.470000267028809,8.350000381469727,8.399999618530273,3.360673666000366,30800
8.399999618530273,8.40999984741211,8.350000381469727,8.399999618530273,3.360673666000366,40300
8.470000267028809,8.470000267028809,8.319999694824219,8.369999885559082,3.3486735820770264,43800
8.40999984741211,8.449999809265137,8.380000114440918,8.40999984741211,3.364675998687744,58400
8.4399995803833,8.470000267028809,8.40999984741211,8.420000076293945,3.36867356300354,36400
8.449999809265137,8.479999542236328,8.420000076293945,8.430000305175781,3.3726773262023926,31300
8.470000267028809,8.479999542236328,8.34000015258789,8.34000015258789,3.336669921875,28600
8.399999618530273,8.399999618530273,8.220000267028809,8.279999732971191,3.312666416168213,39800
8.199999809265137,8.329999923706055,8.1899995803833,8.1899995803833,3.276660442352295,23700
8.149999618530273,8.210000038146973,8.149999618530273,8.199999809265137,3.280660629272461,43200
8.180000305175781,8.300000190734863,8.180000305175781,8.260000228881836,3.30466365814209,33600
8.300000190734863,8.3100004196167,8.229999542236328,8.229999542236328,3.292661666870117,28400
8.239999771118164,8.260000228881836,8.210000038146973,8.220000267028809,3.288661479949951,23900
8.300000190734863,8.34000015258789,8.210000038146973,8.25,3.30066180229187,27700
8.289999961853027,8.380000114440918,8.25,8.380000114440918,3.3526723384857178,30200
8.329999923706055,8.390000343322754,8.329999923706055,8.380000114440918,3.3526723384857178,29700
8.350000381469727,8.390000343322754,8.3100004196167,8.359999656677246,3.344671726226806,27800
8.380000114440918,8.380000114440918,8.300000190734863,8.350000381469727,3.340670585632324,41100
8.3100004196167,8.380000114440918,8.3100004196167,8.329999923706055,3.332669734954834,25400
8.270000457763672,8.34000015258789,8.199999809265137,8.260000228881836,3.323014974594116,37700
8.199999809265137,8.270000457763672,8.149999618530273,8.15999984741211,3.2827844619750977,23300
8.199999809265137,8.229999542236328,8.039999961853027,8.050000190734863,3.23853063583374,35600
8.050000190734863,8.180000305175781,8.020000457763672,8.029999732971191,3.2304859161376958,27600
8.0,8.029999732971191,7.909999847412109,8.020000457763672,3.2264609336853027,55600
7.960000038146973,8.0,7.929999828338623,7.960000038146973,3.202323198318481,27500
7.940000057220459,8.270000457763672,7.940000057220459,8.270000457763672,3.3270368576049805,70900
8.170000076293945,8.229999542236328,8.0600004196167,8.199999809265137,3.298877000808716,42100
8.119999885559082,8.239999771118164,8.119999885559082,8.239999771118164,3.314967155456543,38400
8.199999809265137,8.300000190734863,8.180000305175781,8.25,3.318988561630249,25000
8.210000038146973,8.359999656677246,8.210000038146973,8.25,3.318988561630249,26000
8.25,8.279999732971191,8.180000305175781,8.180000305175781,3.290830373764038,31300
8.130000114440918,8.25,8.130000114440918,8.25,3.318988561630249,25500
8.210000038146973,8.260000228881836,8.199999809265137,8.260000228881836,3.323014974594116,16900
8.359999656677246,8.359999656677246,8.25,8.270000457763672,3.3270368576049805,42000
8.260000228881836,8.3100004196167,8.260000228881836,8.289999961853027,3.3350841999053955,17300
8.289999961853027,8.34000015258789,8.25,8.25,3.318988561630249,33100
8.25,8.359999656677246,8.25,8.260000228881836,3.323014974594116,40000
8.289999961853027,8.329999923706055,8.25,8.260000228881836,3.323014974594116,17000
8.25,8.319999694824219,8.25,8.25,3.318988561630249,25600
8.260000228881836,8.329999923706055,8.25,8.289999961853027,3.3350841999053955,60800
8.3100004196167,8.3100004196167,8.010000228881836,8.010000228881836,3.239633798599243,57700
7.949999809265137,8.020000457763672,7.889999866485596,7.889999866485596,3.1911001205444336,135600
7.909999847412109,7.96999979019165,7.820000171661377,7.829999923706055,3.166831970214844,145500
7.800000190734863,7.820000171661377,7.539999961853027,7.539999961853027,3.0495402812957764,166000
7.579999923706055,7.650000095367432,7.559999942779541,7.650000095367432,3.0940308570861816,46700
7.78000020980835,7.78000020980835,7.599999904632568,7.610000133514404,3.077854871749878,65200
7.650000095367432,7.75,7.579999923706055,7.75,3.1344754695892334,47000
7.710000038146973,7.78000020980835,7.699999809265137,7.78000020980835,3.1466121673583984,13900
7.730000019073486,7.809999942779541,7.710000038146973,7.78000020980835,3.1466121673583984,29400
7.71999979019165,7.809999942779541,7.71999979019165,7.800000190734863,3.1547000408172607,40100
7.75,7.789999961853027,7.630000114440918,7.71999979019165,3.1223418712615967,80000
7.789999961853027,7.789999961853027,7.75,7.78000020980835,3.1466121673583984,6000
7.809999942779541,7.820000171661377,7.75,7.820000171661377,3.162789821624756,65700
7.78000020980835,7.829999923706055,7.769999980926514,7.829999923706055,3.166831970214844,49300
7.829999923706055,7.849999904632568,7.78000020980835,7.849999904632568,3.1749212741851807,50100
7.849999904632568,7.880000114440918,7.820000171661377,7.880000114440918,3.1870546340942383,54200
7.880000114440918,7.900000095367432,7.829999923706055,7.900000095367432,3.1951446533203125,42700
7.920000076293945,7.920000076293945,7.860000133514404,7.920000076293945,3.203232526779175,46900
7.900000095367432,8.039999961853027,7.900000095367432,8.039999961853027,3.251765489578247,33800
7.989999771118164,8.050000190734863,7.980000019073486,8.010000228881836,3.239633798599243,36900
7.900000095367432,8.029999732971191,7.849999904632568,8.029999732971191,3.265251874923706,39200
8.050000190734863,8.050000190734863,7.940000057220459,8.0,3.253052234649658,29300
7.960000038146973,8.029999732971191,7.909999847412109,7.929999828338623,3.2245874404907227,45100
7.909999847412109,7.949999809265137,7.849999904632568,7.849999904632568,3.1920571327209477,29100
7.849999904632568,7.900000095367432,7.800000190734863,7.840000152587891,3.187993049621582,37200
7.820000171661377,7.889999866485596,7.800000190734863,7.860000133514404,3.1961236000061035,41100
7.829999923706055,7.900000095367432,7.800000190734863,7.800000190734863,3.171726942062378,30600
7.849999904632568,7.860000133514404,7.78000020980835,7.78000020980835,3.163594484329224,38200
7.800000190734863,7.829999923706055,7.730000019073486,7.730000019073486,3.1432600021362305,52900
7.71999979019165,7.78000020980835,7.550000190734863,7.619999885559082,3.098531723022461,147000
7.570000171661377,7.599999904632568,7.539999961853027,7.559999942779541,3.0741329193115234,86200
7.590000152587891,7.599999904632568,7.510000228881836,7.590000152587891,3.086333513259888,38500
7.610000133514404,7.619999885559082,7.559999942779541,7.579999923706055,3.082266092300415,74000
7.619999885559082,7.659999847412109,7.590000152587891,7.659999847412109,3.114797830581665,67400
7.610000133514404,7.679999828338623,7.610000133514404,7.659999847412109,3.114797830581665,53700
7.710000038146973,7.820000171661377,7.670000076293945,7.820000171661377,3.179860115051269,95300
7.739999771118164,7.940000057220459,7.739999771118164,7.920000076293945,3.220521211624145,61200
7.940000057220459,8.0,7.940000057220459,7.989999771118164,3.248985528945923,45900
7.929999828338623,8.050000190734863,7.929999828338623,8.050000190734863,3.273382663726806,43100
8.029999732971191,8.149999618530273,8.020000457763672,8.149999618530273,3.314047813415528,44400
8.1899995803833,8.239999771118164,8.109999656677246,8.199999809265137,3.3343794345855717,53100
8.229999542236328,8.25,8.149999618530273,8.239999771118164,3.35064435005188,18800
8.020000457763672,8.140000343322754,8.020000457763672,8.0600004196167,3.294642448425293,61300
8.0,8.199999809265137,8.0,8.1899995803833,3.3477818965911865,27800
8.149999618530273,8.210000038146973,8.140000343322754,8.210000038146973,3.3559584617614746,27800
8.140000343322754,8.199999809265137,8.130000114440918,8.170000076293945,3.3396072387695312,57800
8.170000076293945,8.199999809265137,8.140000343322754,8.170000076293945,3.3396072387695312,76000
8.1899995803833,8.289999961853027,8.1899995803833,8.279999732971191,3.384571313858032,62300
8.229999542236328,8.329999923706055,8.229999542236328,8.289999961853027,3.388660430908203,39700
8.180000305175781,8.300000190734863,8.180000305175781,8.300000190734863,3.392747640609741,68600
8.34000015258789,8.369999885559082,8.300000190734863,8.369999885559082,3.421359777450561,12200
8.329999923706055,8.380000114440918,8.199999809265137,8.260000228881836,3.376394510269165,73900
8.289999961853027,8.289999961853027,8.229999542236328,8.239999771118164,3.368220567703247,31000
8.25,8.380000114440918,8.25,8.300000190734863,3.392747640609741,35000
8.279999732971191,8.3100004196167,8.220000267028809,8.270000457763672,3.3804819583892822,36300
8.170000076293945,8.34000015258789,8.170000076293945,8.329999923706055,3.4050073623657227,49400
8.279999732971191,8.329999923706055,8.270000457763672,8.270000457763672,3.3804819583892822,23000
8.170000076293945,8.270000457763672,8.140000343322754,8.270000457763672,3.3804819583892822,46200
8.210000038146973,8.25,8.199999809265137,8.220000267028809,3.360046625137329,45500
8.270000457763672,8.300000190734863,8.229999542236328,8.289999961853027,3.388660430908203,38400
8.329999923706055,8.350000381469727,8.199999809265137,8.239999771118164,3.368220567703247,61400
8.220000267028809,8.3100004196167,8.220000267028809,8.270000457763672,3.3804819583892822,42300
8.180000305175781,8.229999542236328,8.09000015258789,8.109999656677246,3.332407236099243,56400
8.0600004196167,8.130000114440918,8.0600004196167,8.079999923706055,3.320081949234009,76300
8.119999885559082,8.130000114440918,8.069999694824219,8.069999694824219,3.315969944000244,34900
8.069999694824219,8.109999656677246,7.96999979019165,8.039999961853027,3.303642988204956,61600
8.0600004196167,8.149999618530273,8.050000190734863,8.149999618530273,3.348844289779663,52200
8.149999618530273,8.25,8.130000114440918,8.1899995803833,3.3652801513671875,46200
8.1899995803833,8.239999771118164,8.15999984741211,8.239999771118164,3.385825157165528,20900
8.25,8.260000228881836,8.1899995803833,8.25,3.389933586120605,32900
8.210000038146973,8.260000228881836,8.199999809265137,8.229999542236328,3.3817169666290283,15000
8.260000228881836,8.319999694824219,8.210000038146973,8.279999732971191,3.4022603034973145,67600
8.279999732971191,8.319999694824219,8.260000228881836,8.319999694824219,3.418696880340576,42600
8.319999694824219,8.319999694824219,8.270000457763672,8.279999732971191,3.4022603034973145,15700
8.300000190734863,8.359999656677246,8.270000457763672,8.319999694824219,3.418696880340576,37100
8.329999923706055,8.350000381469727,8.300000190734863,8.300000190734863,3.4104785919189453,32900
8.300000190734863,8.350000381469727,8.289999961853027,8.329999923706055,3.4228057861328125,28000
8.25,8.319999694824219,8.25,8.270000457763672,3.39815354347229,51000
8.279999732971191,8.279999732971191,8.210000038146973,8.220000267028809,3.377608060836792,34700
8.1899995803833,8.289999961853027,8.119999885559082,8.289999961853027,3.406371831893921,42200
8.289999961853027,8.390000343322754,8.270000457763672,8.390000343322754,3.447460174560547,68900
8.329999923706055,8.4399995803833,8.289999961853027,8.390000343322754,3.464804410934448,72300
8.199999809265137,8.3100004196167,8.050000190734863,8.069999694824219,3.332655191421509,305600
7.78000020980835,7.920000076293945,7.78000020980835,7.840000152587891,3.2376747131347656,222500
7.75,7.96999979019165,7.75,7.869999885559082,3.250061273574829,137600
7.869999885559082,7.900000095367432,7.789999961853027,7.889999866485596,3.258318901062012,127700
7.900000095367432,7.940000057220459,7.880000114440918,7.889999866485596,3.258318901062012,82500
7.869999885559082,7.960000038146973,7.869999885559082,7.900000095367432,3.262451171875,71500
7.900000095367432,8.0,7.900000095367432,7.989999771118164,3.29961895942688,56300
8.0,8.0600004196167,7.960000038146973,8.0600004196167,3.328524589538574,121500
8.0600004196167,8.100000381469727,8.010000228881836,8.0600004196167,3.328524589538574,86700
8.079999923706055,8.130000114440918,8.050000190734863,8.130000114440918,3.3574328422546387,65800
8.119999885559082,8.149999618530273,8.100000381469727,8.100000381469727,3.345043897628784,42100
8.1899995803833,8.199999809265137,8.09000015258789,8.100000381469727,3.345043897628784,47400
8.140000343322754,8.1899995803833,8.079999923706055,8.100000381469727,3.345043897628784,83100
8.140000343322754,8.149999618530273,8.079999923706055,8.130000114440918,3.3574328422546387,104800
8.100000381469727,8.119999885559082,8.029999732971191,8.039999961853027,3.320266008377075,37800
8.029999732971191,8.079999923706055,8.029999732971191,8.069999694824219,3.332655191421509,49400
8.0,8.079999923706055,8.0,8.029999732971191,3.316136598587036,34000
8.039999961853027,8.079999923706055,8.039999961853027,8.050000190734863,3.3243963718414307,26900
8.039999961853027,8.100000381469727,8.039999961853027,8.079999923706055,3.336785316467285,40700
8.039999961853027,8.109999656677246,8.029999732971191,8.109999656677246,3.349172115325928,32700
8.010000228881836,8.119999885559082,8.010000228881836,8.010000228881836,3.3078770637512207,45300
8.010000228881836,8.0600004196167,8.0,8.029999732971191,3.316136598587036,48700
7.980000019073486,8.039999961853027,7.96999979019165,8.0,3.321117162704468,51100
8.010000228881836,8.050000190734863,8.0,8.039999961853027,3.3377232551574707,24300
8.010000228881836,8.050000190734863,7.989999771118164,8.010000228881836,3.325270891189575,50700
8.0,8.079999923706055,8.0,8.010000228881836,3.325270891189575,51000
8.010000228881836,8.09000015258789,8.010000228881836,8.069999694824219,3.35017728805542,38100
8.050000190734863,8.130000114440918,8.050000190734863,8.09000015258789,3.358481407165528,29100
8.069999694824219,8.170000076293945,8.069999694824219,8.100000381469727,3.36263108253479,56600
8.100000381469727,8.149999618530273,8.100000381469727,8.109999656677246,3.366782665252685,33400
8.15999984741211,8.260000228881836,8.119999885559082,8.260000228881836,3.4290542602539062,64700
8.279999732971191,8.279999732971191,8.199999809265137,8.210000038146973,3.40829873085022,22500
8.239999771118164,8.25,8.180000305175781,8.239999771118164,3.420752048492432,48500
8.199999809265137,8.25,8.1899995803833,8.25,3.424902439117432,29600
8.260000228881836,8.260000228881836,8.199999809265137,8.229999542236328,3.416600227355957,36400
8.239999771118164,8.289999961853027,8.199999809265137,8.25,3.424902439117432,25300
8.25,8.260000228881836,8.210000038146973,8.210000038146973,3.40829873085022,23900
8.210000038146973,8.25,8.1899995803833,8.199999809265137,3.404146671295166,25000
8.210000038146973,8.25,8.199999809265137,8.210000038146973,3.40829873085022,39300
8.229999542236328,8.239999771118164,8.1899995803833,8.1899995803833,3.3999948501586914,17100
8.199999809265137,8.220000267028809,8.149999618530273,8.15999984741211,3.387540340423584,35200
8.15999984741211,8.15999984741211,8.09000015258789,8.100000381469727,3.379612445831299,15100
8.199999809265137,8.210000038146973,8.130000114440918,8.15999984741211,3.404646635055542,37800
8.180000305175781,8.180000305175781,8.100000381469727,8.100000381469727,3.379612445831299,19800
8.100000381469727,8.149999618530273,8.050000190734863,8.100000381469727,3.379612445831299,21400
8.100000381469727,8.15999984741211,8.09000015258789,8.100000381469727,3.379612445831299,35800
8.100000381469727,8.1899995803833,8.100000381469727,8.140000343322754,3.396302938461304,43300
8.109999656677246,8.15999984741211,7.949999809265137,7.989999771118164,3.3337182998657227,61200
8.029999732971191,8.029999732971191,7.800000190734863,7.929999828338623,3.308683395385742,105300
7.929999828338623,7.929999828338623,7.860000133514404,7.929999828338623,3.308683395385742,44700
7.929999828338623,8.140000343322754,7.889999866485596,7.949999809265137,3.317026138305664,90100
7.909999847412109,7.960000038146973,7.889999866485596,7.929999828338623,3.308683395385742,32600
7.920000076293945,7.960000038146973,7.840000152587891,7.900000095367432,3.2961647510528564,40700
7.889999866485596,7.940000057220459,7.829999923706055,7.849999904632568,3.275303602218628,47000
7.909999847412109,7.920000076293945,7.860000133514404,7.900000095367432,3.2961647510528564,10900
7.900000095367432,7.909999847412109,7.840000152587891,7.840000152587891,3.2711334228515625,27700
7.840000152587891,7.920000076293945,7.840000152587891,7.889999866485596,3.2919933795928955,60200
7.880000114440918,7.980000019073486,7.869999885559082,7.980000019073486,3.329544305801392,43200
7.980000019073486,8.0,7.929999828338623,7.980000019073486,3.329544305801392,27200
7.940000057220459,8.0,7.929999828338623,7.949999809265137,3.317026138305664,48000
7.929999828338623,7.980000019073486,7.920000076293945,7.940000057220459,3.312856674194336,26200
8.010000228881836,8.020000457763672,7.920000076293945,7.920000076293945,3.3045108318328857,37000
7.900000095367432,7.929999828338623,7.800000190734863,7.849999904632568,3.2915117740631104,31300
7.809999942779541,7.880000114440918,7.739999771118164,7.849999904632568,3.2915117740631104,37800
7.800000190734863,7.880000114440918,7.760000228881836,7.789999961853027,3.2663540840148926,35700
7.789999961853027,7.820000171661377,7.699999809265137,7.699999809265137,3.22861647605896,26100
7.71999979019165,7.769999980926514,7.659999847412109,7.71999979019165,3.237001180648804,45700
7.710000038146973,7.789999961853027,7.699999809265137,7.789999961853027,3.2663540840148926,52400
7.789999961853027,7.809999942779541,7.75,7.809999942779541,3.27474045753479,29000
7.71999979019165,7.880000114440918,7.71999979019165,7.880000114440918,3.3040919303894043,62500
7.880000114440918,7.920000076293945,7.849999904632568,7.900000095367432,3.31247615814209,38600
7.869999885559082,7.889999866485596,7.800000190734863,7.820000171661377,3.278933048248291,51800
7.800000190734863,7.820000171661377,7.75,7.789999961853027,3.2663540840148926,42900
7.769999980926514,7.840000152587891,7.760000228881836,7.829999923706055,3.2831263542175293,21500
7.789999961853027,7.849999904632568,7.769999980926514,7.849999904632568,3.2915117740631104,22300
7.789999961853027,7.949999809265137,7.789999961853027,7.860000133514404,3.295706987380981,36000
7.829999923706055,7.869999885559082,7.78000020980835,7.840000152587891,3.287320137023926,27900
7.78000020980835,7.840000152587891,7.760000228881836,7.829999923706055,3.2831263542175293,29500
7.760000228881836,7.849999904632568,7.760000228881836,7.809999942779541,3.27474045753479,35000
7.829999923706055,7.869999885559082,7.820000171661377,7.869999885559082,3.299898624420166,16800
7.880000114440918,7.989999771118164,7.860000133514404,7.940000057220459,3.329249858856201,47000
7.889999866485596,7.96999979019165,7.889999866485596,7.920000076293945,3.320864200592041,28700
7.900000095367432,7.940000057220459,7.880000114440918,7.929999828338623,3.3250551223754883,26100
7.880000114440918,7.949999809265137,7.849999904632568,7.900000095367432,3.31247615814209,25700
7.880000114440918,7.889999866485596,7.809999942779541,7.889999866485596,3.324696779251098,32400
7.849999904632568,7.880000114440918,7.809999942779541,7.820000171661377,3.2952005863189697,38600
7.820000171661377,7.880000114440918,7.789999961853027,7.840000152587891,3.303628921508789,42900
7.800000190734863,7.820000171661377,7.739999771118164,7.739999771118164,3.2614893913269043,27900
7.71999979019165,7.789999961853027,7.699999809265137,7.789999961853027,3.282558917999268,70600
7.730000019073486,7.789999961853027,7.71999979019165,7.730000019073486,3.257276058197021,30900
7.769999980926514,7.840000152587891,7.730000019073486,7.809999942779541,3.290987253189087,34100
7.769999980926514,7.949999809265137,7.769999980926514,7.920000076293945,3.3373398780822754,78100
7.880000114440918,7.949999809265137,7.869999885559082,7.900000095367432,3.3289098739624023,22900
7.900000095367432,7.949999809265137,7.880000114440918,7.900000095367432,3.3289098739624023,30100
7.869999885559082,7.949999809265137,7.860000133514404,7.920000076293945,3.3373398780822754,33700
7.900000095367432,8.199999809265137,7.860000133514404,8.010000228881836,3.3752620220184326,81500
7.980000019073486,8.029999732971191,7.949999809265137,8.0,3.3710477352142334,26500
8.0,8.09000015258789,7.989999771118164,8.050000190734863,3.39211654663086,29300
8.010000228881836,8.100000381469727,8.010000228881836,8.050000190734863,3.39211654663086,42900
8.039999961853027,8.050000190734863,7.980000019073486,7.980000019073486,3.3626198768615723,33200
8.029999732971191,8.050000190734863,7.96999979019165,8.0,3.3710477352142334,19100
7.949999809265137,8.020000457763672,7.949999809265137,7.989999771118164,3.3668339252471924,16900
8.0600004196167,8.069999694824219,7.980000019073486,8.039999961853027,3.387903928756714,21300
8.050000190734863,8.0600004196167,7.989999771118164,8.050000190734863,3.39211654663086,25700
8.0,8.079999923706055,8.0,8.069999694824219,3.400545120239258,30000
8.0600004196167,8.079999923706055,8.010000228881836,8.029999732971191,3.4001219272613525,36600
8.010000228881836,8.09000015258789,8.010000228881836,8.039999961853027,3.404355764389038,28000
8.029999732971191,8.079999923706055,7.989999771118164,8.0600004196167,3.412825107574463,15200
8.010000228881836,8.109999656677246,8.010000228881836,8.010000228881836,3.391652822494507,25100
8.069999694824219,8.130000114440918,8.010000228881836,8.010000228881836,3.391652822494507,43400
8.0,8.09000015258789,8.0,8.069999694824219,3.4170587062835693,33800
8.069999694824219,8.09000015258789,8.029999732971191,8.050000190734863,3.4085898399353027,9900
8.029999732971191,8.130000114440918,8.010000228881836,8.100000381469727,3.4297633171081543,30600
8.170000076293945,8.170000076293945,8.100000381469727,8.109999656677246,3.433995723724365,30100
8.149999618530273,8.1899995803833,8.100000381469727,8.140000343322754,3.4467008113861084,58100
8.100000381469727,8.1899995803833,8.069999694824219,8.069999694824219,3.4170587062835693,50700
8.100000381469727,8.170000076293945,8.100000381469727,8.15999984741211,3.4551687240600586,16600
8.100000381469727,8.199999809265137,8.100000381469727,8.180000305175781,3.4636390209198,50400
8.180000305175781,8.260000228881836,8.149999618530273,8.239999771118164,3.4890425205230717,62400
8.239999771118164,8.239999771118164,8.199999809265137,8.229999542236328,3.484808921813965,16700
8.239999771118164,8.319999694824219,8.199999809265137,8.319999694824219,3.5229151248931885,30300
8.350000381469727,8.350000381469727,8.270000457763672,8.270000457763672,3.501744270324707,29600
8.220000267028809,8.329999923706055,8.220000267028809,8.329999923706055,3.527151346206665,39800
8.329999923706055,8.34000015258789,8.239999771118164,8.270000457763672,3.501744270324707,31600
8.270000457763672,8.300000190734863,8.170000076293945,8.170000076293945,3.459401130676269,36700
8.119999885559082,8.260000228881836,8.09000015258789,8.210000038146973,3.476338148117065,26000
8.15999984741211,8.270000457763672,8.079999923706055,8.210000038146973,3.476338148117065,59200
8.170000076293945,8.25,8.170000076293945,8.239999771118164,3.4890425205230717,12300
8.239999771118164,8.279999732971191,8.15999984741211,8.25,3.5098876953125,17800
8.279999732971191,8.279999732971191,8.170000076293945,8.1899995803833,3.4843637943267822,34800
8.1899995803833,8.220000267028809,8.149999618530273,8.15999984741211,3.4715993404388428,28000
8.170000076293945,8.239999771118164,8.15999984741211,8.199999809265137,3.4886157512664795,17400
8.199999809265137,8.34000015258789,8.15999984741211,8.34000015258789,3.5481767654418945,41600
8.34000015258789,8.34000015258789,8.229999542236328,8.229999542236328,3.5013787746429443,26400
8.229999542236328,8.300000190734863,8.229999542236328,8.279999732971191,3.522650718688965,21100
8.220000267028809,8.270000457763672,8.220000267028809,8.25,3.5098876953125,24100
8.260000228881836,8.279999732971191,8.199999809265137,8.25,3.5098876953125,39000
8.260000228881836,8.270000457763672,8.229999542236328,8.25,3.5098876953125,33100
8.260000228881836,8.289999961853027,8.210000038146973,8.25,3.5098876953125,27100
8.220000267028809,8.279999732971191,8.220000267028809,8.270000457763672,3.5183968544006348,37000
8.260000228881836,8.289999961853027,8.210000038146973,8.239999771118164,3.5056345462799072,34600
8.260000228881836,8.260000228881836,8.210000038146973,8.210000038146973,3.492871046066284,31800
8.199999809265137,8.25,8.199999809265137,8.239999771118164,3.5056345462799072,27900
8.279999732971191,8.279999732971191,8.199999809265137,8.239999771118164,3.5056345462799072,45100
8.229999542236328,8.270000457763672,8.210000038146973,8.260000228881836,3.514143466949463,21700
8.229999542236328,8.270000457763672,8.220000267028809,8.270000457763672,3.5183968544006348,20400
8.239999771118164,8.25,8.1899995803833,8.1899995803833,3.4843637943267822,24300
8.239999771118164,8.239999771118164,8.170000076293945,8.180000305175781,3.48010778427124,30000
8.149999618530273,8.270000457763672,8.149999618530273,8.199999809265137,3.505329132080078,134200
8.170000076293945,8.239999771118164,8.15999984741211,8.180000305175781,3.496780633926392,42500
8.119999885559082,8.180000305175781,8.100000381469727,8.149999618530273,3.4839541912078857,70100
8.09000015258789,8.119999885559082,8.069999694824219,8.079999923706055,3.454030752182007,46100
8.079999923706055,8.109999656677246,8.0,8.0600004196167,3.445482015609741,48700
8.079999923706055,8.119999885559082,8.020000457763672,8.020000457763672,3.4283833503723145,34200
8.069999694824219,8.09000015258789,8.010000228881836,8.020000457763672,3.4283833503723145,40100
8.0,8.069999694824219,8.0,8.050000190734863,3.441206693649292,29200
8.069999694824219,8.09000015258789,8.020000457763672,8.029999732971191,3.432659387588501,25100
7.980000019073486,8.050000190734863,7.980000019073486,8.039999961853027,3.436931610107422,46200
8.050000190734863,8.079999923706055,8.020000457763672,8.039999961853027,3.436931610107422,33100
8.029999732971191,8.130000114440918,8.010000228881836,8.130000114440918,3.47540545463562,46700
8.119999885559082,8.180000305175781,8.119999885559082,8.15999984741211,3.4882287979125977,36600
8.180000305175781,8.210000038146973,8.170000076293945,8.199999809265137,3.505329132080078,26800
8.210000038146973,8.229999542236328,8.199999809265137,8.199999809265137,3.505329132080078,13600
8.239999771118164,8.25,8.1899995803833,8.199999809265137,3.505329132080078,25000
8.1899995803833,8.229999542236328,8.1899995803833,8.220000267028809,3.513878345489502,26500
8.239999771118164,8.25,8.210000038146973,8.220000267028809,3.513878345489502,18300
8.220000267028809,8.220000267028809,8.199999809265137,8.220000267028809,3.513878345489502,11700
8.199999809265137,8.270000457763672,8.1899995803833,8.270000457763672,3.535253524780273,54300
8.289999961853027,8.289999961853027,8.239999771118164,8.270000457763672,3.535253524780273,21100
8.270000457763672,8.319999694824219,8.270000457763672,8.3100004196167,3.552353382110596,42800
8.270000457763672,8.270000457763672,8.210000038146973,8.270000457763672,3.5519232749938965,24700
8.279999732971191,8.300000190734863,8.260000228881836,8.270000457763672,3.5519232749938965,35200
8.229999542236328,8.319999694824219,8.220000267028809,8.319999694824219,3.5733959674835205,77200
8.270000457763672,8.350000381469727,8.270000457763672,8.350000381469727,3.586281538009644,26400
8.319999694824219,8.40999984741211,8.319999694824219,8.399999618530273,3.60775637626648,52000
8.359999656677246,8.40999984741211,8.350000381469727,8.369999885559082,3.594870090484619,28300
8.390000343322754,8.399999618530273,8.350000381469727,8.359999656677246,3.590576171875,26700
8.399999618530273,8.420000076293945,8.359999656677246,8.420000076293945,3.616347074508667,26800
8.420000076293945,8.420000076293945,8.34000015258789,8.359999656677246,3.590576171875,34100
8.399999618530273,8.449999809265137,8.350000381469727,8.430000305175781,3.620640993118286,40900
8.40999984741211,8.4399995803833,8.40999984741211,8.4399995803833,3.624935388565064,7600
8.449999809265137,8.470000267028809,8.399999618530273,8.420000076293945,3.616347074508667,50500
8.40999984741211,8.5,8.40999984741211,8.5,3.650704145431519,41100
8.5,8.520000457763672,8.399999618530273,8.489999771118164,3.646409034729004,67200
8.5,8.609999656677246,8.449999809265137,8.600000381469727,3.6936542987823486,49800
8.5,8.569999694824219,8.489999771118164,8.539999961853027,3.66788387298584,56300
8.5,8.59000015258789,8.5,8.510000228881836,3.654999732971192,41600
8.529999732971191,8.5600004196167,8.470000267028809,8.539999961853027,3.66788387298584,33700
8.489999771118164,8.630000114440918,8.479999542236328,8.569999694824219,3.6807708740234375,73200
8.529999732971191,8.649999618530273,8.529999732971191,8.619999885559082,3.7022464275360103,56800
8.569999694824219,8.640000343322754,8.569999694824219,8.569999694824219,3.6807708740234375,28400
8.640000343322754,8.699999809265137,8.579999923706055,8.640000343322754,3.710833549499512,45300
8.579999923706055,8.670000076293945,8.579999923706055,8.65999984741211,3.7194247245788574,27700
8.600000381469727,8.640000343322754,8.470000267028809,8.470000267028809,3.654277801513672,78200
8.470000267028809,8.520000457763672,8.319999694824219,8.350000381469727,3.6025044918060303,114500
8.4399995803833,8.4399995803833,8.390000343322754,8.390000343322754,3.6197619438171382,40900
8.460000038146973,8.470000267028809,8.399999618530273,8.420000076293945,3.6327075958251953,46200
8.399999618530273,8.430000305175781,8.34000015258789,8.359999656677246,3.606819868087769,47800
8.359999656677246,8.390000343322754,8.359999656677246,8.369999885559082,3.6111323833465576,28900
8.350000381469727,8.380000114440918,8.34000015258789,8.350000381469727,3.6025044918060303,56800
8.350000381469727,8.380000114440918,8.319999694824219,8.34000015258789,3.5981900691986084,46300
8.350000381469727,8.369999885559082,8.319999694824219,8.319999694824219,3.5895607471466064,22900
8.300000190734863,8.359999656677246,8.300000190734863,8.359999656677246,3.606819868087769,23800
8.329999923706055,8.359999656677246,8.300000190734863,8.350000381469727,3.6025044918060303,45700
8.3100004196167,8.359999656677246,8.279999732971191,8.319999694824219,3.5895607471466064,59300
8.300000190734863,8.369999885559082,8.229999542236328,8.300000190734863,3.5809326171875,78600
8.319999694824219,8.329999923706055,8.270000457763672,8.300000190734863,3.5809326171875,44500
8.3100004196167,8.329999923706055,8.279999732971191,8.300000190734863,3.5809326171875,29700
8.34000015258789,8.34000015258789,8.289999961853027,8.3100004196167,3.585248708724976,54200
8.289999961853027,8.3100004196167,8.279999732971191,8.3100004196167,3.585248708724976,55600
8.289999961853027,8.289999961853027,8.239999771118164,8.270000457763672,3.584814548492432,36100
8.220000267028809,8.300000190734863,8.1899995803833,8.300000190734863,3.597819805145264,52700
8.25,8.350000381469727,8.25,8.350000381469727,3.6194913387298575,40300
8.34000015258789,8.399999618530273,8.3100004196167,8.399999618530273,3.641167163848877,47900
8.350000381469727,8.449999809265137,8.350000381469727,8.399999618530273,3.641167163848877,46000
8.359999656677246,8.479999542236328,8.359999656677246,8.4399995803833,3.658504009246826,37100
8.380000114440918,8.520000457763672,8.380000114440918,8.520000457763672,3.693182468414306,39900
8.460000038146973,8.529999732971191,8.460000038146973,8.510000228881836,3.688847303390503,50000
8.510000228881836,8.520000457763672,8.460000038146973,8.520000457763672,3.693182468414306,30000
8.479999542236328,8.5600004196167,8.470000267028809,8.550000190734863,3.706186532974243,33000
8.520000457763672,8.550000190734863,8.470000267028809,8.470000267028809,3.671509981155396,38000
8.489999771118164,8.489999771118164,8.449999809265137,8.489999771118164,3.680176258087158,16100
8.479999542236328,8.550000190734863,8.479999542236328,8.520000457763672,3.693182468414306,31300
8.520000457763672,8.550000190734863,8.510000228881836,8.539999961853027,3.701851129531861,17000
8.539999961853027,8.600000381469727,8.489999771118164,8.520000457763672,3.693182468414306,65200
8.529999732971191,8.550000190734863,8.5,8.5,3.684514284133911,24300
8.489999771118164,8.520000457763672,8.470000267028809,8.479999542236328,3.6758437156677246,44800
8.470000267028809,8.539999961853027,8.460000038146973,8.489999771118164,3.680176258087158,20800
8.479999542236328,8.539999961853027,8.470000267028809,8.510000228881836,3.688847303390503,23700
8.479999542236328,8.539999961853027,8.479999542236328,8.489999771118164,3.680176258087158,22700
8.489999771118164,8.539999961853027,8.449999809265137,8.489999771118164,3.680176258087158,36200
8.4399995803833,8.479999542236328,8.34000015258789,8.420000076293945,3.6666784286499023,49000
8.380000114440918,8.420000076293945,8.359999656677246,8.40999984741211,3.662325859069824,19500
8.380000114440918,8.4399995803833,8.34000015258789,8.399999618530273,3.657969474792481,42300
8.40999984741211,8.579999923706055,8.40999984741211,8.479999542236328,3.692807197570801,79700
8.5,8.529999732971191,8.449999809265137,8.460000038146973,3.684096574783325,28500
8.40999984741211,8.489999771118164,8.40999984741211,8.4399995803833,3.675385236740112,47600
8.40999984741211,8.449999809265137,8.399999618530273,8.430000305175781,3.67103123664856,24300
8.40999984741211,8.4399995803833,8.390000343322754,8.390000343322754,3.653613805770874,78900
8.430000305175781,8.449999809265137,8.34000015258789,8.380000114440918,3.649261236190796,83200
8.390000343322754,8.40999984741211,8.34000015258789,8.390000343322754,3.653613805770874,28400
8.380000114440918,8.420000076293945,8.369999885559082,8.399999618530273,3.657969474792481,27500
8.390000343322754,8.399999618530273,8.34000015258789,8.369999885559082,3.644903898239136,55600
8.359999656677246,8.40999984741211,8.329999923706055,8.390000343322754,3.653613805770874,41400
8.380000114440918,8.399999618530273,8.350000381469727,8.390000343322754,3.653613805770874,16500
8.390000343322754,8.420000076293945,8.380000114440918,8.380000114440918,3.649261236190796,17700
8.380000114440918,8.40999984741211,8.329999923706055,8.329999923706055,3.627484798431397,33100
8.329999923706055,8.399999618530273,8.329999923706055,8.399999618530273,3.657969474792481,46700
8.350000381469727,8.399999618530273,8.350000381469727,8.399999618530273,3.657969474792481,18700
8.380000114440918,8.390000343322754,8.350000381469727,8.380000114440918,3.649261236190796,40300
8.380000114440918,8.390000343322754,8.329999923706055,8.329999923706055,3.644446849822998,39100
8.350000381469727,8.420000076293945,8.350000381469727,8.420000076293945,3.683823823928833,37800
8.4399995803833,8.4399995803833,8.390000343322754,8.420000076293945,3.683823823928833,37800
8.430000305175781,8.430000305175781,8.399999618530273,8.430000305175781,3.688196420669556,27800
8.430000305175781,8.460000038146973,8.380000114440918,8.430000305175781,3.688196420669556,104100
8.399999618530273,8.449999809265137,8.399999618530273,8.449999809265137,3.696948289871216,34500
8.4399995803833,8.470000267028809,8.4399995803833,8.470000267028809,3.705700635910034,22300
8.449999809265137,8.489999771118164,8.4399995803833,8.4399995803833,3.692570924758911,18300
8.449999809265137,8.489999771118164,8.449999809265137,8.470000267028809,3.705700635910034,19000
8.460000038146973,8.520000457763672,8.460000038146973,8.510000228881836,3.723197937011719,27700
8.479999542236328,8.520000457763672,8.479999542236328,8.5,3.71882438659668,10600
8.5,8.539999961853027,8.479999542236328,8.529999732971191,3.731949806213379,18300
8.529999732971191,8.539999961853027,8.489999771118164,8.5,3.71882438659668,56100
8.5,8.539999961853027,8.489999771118164,8.5,3.71882438659668,42200
8.5,8.550000190734863,8.5,8.539999961853027,3.73632287979126,22500
8.539999961853027,8.59000015258789,8.520000457763672,8.569999694824219,3.749448776245117,24700
8.59000015258789,8.640000343322754,8.5600004196167,8.640000343322754,3.780072927474976,36600
8.649999618530273,8.65999984741211,8.5600004196167,8.5600004196167,3.74507474899292,33900
8.649999618530273,8.649999618530273,8.520000457763672,8.579999923706055,3.7538232803344727,59700
8.529999732971191,8.619999885559082,8.529999732971191,8.600000381469727,3.762572765350342,36500
8.609999656677246,8.640000343322754,8.5600004196167,8.569999694824219,3.749448776245117,46100
8.529999732971191,8.59000015258789,8.529999732971191,8.5600004196167,3.762195110321045,44700
8.539999961853027,8.579999923706055,8.520000457763672,8.520000457763672,3.744612216949463,40900
8.550000190734863,8.550000190734863,8.390000343322754,8.390000343322754,3.687477827072144,122200
8.399999618530273,8.430000305175781,8.390000343322754,8.399999618530273,3.691872358322144,52300
8.369999885559082,8.420000076293945,8.350000381469727,8.359999656677246,3.674290418624878,49500
8.399999618530273,8.430000305175781,8.359999656677246,8.420000076293945,3.700663566589356,55900
8.390000343322754,8.4399995803833,8.390000343322754,8.430000305175781,3.705057859420776,47900
8.399999618530273,8.430000305175781,8.390000343322754,8.430000305175781,3.705057859420776,27200
8.40999984741211,8.430000305175781,8.390000343322754,8.399999618530273,3.691872358322144,25900
8.399999618530273,8.430000305175781,8.399999618530273,8.399999618530273,3.691872358322144,30100
8.399999618530273,8.420000076293945,8.359999656677246,8.390000343322754,3.687477827072144,46300
8.399999618530273,8.399999618530273,8.350000381469727,8.390000343322754,3.687477827072144,65300
8.399999618530273,8.399999618530273,8.369999885559082,8.399999618530273,3.691872358322144,30900
8.369999885559082,8.399999618530273,8.350000381469727,8.380000114440918,3.683084487915039,114300
8.380000114440918,8.40999984741211,8.359999656677246,8.399999618530273,3.691872358322144,52100
8.399999618530273,8.460000038146973,8.399999618530273,8.449999809265137,3.713849306106568,42800
8.470000267028809,8.479999542236328,8.420000076293945,8.479999542236328,3.7270333766937256,45400
8.449999809265137,8.479999542236328,8.40999984741211,8.449999809265137,3.713849306106568,67100
8.430000305175781,8.470000267028809,8.420000076293945,8.4399995803833,3.70945143699646,55000
8.430000305175781,8.460000038146973,8.420000076293945,8.460000038146973,3.718241691589356,43300
8.4399995803833,8.479999542236328,8.4399995803833,8.470000267028809,3.7226386070251465,27600
8.4399995803833,8.470000267028809,8.420000076293945,8.470000267028809,3.7398624420166016,72100
8.4399995803833,8.479999542236328,8.380000114440918,8.399999618530273,3.708949327468872,55000
8.399999618530273,8.4399995803833,8.399999618530273,8.399999618530273,3.708949327468872,41800
8.399999618530273,8.470000267028809,8.399999618530273,8.40999984741211,3.713366746902466,57400
8.420000076293945,8.460000038146973,8.420000076293945,8.430000305175781,3.722198486328125,59700
8.430000305175781,8.460000038146973,8.430000305175781,8.449999809265137,3.7310266494750977,37800
8.449999809265137,8.460000038146973,8.40999984741211,8.40999984741211,3.713366746902466,56100
8.420000076293945,8.430000305175781,8.380000114440918,8.40999984741211,3.713366746902466,61300
8.420000076293945,8.430000305175781,8.399999618530273,8.420000076293945,3.7177822589874263,30400
8.430000305175781,8.449999809265137,8.399999618530273,8.399999618530273,3.708949327468872,61700
8.399999618530273,8.40999984741211,8.359999656677246,8.359999656677246,3.691288709640503,79200
8.359999656677246,8.390000343322754,8.329999923706055,8.369999885559082,3.695703268051148,40600
8.359999656677246,8.380000114440918,8.329999923706055,8.350000381469727,3.6868724822998047,34500
8.359999656677246,8.399999618530273,8.329999923706055,8.369999885559082,3.695703268051148,36200
8.390000343322754,8.430000305175781,8.390000343322754,8.420000076293945,3.7177822589874263,28500
8.430000305175781,8.4399995803833,8.399999618530273,8.40999984741211,3.713366746902466,38700
8.449999809265137,8.460000038146973,8.40999984741211,8.420000076293945,3.7177822589874263,15000
8.420000076293945,8.449999809265137,8.390000343322754,8.4399995803833,3.726613759994507,47100
8.4399995803833,8.449999809265137,8.399999618530273,8.420000076293945,3.7177822589874263,30300
8.399999618530273,8.430000305175781,8.369999885559082,8.420000076293945,3.7177822589874263,22200
8.380000114440918,8.399999618530273,8.289999961853027,8.350000381469727,3.6868724822998047,53700
8.350000381469727,8.4399995803833,8.300000190734863,8.329999923706055,3.678044319152832,35100
8.319999694824219,8.319999694824219,8.149999618530273,8.220000267028809,3.646107196807861,62600
7.900000095367432,8.130000114440918,7.900000095367432,7.980000019073486,3.5396523475646973,183100
7.96999979019165,8.199999809265137,7.96999979019165,8.09000015258789,3.588444232940674,82000
8.050000190734863,8.130000114440918,8.050000190734863,8.069999694824219,3.5795722007751465,59100
8.119999885559082,8.130000114440918,8.020000457763672,8.020000457763672,3.557394504547119,76600
8.029999732971191,8.050000190734863,7.980000019073486,8.020000457763672,3.557394504547119,86200
8.020000457763672,8.050000190734863,8.0,8.050000190734863,3.57069993019104,22100
8.020000457763672,8.109999656677246,8.020000457763672,8.050000190734863,3.57069993019104,47400
8.039999961853027,8.109999656677246,8.039999961853027,8.0600004196167,3.575136423110962,33700
8.039999961853027,8.100000381469727,8.039999961853027,8.100000381469727,3.592879295349121,20200
8.069999694824219,8.119999885559082,8.029999732971191,8.050000190734863,3.57069993019104,49200
8.039999961853027,8.079999923706055,8.020000457763672,8.050000190734863,3.57069993019104,32800
8.079999923706055,8.09000015258789,8.020000457763672,8.09000015258789,3.588444232940674,32100
8.069999694824219,8.140000343322754,8.0600004196167,8.09000015258789,3.588444232940674,25200
8.149999618530273,8.15999984741211,8.09000015258789,8.100000381469727,3.592879295349121,37200
8.0600004196167,8.170000076293945,8.0600004196167,8.109999656677246,3.5973129272460938,52600
8.100000381469727,8.140000343322754,8.100000381469727,8.140000343322754,3.610621690750122,6300
8.069999694824219,8.130000114440918,8.0600004196167,8.0600004196167,3.575136423110962,29300
7.559999942779541,8.09000015258789,7.559999942779541,8.029999732971191,3.5618293285369877,22700
8.010000228881836,8.069999694824219,7.989999771118164,8.039999961853027,3.5662648677825928,20500
7.960000038146973,8.039999961853027,7.960000038146973,8.0,3.565372943878174,33500
7.96999979019165,8.039999961853027,7.96999979019165,7.989999771118164,3.560915470123291,26400
7.980000019073486,8.020000457763672,7.940000057220459,7.980000019073486,3.5564610958099365,52200
8.0,8.010000228881836,7.949999809265137,8.010000228881836,3.569828510284424,21600
7.980000019073486,8.050000190734863,7.75,7.78000020980835,3.4673256874084477,159200
7.739999771118164,7.840000152587891,7.739999771118164,7.829999923706055,3.489609241485596,85000
7.809999942779541,7.829999923706055,7.739999771118164,7.789999961853027,3.4717824459075928,56500
7.739999771118164,7.760000228881836,7.630000114440918,7.670000076293945,3.418301582336426,86500
7.619999885559082,7.690000057220459,7.619999885559082,7.679999828338623,3.422758102416992,47800
7.699999809265137,7.71999979019165,7.670000076293945,7.679999828338623,3.422758102416992,50300
7.710000038146973,7.71999979019165,7.630000114440918,7.679999828338623,3.422758102416992,49500
7.650000095367432,7.690000057220459,7.579999923706055,7.619999885559082,3.3960182666778564,48000
7.610000133514404,7.670000076293945,7.380000114440918,7.449999809265137,3.3202548027038574,84000
7.449999809265137,7.570000171661377,7.420000076293945,7.570000171661377,3.37373423576355,121000
7.539999961853027,7.639999866485596,7.539999961853027,7.639999866485596,3.404930830001831,35400
7.630000114440918,7.679999828338623,7.559999942779541,7.639999866485596,3.404930830001831,46000
7.639999866485596,7.730000019073486,7.579999923706055,7.659999847412109,3.413844108581543,54000
7.639999866485596,7.769999980926514,7.639999866485596,7.730000019073486,3.4450430870056152,42200
7.800000190734863,7.800000190734863,7.730000019073486,7.769999980926514,3.462868452072144,25300
7.820000171661377,7.820000171661377,7.71999979019165,7.71999979019165,3.4405863285064697,48200
7.730000019073486,7.789999961853027,7.71999979019165,7.789999961853027,3.4717824459075928,31800
7.789999961853027,7.809999942779541,7.75,7.760000228881836,3.45841383934021,20000
7.800000190734863,7.800000190734863,7.739999771118164,7.78000020980835,3.4673256874084477,28400
7.71999979019165,7.769999980926514,7.610000133514404,7.75,3.470908164978028,45800
7.75,7.769999980926514,7.679999828338623,7.730000019073486,3.461952447891236,68000
7.769999980926514,7.78000020980835,7.639999866485596,7.639999866485596,3.4216437339782715,31400
7.590000152587891,7.599999904632568,7.360000133514404,7.360000133514404,3.296243906021118,89600
7.210000038146973,7.210000038146973,7.050000190734863,7.150000095367432,3.2021939754486084,186800
7.119999885559082,7.409999847412109,7.119999885559082,7.409999847412109,3.3186349868774414,109300
7.400000095367432,7.440000057220459,7.360000133514404,7.409999847412109,3.3186349868774414,41000
7.389999866485596,7.650000095367432,7.389999866485596,7.599999904632568,3.403728485107422,83000
7.670000076293945,7.679999828338623,7.53000020980835,7.570000171661377,3.3902933597564697,40800
7.550000190734863,7.699999809265137,7.550000190734863,7.690000057220459,3.4440364837646484,41600
7.690000057220459,7.690000057220459,7.579999923706055,7.610000133514404,3.408209800720215,20600
7.559999942779541,7.650000095367432,7.539999961853027,7.619999885559082,3.412686824798584,31500
7.519999980926514,7.590000152587891,7.480000019073486,7.539999961853027,3.376859426498413,41800
7.550000190734863,7.650000095367432,7.539999961853027,7.599999904632568,3.403728485107422,34700
7.619999885559082,7.650000095367432,7.559999942779541,7.590000152587891,3.39925217628479,16500
7.679999828338623,7.699999809265137,7.5,7.579999923706055,3.394773244857788,72200
7.610000133514404,7.710000038146973,7.550000190734863,7.650000095367432,3.426121711730957,36600
7.650000095367432,7.730000019073486,7.599999904632568,7.690000057220459,3.4440364837646484,38900
7.71999979019165,7.900000095367432,7.699999809265137,7.869999885559082,3.524653911590576,59000
7.840000152587891,7.949999809265137,7.820000171661377,7.920000076293945,3.547044515609741,23600
7.920000076293945,8.0,7.820000171661377,7.880000114440918,3.546144723892212,33600
7.880000114440918,7.920000076293945,7.789999961853027,7.840000152587891,3.528144598007202,24500
7.840000152587891,7.880000114440918,7.789999961853027,7.800000190734863,3.5101451873779297,27300
7.75,7.820000171661377,7.670000076293945,7.670000076293945,3.4516398906707764,29800
7.690000057220459,7.739999771118164,7.639999866485596,7.659999847412109,3.447141647338867,21500
7.690000057220459,7.71999979019165,7.599999904632568,7.670000076293945,3.4516398906707764,21700
7.630000114440918,7.710000038146973,7.570000171661377,7.650000095367432,3.4426419734954834,39000
7.610000133514404,7.639999866485596,7.460000038146973,7.559999942779541,3.4021365642547607,62700
7.519999980926514,7.559999942779541,7.510000228881836,7.53000020980835,3.388639450073242,15800
7.519999980926514,7.539999961853027,7.46999979019165,7.480000019073486,3.3661365509033203,47000
7.480000019073486,7.5,7.380000114440918,7.429999828338623,3.343636989593506,46300
7.440000057220459,7.46999979019165,7.420000076293945,7.460000038146973,3.3571362495422363,41200
7.460000038146973,7.550000190734863,7.460000038146973,7.519999980926514,3.3841378688812256,34900
7.539999961853027,7.570000171661377,7.5,7.53000020980835,3.388639450073242,40400
7.550000190734863,7.599999904632568,7.53000020980835,7.579999923706055,3.4111390113830566,59900
7.619999885559082,7.820000171661377,7.539999961853027,7.699999809265137,3.4651412963867188,66300
7.699999809265137,7.760000228881836,7.670000076293945,7.710000038146973,3.469641923904419,35300
7.71999979019165,7.75,7.670000076293945,7.71999979019165,3.474140882492065,45500
7.730000019073486,7.75,7.659999847412109,7.659999847412109,3.447141647338867,38200
7.670000076293945,7.690000057220459,7.559999942779541,7.579999923706055,3.4111390113830566,48800
7.610000133514404,7.739999771118164,7.570000171661377,7.630000114440918,3.4336400032043457,72100
7.639999866485596,7.690000057220459,7.590000152587891,7.619999885559082,3.446302890777588,49200
7.599999904632568,7.639999866485596,7.5,7.559999942779541,3.419166088104248,42600
7.550000190734863,7.650000095367432,7.550000190734863,7.630000114440918,3.4508273601531982,58500
7.679999828338623,7.760000228881836,7.619999885559082,7.690000057220459,3.4779622554779053,55800
7.699999809265137,7.71999979019165,7.630000114440918,7.690000057220459,3.4779622554779053,29900
7.730000019073486,7.730000019073486,7.619999885559082,7.659999847412109,3.4643940925598145,37900
7.619999885559082,7.659999847412109,7.599999904632568,7.639999866485596,3.4553494453430176,51200
7.650000095367432,7.679999828338623,7.550000190734863,7.570000171661377,3.4236910343170166,30100
7.579999923706055,7.610000133514404,7.53000020980835,7.579999923706055,3.428213119506836,15000
7.619999885559082,7.619999885559082,7.519999980926514,7.590000152587891,3.432736396789551,28300
7.590000152587891,7.650000095367432,7.5,7.539999961853027,3.410122394561768,70100
7.539999961853027,7.579999923706055,7.179999828338623,7.230000019073486,3.269916296005249,397400
7.239999771118164,7.320000171661377,7.150000095367432,7.320000171661377,3.310624837875366,320100
7.340000152587891,7.420000076293945,7.329999923706055,7.369999885559082,3.3332362174987797,66600
7.329999923706055,7.449999809265137,7.320000171661377,7.380000114440918,3.3377599716186523,78800
7.389999866485596,7.460000038146973,7.360000133514404,7.389999866485596,3.342280149459839,52400
7.389999866485596,7.400000095367432,7.239999771118164,7.309999942779541,3.3061001300811768,115600
7.300000190734863,7.369999885559082,7.25,7.329999923706055,3.3151450157165527,92400
7.289999961853027,7.360000133514404,7.289999961853027,7.340000152587891,3.319668292999268,38400
7.349999904632568,7.349999904632568,7.239999771118164,7.289999961853027,3.2970540523529053,58900
7.289999961853027,7.320000171661377,7.25,7.300000190734863,3.30157732963562,43900
7.340000152587891,7.340000152587891,7.239999771118164,7.25,3.278963327407837,85800
7.25,7.269999980926514,7.130000114440918,7.190000057220459,3.251826524734497,70800
7.090000152587891,7.150000095367432,7.019999980926514,7.099999904632568,3.2281854152679443,161600
7.130000114440918,7.130000114440918,7.079999923706055,7.099999904632568,3.2281854152679443,53300
7.099999904632568,7.210000038146973,7.099999904632568,7.199999809265137,3.2736520767211914,84500
7.239999771118164,7.25,7.039999961853027,7.090000152587891,3.223637580871582,102900
7.090000152587891,7.130000114440918,7.03000020980835,7.059999942779541,3.2099974155426025,82500
7.059999942779541,7.090000152587891,7.0,7.050000190734863,3.205452442169189,84100
7.539999961853027,7.539999961853027,7.010000228881836,7.059999942779541,3.2099974155426025,85000
7.099999904632568,7.099999904632568,7.010000228881836,7.050000190734863,3.205452442169189,108900
7.010000228881836,7.050000190734863,6.980000019073486,7.0,3.182716131210327,113100
6.940000057220459,7.170000076293945,6.940000057220459,7.059999942779541,3.2099974155426025,74100
7.079999923706055,7.099999904632568,7.0,7.010000228881836,3.187263250350952,73500
7.03000020980835,7.039999961853027,6.960000038146973,6.980000019073486,3.173623561859131,102700
7.010000228881836,7.079999923706055,7.0,7.059999942779541,3.2099974155426025,103500
7.0,7.110000133514404,7.0,7.079999923706055,3.219088554382324,73100
7.139999866485596,7.150000095367432,7.070000171661377,7.119999885559082,3.237276554107666,38100
7.099999904632568,7.190000057220459,7.079999923706055,7.110000133514404,3.2327303886413574,90400
7.130000114440918,7.150000095367432,7.070000171661377,7.110000133514404,3.2327303886413574,85000
7.179999828338623,7.179999828338623,7.079999923706055,7.110000133514404,3.2327303886413574,158000
7.110000133514404,7.139999866485596,7.099999904632568,7.110000133514404,3.2327303886413574,77500
7.130000114440918,7.139999866485596,7.099999904632568,7.119999885559082,3.237276554107666,51500
7.119999885559082,7.159999847412109,7.110000133514404,7.119999885559082,3.237276554107666,70900
7.179999828338623,7.179999828338623,7.110000133514404,7.130000114440918,3.2418248653411865,90600
7.070000171661377,7.119999885559082,7.039999961853027,7.070000171661377,3.231766939163208,125900
7.019999980926514,7.059999942779541,6.960000038146973,6.980000019073486,3.1906285285949707,109100
6.96999979019165,7.010000228881836,6.900000095367432,6.900000095367432,3.154059410095215,180700
6.900000095367432,6.909999847412109,6.789999961853027,6.809999942779541,3.112919807434082,140900
6.789999961853027,6.869999885559082,6.789999961853027,6.809999942779541,3.112919807434082,148300
6.809999942779541,6.849999904632568,6.739999771118164,6.739999771118164,3.080923318862915,104400
6.71999979019165,6.789999961853027,6.659999847412109,6.730000019073486,3.076350450515747,154200
6.71999979019165,6.78000020980835,6.599999904632568,6.75,3.0854909420013428,298000
6.650000095367432,6.800000190734863,6.650000095367432,6.800000190734863,3.108346462249756,118100
6.760000228881836,6.789999961853027,6.690000057220459,6.730000019073486,3.076350450515747,198500
6.71999979019165,6.789999961853027,6.650000095367432,6.710000038146973,3.0672080516815186,458700
6.679999828338623,6.800000190734863,6.679999828338623,6.800000190734863,3.108346462249756,175000
6.860000133514404,6.860000133514404,6.730000019073486,6.760000228881836,3.0900652408599854,173200
6.75,6.900000095367432,6.75,6.869999885559082,3.140345335006714,57600
6.929999828338623,7.090000152587891,6.929999828338623,7.070000171661377,3.231766939163208,97200
7.079999923706055,7.099999904632568,7.019999980926514,7.059999942779541,3.2271969318389893,42000
7.070000171661377,7.25,7.059999942779541,7.159999847412109,3.272906541824341,162800
7.179999828338623,7.199999809265137,7.139999866485596,7.150000095367432,3.268336772918701,85200
7.170000076293945,7.210000038146973,7.139999866485596,7.190000057220459,3.2866222858428955,58400
7.150000095367432,7.199999809265137,7.130000114440918,7.190000057220459,3.304084300994873,39800
7.190000057220459,7.21999979019165,7.139999866485596,7.21999979019165,3.317870140075684,70500
7.239999771118164,7.260000228881836,7.199999809265137,7.230000019073486,3.3224658966064453,89800
7.239999771118164,7.289999961853027,7.190000057220459,7.289999961853027,3.350037097930908,146900
7.289999961853027,7.309999942779541,7.199999809265137,7.21999979019165,3.317870140075684,165000
7.239999771118164,7.239999771118164,7.170000076293945,7.199999809265137,3.3086791038513184,75700
7.230000019073486,7.230000019073486,7.0,7.019999980926514,3.22596287727356,109200
6.960000038146973,7.099999904632568,6.949999809265137,7.059999942779541,3.244344472885132,107900
7.159999847412109,7.199999809265137,7.099999904632568,7.159999847412109,3.290296792984009,98800
7.179999828338623,7.28000020980835,7.150000095367432,7.239999771118164,3.327059268951416,93100
7.239999771118164,7.269999980926514,7.179999828338623,7.199999809265137,3.3086791038513184,31900
7.21999979019165,7.239999771118164,7.139999866485596,7.179999828338623,3.299488067626953,76400
7.21999979019165,7.269999980926514,7.210000038146973,7.230000019073486,3.3224658966064453,41400
7.269999980926514,7.320000171661377,7.230000019073486,7.300000190734863,3.3546335697174072,75100
7.340000152587891,7.409999847412109,7.309999942779541,7.340000152587891,3.373014211654663,94300
7.380000114440918,7.429999828338623,7.320000171661377,7.420000076293945,3.409778356552124,60800
7.429999828338623,7.460000038146973,7.400000095367432,7.429999828338623,3.414371490478516,42900
7.46999979019165,7.46999979019165,7.389999866485596,7.409999847412109,3.405179977416992,45800
7.409999847412109,7.489999771118164,7.409999847412109,7.440000057220459,3.4189696311950684,46400
7.460000038146973,7.5,7.429999828338623,7.429999828338623,3.414371490478516,62200
7.46999979019165,7.510000228881836,7.440000057220459,7.5,3.446541786193848,52100
7.489999771118164,7.539999961853027,7.489999771118164,7.5,3.464092493057251,45800
7.510000228881836,7.670000076293945,7.510000228881836,7.579999923706055,3.501041889190674,63900
7.53000020980835,7.590000152587891,7.400000095367432,7.420000076293945,3.427142143249512,93400
7.360000133514404,7.360000133514404,7.079999923706055,7.090000152587891,3.2747232913970947,146900
7.050000190734863,7.170000076293945,6.96999979019165,7.170000076293945,3.3116719722747803,111000
7.25,7.380000114440918,7.170000076293945,7.349999904632568,3.39480972290039,126700
7.320000171661377,7.449999809265137,7.320000171661377,7.389999866485596,3.413285255432129,112200
7.480000019073486,7.480000019073486,7.25,7.289999961853027,3.367098093032837,30400
7.380000114440918,7.389999866485596,7.25,7.289999961853027,3.367098093032837,38500
7.349999904632568,7.440000057220459,7.349999904632568,7.429999828338623,3.431759834289551,30600
7.489999771118164,7.5,7.389999866485596,7.489999771118164,3.4594738483428955,45400
7.590000152587891,7.590000152587891,7.449999809265137,7.449999809265137,3.44099760055542,39600
7.46999979019165,7.480000019073486,7.159999847412109,7.199999809265137,3.3255293369293213,150300
7.5,7.5,7.0,7.070000171661377,3.2654836177825928,108400
7.090000152587891,7.349999904632568,7.090000152587891,7.349999904632568,3.39480972290039,71100
7.349999904632568,7.389999866485596,7.260000228881836,7.309999942779541,3.376335382461548,60900
7.489999771118164,7.5,7.340000152587891,7.440000057220459,3.4363789558410645,84900
7.480000019073486,7.53000020980835,7.349999904632568,7.429999828338623,3.431759834289551,88800
7.360000133514404,7.5,7.360000133514404,7.5,3.464092493057251,30900
7.579999923706055,7.579999923706055,7.340000152587891,7.349999904632568,3.412097454071045,61700
7.550000190734863,7.550000190734863,7.360000133514404,7.489999771118164,3.4770915508270264,48100
7.449999809265137,7.449999809265137,7.199999809265137,7.369999885559082,3.4213826656341557,51200
7.199999809265137,7.429999828338623,7.199999809265137,7.369999885559082,3.4213826656341557,43300
7.429999828338623,7.429999828338623,7.230000019073486,7.260000228881836,3.3703179359436035,49000
7.119999885559082,7.269999980926514,7.099999904632568,7.150000095367432,3.3192498683929443,96100
7.079999923706055,7.329999923706055,7.079999923706055,7.139999866485596,3.3146088123321533,47500
7.159999847412109,7.300000190734863,7.139999866485596,7.139999866485596,3.3146088123321533,80000
7.190000057220459,7.21999979019165,7.119999885559082,7.130000114440918,3.309966564178467,49200
7.150000095367432,7.210000038146973,7.139999866485596,7.170000076293945,3.3285369873046875,42100
7.199999809265137,7.320000171661377,7.190000057220459,7.309999942779541,3.393528699874878,47000
7.329999923706055,7.369999885559082,7.239999771118164,7.28000020980835,3.3796017169952397,100200
7.309999942779541,7.309999942779541,7.099999904632568,7.130000114440918,3.309966564178467,101100
7.150000095367432,7.170000076293945,7.119999885559082,7.119999885559082,3.305324077606201,34200
7.179999828338623,7.190000057220459,7.130000114440918,7.150000095367432,3.3192498683929443,39000
7.179999828338623,7.179999828338623,7.110000133514404,7.139999866485596,3.3146088123321533,62200
7.179999828338623,7.179999828338623,7.139999866485596,7.170000076293945,3.3285369873046875,39000
7.170000076293945,7.300000190734863,7.170000076293945,7.269999980926514,3.374962091445923,73200
7.320000171661377,7.360000133514404,7.309999942779541,7.349999904632568,3.412097454071045,64500
7.340000152587891,7.480000019073486,7.300000190734863,7.429999828338623,3.449235677719116,68200
7.46999979019165,7.46999979019165,7.300000190734863,7.309999942779541,3.393528699874878,29700
7.260000228881836,7.300000190734863,7.210000038146973,7.269999980926514,3.39259672164917,39100
7.329999923706055,7.340000152587891,7.260000228881836,7.289999961853027,3.4019291400909424,29300
7.25,7.269999980926514,7.210000038146973,7.230000019073486,3.373930692672729,48600
7.260000228881836,7.329999923706055,7.260000228881836,7.269999980926514,3.39259672164917,28200
7.289999961853027,7.300000190734863,7.230000019073486,7.230000019073486,3.373930692672729,18400
7.25,7.320000171661377,7.239999771118164,7.300000190734863,3.4065966606140137,31300
7.260000228881836,7.340000152587891,7.260000228881836,7.309999942779541,3.411262035369873,39600
7.289999961853027,7.360000133514404,7.289999961853027,7.300000190734863,3.4065966606140137,28100
7.309999942779541,7.360000133514404,7.309999942779541,7.329999923706055,3.4205968379974365,30500
7.329999923706055,7.360000133514404,7.309999942779541,7.329999923706055,3.4205968379974365,53700
7.360000133514404,7.429999828338623,7.349999904632568,7.389999866485596,3.4485929012298584,23800
7.369999885559082,7.420000076293945,7.369999885559082,7.420000076293945,3.462592840194702,23300
7.409999847412109,7.480000019073486,7.400000095367432,7.46999979019165,3.485925912857056,31400
7.420000076293945,7.480000019073486,7.420000076293945,7.440000057220459,3.471928596496582,26600
7.440000057220459,7.46999979019165,7.409999847412109,7.46999979019165,3.485925912857056,34400
7.460000038146973,7.5,7.440000057220459,7.489999771118164,3.4952621459960938,30900
7.489999771118164,7.539999961853027,7.389999866485596,7.389999866485596,3.4485929012298584,47200
7.489999771118164,7.489999771118164,7.409999847412109,7.489999771118164,3.4952621459960938,16600
7.489999771118164,7.5,7.389999866485596,7.400000095367432,3.4532604217529297,47200
7.400000095367432,7.539999961853027,7.340000152587891,7.380000114440918,3.443928003311157,82800
7.389999866485596,7.449999809265137,7.380000114440918,7.429999828338623,3.467261791229248,40400
7.409999847412109,7.550000190734863,7.409999847412109,7.510000228881836,3.5045933723449707,71900
7.480000019073486,7.53000020980835,7.440000057220459,7.46999979019165,3.5036556720733643,40300
7.460000038146973,7.550000190734863,7.460000038146973,7.489999771118164,3.513035535812378,53900
7.5,7.539999961853027,7.480000019073486,7.519999980926514,3.5271058082580566,15600
7.480000019073486,7.570000171661377,7.46999979019165,7.550000190734863,3.5411782264709477,21800
7.519999980926514,7.590000152587891,7.460000038146973,7.480000019073486,3.5083470344543457,47300
7.489999771118164,7.519999980926514,7.460000038146973,7.460000038146973,3.4989659786224365,24300
7.46999979019165,7.46999979019165,7.360000133514404,7.360000133514404,3.4520628452301025,74000
7.380000114440918,7.389999866485596,7.25,7.269999980926514,3.4098494052886963,48100
7.309999942779541,7.309999942779541,7.260000228881836,7.28000020980835,3.4145400524139404,33700
7.300000190734863,7.300000190734863,7.21999979019165,7.21999979019165,3.386399269104004,39500
7.230000019073486,7.230000019073486,7.170000076293945,7.170000076293945,3.362945795059204,73500
7.190000057220459,7.320000171661377,7.190000057220459,7.309999942779541,3.428609132766724,42000
7.340000152587891,7.400000095367432,7.300000190734863,7.400000095367432,3.4708240032196045,30400
7.400000095367432,7.449999809265137,7.380000114440918,7.429999828338623,3.484895706176758,28200
7.46999979019165,7.46999979019165,7.409999847412109,7.449999809265137,3.494276285171509,17600
7.449999809265137,7.5,7.420000076293945,7.449999809265137,3.494276285171509,25700
7.449999809265137,7.489999771118164,7.309999942779541,7.369999885559082,3.456753253936768,59600
7.360000133514404,7.369999885559082,7.28000020980835,7.28000020980835,3.4145400524139404,52100
7.320000171661377,7.340000152587891,7.239999771118164,7.289999961853027,3.419229507446289,70800
7.320000171661377,7.369999885559082,7.300000190734863,7.320000171661377,3.433300256729126,42200
7.300000190734863,7.409999847412109,7.300000190734863,7.389999866485596,3.4661319255828857,54100
7.400000095367432,7.550000190734863,7.360000133514404,7.440000057220459,3.489586114883423,62500
7.420000076293945,7.5,7.400000095367432,7.400000095367432,3.48864221572876,76400
7.420000076293945,7.420000076293945,7.260000228881836,7.260000228881836,3.422640085220337,17500
7.25,7.320000171661377,7.230000019073486,7.260000228881836,3.422640085220337,25300
7.340000152587891,7.389999866485596,7.300000190734863,7.300000190734863,3.441498279571533,33800
7.289999961853027,7.349999904632568,7.260000228881836,7.28000020980835,3.432069540023804,28000
7.340000152587891,7.340000152587891,7.269999980926514,7.269999980926514,3.4273548126220703,8400
7.289999961853027,7.300000190734863,7.239999771118164,7.260000228881836,3.422640085220337,24100
7.25,7.260000228881836,7.210000038146973,7.239999771118164,3.413210153579712,38000
7.230000019073486,7.230000019073486,7.010000228881836,7.070000171661377,3.3330678939819336,78400
7.050000190734863,7.25,7.019999980926514,7.21999979019165,3.403784990310669,45200
7.170000076293945,7.300000190734863,7.170000076293945,7.260000228881836,3.422640085220337,67300
7.289999961853027,7.340000152587891,7.230000019073486,7.329999923706055,3.4556405544281006,35600
7.340000152587891,7.460000038146973,7.300000190734863,7.449999809265137,3.5122148990631104,80300
7.429999828338623,7.429999828338623,7.329999923706055,7.349999904632568,3.46506929397583,31600
7.300000190734863,7.389999866485596,7.300000190734863,7.349999904632568,3.46506929397583,61900
7.360000133514404,7.400000095367432,7.28000020980835,7.369999885559082,3.4744997024536133,21900
7.349999904632568,7.349999904632568,7.309999942779541,7.309999942779541,3.4462108612060547,2600
7.349999904632568,7.440000057220459,7.309999942779541,7.329999923706055,3.4556405544281006,38900
7.329999923706055,7.340000152587891,7.289999961853027,7.309999942779541,3.4462108612060547,12500
7.300000190734863,7.46999979019165,7.269999980926514,7.46999979019165,3.54004430770874,73100
7.400000095367432,7.440000057220459,7.269999980926514,7.309999942779541,3.464219570159912,70400
7.349999904632568,7.420000076293945,7.090000152587891,7.210000038146973,3.4168317317962646,42400
7.239999771118164,7.269999980926514,6.869999885559082,6.869999885559082,3.255702018737793,115800
6.900000095367432,7.099999904632568,6.900000095367432,7.019999980926514,3.326789140701294,144300
7.019999980926514,7.179999828338623,7.019999980926514,7.170000076293945,3.3978731632232666,23600
7.099999904632568,7.170000076293945,7.090000152587891,7.119999885559082,3.3741796016693115,48600
7.139999866485596,7.139999866485596,7.079999923706055,7.099999904632568,3.36470103263855,8000
7.099999904632568,7.139999866485596,7.039999961853027,7.099999904632568,3.36470103263855,64100
7.010000228881836,7.150000095367432,7.010000228881836,7.079999923706055,3.3552234172821045,24100
7.130000114440918,7.130000114440918,7.050000190734863,7.059999942779541,3.3457462787628174,17000
7.03000020980835,7.099999904632568,7.0,7.0,3.317310571670532,61100
7.039999961853027,7.059999942779541,6.889999866485596,7.039999961853027,3.3362679481506348,72900
7.059999942779541,7.110000133514404,6.96999979019165,7.090000152587891,3.3599648475646973,23600
7.130000114440918,7.130000114440918,7.0,7.099999904632568,3.36470103263855,42900
7.019999980926514,7.130000114440918,7.019999980926514,7.119999885559082,3.3741796016693115,42000
7.130000114440918,7.130000114440918,7.050000190734863,7.119999885559082,3.3741796016693115,30200
7.130000114440918,7.150000095367432,7.059999942779541,7.110000133514404,3.369440078735352,34800
7.110000133514404,7.139999866485596,7.079999923706055,7.110000133514404,3.369440078735352,16500
7.110000133514404,7.119999885559082,7.090000152587891,7.110000133514404,3.369440078735352,22500
7.099999904632568,7.139999866485596,7.070000171661377,7.090000152587891,3.3599648475646973,51200
7.090000152587891,7.099999904632568,6.929999828338623,6.960000038146973,3.2983546257019043,60400
6.989999771118164,7.130000114440918,6.980000019073486,7.130000114440918,3.3789167404174805,33400
7.130000114440918,7.130000114440918,7.039999961853027,7.090000152587891,3.377967834472656,25200
7.070000171661377,7.099999904632568,7.0,7.019999980926514,3.344614028930664,40300
7.019999980926514,7.059999942779541,7.019999980926514,7.019999980926514,3.344614028930664,24000
7.010000228881836,7.050000190734863,6.980000019073486,7.019999980926514,3.344614028930664,23200
7.010000228881836,7.119999885559082,6.949999809265137,6.989999771118164,3.330322265625,40700
7.0,7.010000228881836,6.929999828338623,6.949999809265137,3.3112633228302,21100
6.949999809265137,6.989999771118164,6.820000171661377,6.840000152587891,3.258854866027832,68700
6.860000133514404,6.900000095367432,6.809999942779541,6.900000095367432,3.287442922592163,59400
6.820000171661377,6.929999828338623,6.820000171661377,6.869999885559082,3.273146867752075,24200
6.869999885559082,6.940000057220459,6.760000228881836,6.809999942779541,3.244563579559326,29600
6.860000133514404,6.880000114440918,6.789999961853027,6.829999923706055,3.254091739654541,23600
6.829999923706055,6.860000133514404,6.789999961853027,6.849999904632568,3.263617753982544,35700
6.880000114440918,6.889999866485596,6.760000228881836,6.820000171661377,3.249326229095459,65800
6.840000152587891,6.940000057220459,6.840000152587891,6.920000076293945,3.296968698501587,32400
6.949999809265137,6.960000038146973,6.840000152587891,6.869999885559082,3.273146867752075,31600
6.900000095367432,6.929999828338623,6.880000114440918,6.929999828338623,3.3017351627349854,40800
6.900000095367432,6.940000057220459,6.900000095367432,6.929999828338623,3.3017351627349854,14200
6.869999885559082,6.929999828338623,6.849999904632568,6.900000095367432,3.287442922592163,39500
6.929999828338623,6.929999828338623,6.840000152587891,6.869999885559082,3.273146867752075,30900
6.889999866485596,6.929999828338623,6.840000152587891,6.840000152587891,3.258854866027832,32600
6.880000114440918,7.019999980926514,6.840000152587891,6.900000095367432,3.287442922592163,64000
6.860000133514404,6.900000095367432,6.860000133514404,6.880000114440918,3.29606556892395,10600
6.849999904632568,6.869999885559082,6.800000190734863,6.800000190734863,3.2577381134033203,32400
6.829999923706055,6.849999904632568,6.809999942779541,6.840000152587891,3.2769033908843994,17100
6.809999942779541,6.849999904632568,6.659999847412109,6.699999809265137,3.2098307609558105,67400
6.599999904632568,6.650000095367432,6.460000038146973,6.489999771118164,3.1092233657836914,50900
6.630000114440918,6.670000076293945,6.360000133514404,6.440000057220459,3.085272312164306,67600
6.420000076293945,6.489999771118164,5.239999771118164,5.849999904632568,2.8026154041290283,159600
6.0,6.900000095367432,5.849999904632568,6.539999961853027,3.1331770420074463,90800
6.539999961853027,6.610000133514404,5.760000228881836,6.039999961853027,2.893638849258423,53500
5.96999979019165,6.400000095367432,5.960000038146973,6.110000133514404,2.927174568176269,40200
6.010000228881836,6.099999904632568,5.889999866485596,6.079999923706055,2.9128010272979736,67200
6.0,6.050000190734863,5.880000114440918,5.940000057220459,2.8457305431365967,98700
5.940000057220459,5.940000057220459,5.880000114440918,5.900000095367432,2.8265676498413086,22400
5.920000076293945,5.949999809265137,5.150000095367432,5.269999980926514,2.524747371673584,154200
5.150000095367432,5.630000114440918,5.150000095367432,5.619999885559082,2.692423820495605,84100
5.519999980926514,6.119999885559082,5.519999980926514,6.0,2.8744750022888184,67600
5.920000076293945,6.320000171661377,5.920000076293945,6.170000076293945,2.9559195041656494,30600
6.070000171661377,6.230000019073486,6.03000020980835,6.050000190734863,2.898428678512573,84200
5.75,5.809999942779541,5.110000133514404,5.25,2.515165328979492,164400
5.349999904632568,5.389999866485596,5.179999828338623,5.179999828338623,2.481630563735962,89500
4.730000019073486,5.179999828338623,4.349999904632568,4.369999885559082,2.093577146530152,216800
4.389999866485596,4.550000190734863,4.210000038146973,4.28000020980835,2.0684444904327397,164900
3.7899999618530273,6.199999809265137,3.150000095367432,4.550000190734863,2.1989316940307617,232600
5.5,5.5,4.659999847412109,5.349999904632568,2.585557460784912,60500
5.949999809265137,5.949999809265137,5.099999904632568,5.179999828338623,2.5033986568450928,92700
4.880000114440918,4.989999771118164,4.820000171661377,4.820000171661377,2.3294174671173096,46900
4.829999923706055,5.159999847412109,4.829999923706055,5.079999923706055,2.455071449279785,39600
5.130000114440918,5.340000152587891,5.010000228881836,5.340000152587891,2.580723762512207,32500
5.380000114440918,5.590000152587891,5.360000133514404,5.409999847412109,2.6145541667938232,79200
5.460000038146973,5.460000038146973,5.320000171661377,5.409999847412109,2.6145541667938232,37900
5.179999828338623,5.449999809265137,5.070000171661377,5.449999809265137,2.6338844299316406,30400
5.489999771118164,5.679999828338623,5.480000019073486,5.659999847412109,2.7353734970092773,52900
5.539999961853027,5.539999961853027,5.369999885559082,5.46999979019165,2.6435506343841557,26100
5.489999771118164,5.559999942779541,5.179999828338623,5.349999904632568,2.585557460784912,78800
5.400000095367432,5.409999847412109,5.260000228881836,5.300000190734863,2.561392545700073,40600
5.199999809265137,5.239999771118164,5.099999904632568,5.110000133514404,2.469569683074951,76700
5.130000114440918,5.159999847412109,5.010000228881836,5.019999980926514,2.4260740280151367,131900
5.059999942779541,5.059999942779541,4.900000095367432,4.909999847412109,2.372913122177124,123800
4.909999847412109,5.139999866485596,4.909999847412109,4.960000038146973,2.3970773220062256,135200
5.099999904632568,5.119999885559082,4.960000038146973,5.0,2.4164092540740967,68000
5.070000171661377,5.409999847412109,4.980000019073486,5.269999980926514,2.546894073486328,89300
5.21999979019165,5.449999809265137,5.21999979019165,5.440000057220459,2.6290531158447266,47100
5.400000095367432,5.489999771118164,5.340000152587891,5.389999866485596,2.62321138381958,21500
5.570000171661377,5.570000171661377,5.400000095367432,5.489999771118164,2.671879768371582,77400
5.420000076293945,5.489999771118164,5.300000190734863,5.329999923706055,2.5940113067626958,74700
5.239999771118164,5.369999885559082,4.960000038146973,5.130000114440918,2.4966747760772705,70000
5.039999961853027,5.21999979019165,4.860000133514404,4.949999809265137,2.409071922302246,99600
4.989999771118164,5.119999885559082,4.949999809265137,4.989999771118164,2.4285404682159424,101400
4.909999847412109,5.0,4.71999979019165,4.860000133514404,2.365270137786865,62800
4.920000076293945,4.929999828338623,4.710000038146973,4.829999923706055,2.3506712913513184,66400
4.679999828338623,4.809999942779541,4.400000095367432,4.429999828338623,2.155998468399048,171300
4.46999979019165,4.46999979019165,4.210000038146973,4.329999923706055,2.1073310375213623,94200
4.119999885559082,4.300000190734863,4.019999980926514,4.059999942779541,1.975925087928772,81300
4.239999771118164,4.440000057220459,4.150000095367432,4.25,2.0683956146240234,88500
4.260000228881836,4.369999885559082,4.199999809265137,4.269999980926514,2.078130006790161,67900
4.329999923706055,4.510000228881836,4.28000020980835,4.46999979019165,2.1754653453826904,67900
4.610000133514404,4.610000133514404,4.46999979019165,4.579999923706055,2.229000329971313,46700
4.699999809265137,4.699999809265137,4.5,4.599999904632568,2.238734006881714,95900
4.690000057220459,4.75,4.480000019073486,4.619999885559082,2.248466968536377,119200
4.5,4.599999904632568,4.320000171661377,4.389999866485596,2.1365303993225098,32000
4.389999866485596,4.389999866485596,4.090000152587891,4.190000057220459,2.0391933917999268,64100
4.150000095367432,4.239999771118164,4.039999961853027,4.099999904632568,1.9953936338424685,55600
4.190000057220459,4.25,4.039999961853027,4.039999961853027,1.9661920070648196,75100
4.050000190734863,4.170000076293945,3.9800000190734863,3.990000009536743,1.941858530044556,57100
4.050000190734863,4.050000190734863,3.849999904632568,3.920000076293945,1.9261353015899656,47700
3.809999942779541,3.869999885559082,3.7100000381469727,3.7799999713897705,1.8573447465896609,75300
3.7100000381469727,3.799999952316284,3.4800000190734863,3.619999885559082,1.7787259817123413,120300
3.7899999618530273,3.7899999618530273,3.509999990463257,3.5999999046325684,1.7688987255096436,100000
3.5799999237060547,3.650000095367432,3.4600000381469727,3.5199999809265137,1.7295900583267212,163800
3.5299999713897705,3.809999942779541,3.5299999713897705,3.809999942779541,1.8720852136611936,101900
3.7200000286102295,3.950000047683716,3.7200000286102295,3.809999942779541,1.8720852136611936,73600
3.7699999809265137,4.53000020980835,3.7699999809265137,4.230000019073486,2.0784566402435303,163700
4.300000190734863,4.449999809265137,4.119999885559082,4.119999885559082,2.0244081020355225,111000
4.099999904632568,4.139999866485596,3.900000095367432,4.0,1.9654436111450195,90500
3.9600000381469727,4.110000133514404,3.9600000381469727,4.050000190734863,1.990011215209961,49500
4.070000171661377,4.110000133514404,4.0,4.039999961853027,1.9850976467132568,64100
4.130000114440918,4.130000114440918,3.849999904632568,3.990000009536743,1.960530161857605,128000
4.039999961853027,4.099999904632568,3.859999895095825,3.9600000381469727,1.9457889795303345,145500
4.0,4.050000190734863,3.930000066757202,4.039999961853027,1.9850976467132568,84400
3.9800000190734863,4.429999828338623,3.9800000190734863,4.329999923706055,2.127593517303467,85300
4.369999885559082,4.679999828338623,4.300000190734863,4.510000228881836,2.216038227081299,126000
4.610000133514404,4.679999828338623,4.46999979019165,4.550000190734863,2.235691547393799,93800
4.5,4.550000190734863,4.420000076293945,4.420000076293945,2.171815633773804,77300
4.409999847412109,4.579999923706055,4.409999847412109,4.53000020980835,2.2258646488189697,93000
4.610000133514404,4.849999904632568,4.590000152587891,4.659999847412109,2.289741039276123,125200
4.739999771118164,4.840000152587891,4.650000095367432,4.789999961853027,2.372969388961792,112100
4.78000020980835,4.909999847412109,4.699999809265137,4.769999980926514,2.3630616664886475,106700
4.75,4.809999942779541,4.579999923706055,4.619999885559082,2.2887508869171143,94400
4.590000152587891,4.699999809265137,4.519999980926514,4.610000133514404,2.283798217773437,73600
4.670000076293945,4.980000019073486,4.670000076293945,4.869999885559082,2.4126009941101074,64600
4.980000019073486,4.980000019073486,4.760000228881836,4.789999961853027,2.372969388961792,57600
4.760000228881836,4.96999979019165,4.690000057220459,4.800000190734863,2.377922773361206,54100
4.880000114440918,4.989999771118164,4.75,4.900000095367432,2.4274635314941406,100700
4.889999866485596,5.079999923706055,4.820000171661377,4.989999771118164,2.4720499515533447,40000
5.03000020980835,5.119999885559082,4.949999809265137,5.090000152587891,2.521590232849121,57000
5.130000114440918,5.190000057220459,4.940000057220459,5.099999904632568,2.5265438556671143,37400
5.079999923706055,5.190000057220459,5.0,5.059999942779541,2.506728410720825,74400
5.059999942779541,5.110000133514404,4.980000019073486,5.050000190734863,2.5017731189727783,38000
5.079999923706055,5.139999866485596,5.039999961853027,5.139999866485596,2.546359777450561,55600
5.179999828338623,5.349999904632568,5.070000171661377,5.260000228881836,2.6058082580566406,61200
5.210000038146973,5.389999866485596,5.210000038146973,5.369999885559082,2.660300970077514,35700
5.369999885559082,5.489999771118164,5.320000171661377,5.409999847412109,2.680116891860962,44600
5.409999847412109,5.46999979019165,5.309999942779541,5.400000095367432,2.675163984298706,19300
5.440000057220459,5.590000152587891,5.400000095367432,5.510000228881836,2.729658365249634,56200
5.539999961853027,5.599999904632568,5.460000038146973,5.550000190734863,2.769578456878662,38900
5.619999885559082,5.630000114440918,5.409999847412109,5.440000057220459,2.7146875858306885,57500
5.449999809265137,5.449999809265137,5.079999923706055,5.300000190734863,2.6448233127593994,56600
5.300000190734863,5.389999866485596,5.190000057220459,5.190000057220459,2.589930772781372,35800
5.230000019073486,5.25,5.099999904632568,5.170000076293945,2.5799520015716557,71900
5.03000020980835,5.150000095367432,4.880000114440918,5.150000095367432,2.56997013092041,113500
5.119999885559082,5.159999847412109,4.960000038146973,5.010000228881836,2.500107526779175,97900
5.010000228881836,5.099999904632568,4.989999771118164,5.039999961853027,2.51507830619812,116100
5.070000171661377,5.170000076293945,4.679999828338623,4.789999961853027,2.390321731567383,128100
4.829999923706055,4.840000152587891,4.380000114440918,4.440000057220459,2.2156646251678467,130500
4.5,4.889999866485596,4.440000057220459,4.699999809265137,2.345410108566284,99100
4.699999809265137,4.909999847412109,4.699999809265137,4.840000152587891,2.4152748584747314,31400
4.849999904632568,5.159999847412109,4.849999904632568,5.03000020980835,2.510087251663208,64700
5.079999923706055,5.130000114440918,5.03000020980835,5.059999942779541,2.5250585079193115,35900
5.110000133514404,5.110000133514404,4.760000228881836,4.889999866485596,2.440223932266236,68700
4.940000057220459,4.980000019073486,4.75,4.920000076293945,2.4551944732666016,43200
4.900000095367432,4.96999979019165,4.789999961853027,4.889999866485596,2.440223932266236,69800
4.849999904632568,4.869999885559082,4.570000171661377,4.650000095367432,2.3204591274261475,82900
4.630000114440918,4.699999809265137,4.599999904632568,4.699999809265137,2.345410108566284,40800
4.590000152587891,4.630000114440918,4.5,4.53000020980835,2.2804691791534424,64800
4.590000152587891,4.630000114440918,4.5,4.610000133514404,2.320743560791016,61700
4.659999847412109,4.679999828338623,4.559999942779541,4.570000171661377,2.300605773925781,56700
4.539999961853027,4.679999828338623,4.53000020980835,4.639999866485596,2.335844755172729,35100
4.650000095367432,4.829999923706055,4.639999866485596,4.71999979019165,2.3761191368103027,37100
4.710000038146973,4.889999866485596,4.670000076293945,4.829999923706055,2.4314932823181152,60700
4.920000076293945,4.940000057220459,4.769999980926514,4.869999885559082,2.451629638671875,63100
4.900000095367432,4.96999979019165,4.800000190734863,4.949999809265137,2.4919028282165527,27700
4.920000076293945,5.019999980926514,4.829999923706055,4.889999866485596,2.4616987705230717,45600
4.929999828338623,4.960000038146973,4.900000095367432,4.920000076293945,2.4768011569976807,34100
4.909999847412109,5.019999980926514,4.900000095367432,5.019999980926514,2.527143239974976,66700
4.909999847412109,5.079999923706055,4.909999847412109,5.079999923706055,2.557347059249878,67600
5.019999980926514,5.139999866485596,5.019999980926514,5.079999923706055,2.557347059249878,41000
5.150000095367432,5.289999961853027,5.099999904632568,5.230000019073486,2.6328604221343994,36400
5.239999771118164,5.269999980926514,5.199999809265137,5.210000038146973,2.6227917671203613,44700
5.230000019073486,5.230000019073486,5.059999942779541,5.130000114440918,2.5825178623199463,78200
5.230000019073486,5.230000019073486,5.099999904632568,5.170000076293945,2.602654457092285,55800
5.190000057220459,5.409999847412109,5.099999904632568,5.300000190734863,2.668097734451294,58600
5.349999904632568,5.349999904632568,5.210000038146973,5.289999961853027,2.6630640029907227,55700
5.329999923706055,5.329999923706055,5.150000095367432,5.199999809265137,2.6177570819854736,51600
5.239999771118164,5.239999771118164,4.829999923706055,5.03000020980835,2.5321762561798096,169900
5.050000190734863,5.119999885559082,5.050000190734863,5.119999885559082,2.5774834156036377,34200
5.239999771118164,5.239999771118164,5.070000171661377,5.079999923706055,2.557347059249878,78000
5.170000076293945,5.230000019073486,5.130000114440918,5.190000057220459,2.6127216815948486,45800
5.130000114440918,5.130000114440918,5.03000020980835,5.119999885559082,2.5980074405670166,39200
5.130000114440918,5.130000114440918,5.050000190734863,5.119999885559082,2.5980074405670166,29300
5.119999885559082,5.170000076293945,5.059999942779541,5.150000095367432,2.613229751586914,41800
5.150000095367432,5.230000019073486,5.099999904632568,5.21999979019165,2.648750066757202,73700
5.21999979019165,5.25,5.170000076293945,5.179999828338623,2.6284515857696533,33300
5.050000190734863,5.170000076293945,5.050000190734863,5.130000114440918,2.603081464767456,67300
5.039999961853027,5.179999828338623,5.039999961853027,5.110000133514404,2.592933893203736,56400
5.119999885559082,5.260000228881836,5.119999885559082,5.239999771118164,2.6588988304138184,57200
5.25,5.340000152587891,5.230000019073486,5.340000152587891,2.709641695022583,39700
5.300000190734863,5.300000190734863,5.230000019073486,5.25,2.663973569869995,47600
5.239999771118164,5.289999961853027,5.159999847412109,5.269999980926514,2.674121618270874,70900
5.300000190734863,5.400000095367432,5.230000019073486,5.349999904632568,2.7147138118743896,55200
5.349999904632568,5.369999885559082,5.320000171661377,5.369999885559082,2.7248635292053223,44500
5.429999828338623,5.5,5.360000133514404,5.460000038146973,2.770531415939331,63100
5.460000038146973,5.5,5.429999828338623,5.5,2.790830135345459,70500
5.510000228881836,5.539999961853027,5.449999809265137,5.46999979019165,2.775606155395508,86400
5.46999979019165,5.489999771118164,5.440000057220459,5.449999809265137,2.765456438064575,74700
5.46999979019165,5.519999980926514,5.420000076293945,5.519999980926514,2.800978422164917,46800
5.559999942779541,5.599999904632568,5.46999979019165,5.570000171661377,2.8263487815856934,43900
5.579999923706055,5.679999828338623,5.550000190734863,5.639999866485596,2.861868143081665,48600
5.570000171661377,5.599999904632568,5.429999828338623,5.46999979019165,2.7964301109313965,59300
5.5,5.550000190734863,5.480000019073486,5.550000190734863,2.8373284339904785,33300
5.539999961853027,5.579999923706055,5.480000019073486,5.53000020980835,2.8271052837371826,43200
5.489999771118164,5.599999904632568,5.449999809265137,5.579999923706055,2.852665424346924,50000
5.599999904632568,5.679999828338623,5.53000020980835,5.679999828338623,2.9037888050079346,58600
5.650000095367432,5.650000095367432,5.519999980926514,5.590000152587891,2.857778310775757,80700
5.599999904632568,5.599999904632568,5.550000190734863,5.559999942779541,2.842440605163574,38800
5.599999904632568,5.610000133514404,5.559999942779541,5.599999904632568,2.8628904819488525,56700
5.610000133514404,5.659999847412109,5.579999923706055,5.610000133514404,2.8680031299591064,67100
5.590000152587891,5.670000076293945,5.590000152587891,5.650000095367432,2.8884530067443848,56800
5.670000076293945,5.699999809265137,5.650000095367432,5.679999828338623,2.9037888050079346,53100
5.690000057220459,5.699999809265137,5.630000114440918,5.639999866485596,2.8833398818969727,64900
5.610000133514404,5.690000057220459,5.610000133514404,5.630000114440918,2.8782267570495605,68300
5.679999828338623,5.690000057220459,5.590000152587891,5.630000114440918,2.8782267570495605,116200
5.610000133514404,5.71999979019165,5.579999923706055,5.659999847412109,2.893563747406006,96200
5.679999828338623,5.769999980926514,5.659999847412109,5.75,2.939575672149658,66100
5.769999980926514,5.78000020980835,5.71999979019165,5.75,2.939575672149658,62800
5.769999980926514,5.809999942779541,5.75,5.760000228881836,2.944688081741333,66500
5.849999904632568,5.869999885559082,5.789999961853027,5.860000133514404,2.995810031890869,54300
5.869999885559082,5.880000114440918,5.78000020980835,5.869999885559082,3.0009219646453857,41600
5.849999904632568,5.900000095367432,5.840000152587891,5.869999885559082,3.0009219646453857,49200
5.849999904632568,5.869999885559082,5.789999961853027,5.789999961853027,2.9813549518585205,20500
5.75,5.869999885559082,5.739999771118164,5.809999942779541,2.9916532039642334,41800
5.820000171661377,5.889999866485596,5.71999979019165,5.760000228881836,2.965909957885742,86200
5.71999979019165,5.71999979019165,5.599999904632568,5.630000114440918,2.898968458175659,69500
5.619999885559082,5.670000076293945,5.610000133514404,5.639999866485596,2.904118537902832,32300
5.690000057220459,5.760000228881836,5.619999885559082,5.699999809265137,2.9350125789642334,55300
5.699999809265137,5.699999809265137,5.639999866485596,5.679999828338623,2.9247143268585205,35600
5.739999771118164,5.739999771118164,5.659999847412109,5.670000076293945,2.919565439224243,24800
5.619999885559082,5.670000076293945,5.590000152587891,5.619999885559082,2.893819808959961,48200
5.630000114440918,5.679999828338623,5.619999885559082,5.650000095367432,2.909268617630005,36300
5.639999866485596,5.769999980926514,5.639999866485596,5.679999828338623,2.9247143268585205,63100
5.699999809265137,5.71999979019165,5.630000114440918,5.670000076293945,2.919565439224243,25200
5.650000095367432,5.730000019073486,5.650000095367432,5.670000076293945,2.919565439224243,40800
5.670000076293945,5.71999979019165,5.659999847412109,5.679999828338623,2.9247143268585205,27400
5.75,5.769999980926514,5.670000076293945,5.679999828338623,2.9247143268585205,33800
5.71999979019165,5.75,5.659999847412109,5.739999771118164,2.95561146736145,66600
5.739999771118164,5.75,5.679999828338623,5.739999771118164,2.95561146736145,47600
5.679999828338623,5.739999771118164,5.679999828338623,5.71999979019165,2.9453125,43400
5.71999979019165,5.75,5.679999828338623,5.699999809265137,2.9350125789642334,33200
5.739999771118164,5.75,5.670000076293945,5.699999809265137,2.9350125789642334,29900
5.739999771118164,5.820000171661377,5.679999828338623,5.820000171661377,2.996803998947144,30800
5.829999923706055,5.860000133514404,5.760000228881836,5.849999904632568,3.0122501850128174,37000
5.820000171661377,5.840000152587891,5.730000019073486,5.739999771118164,2.9769842624664307,35100
5.75,5.820000171661377,5.75,5.809999942779541,3.01328706741333,22900
5.809999942779541,5.940000057220459,5.769999980926514,5.820000171661377,3.018475294113159,60900
5.800000190734863,5.980000019073486,5.789999961853027,5.900000095367432,3.059966802597046,36700
5.900000095367432,5.900000095367432,5.820000171661377,5.829999923706055,3.02366042137146,25000
5.889999866485596,5.889999866485596,5.829999923706055,5.880000114440918,3.049592971801758,28900
5.889999866485596,5.929999828338623,5.860000133514404,5.920000076293945,3.070335865020752,27400
5.869999885559082,5.929999828338623,5.849999904632568,5.869999885559082,3.044405221939087,46000
5.869999885559082,5.989999771118164,5.849999904632568,5.989999771118164,3.1066415309906006,37200
5.96999979019165,5.96999979019165,5.889999866485596,5.929999828338623,3.075522899627685,51400
5.949999809265137,6.059999942779541,5.940000057220459,6.050000190734863,3.137760877609253,113200
6.050000190734863,6.130000114440918,5.989999771118164,6.059999942779541,3.14294695854187,45500
6.099999904632568,6.369999885559082,6.059999942779541,6.25,3.241488456726074,57000
6.409999847412109,6.46999979019165,6.119999885559082,6.230000019073486,3.2311160564422607,129600
6.119999885559082,6.239999771118164,6.119999885559082,6.159999847412109,3.194812059402466,76400
6.190000057220459,6.389999866485596,6.159999847412109,6.28000020980835,3.2570481300354004,63500
6.28000020980835,6.420000076293945,6.210000038146973,6.21999979019165,3.2259280681610107,50700
6.269999980926514,6.329999923706055,6.210000038146973,6.269999980926514,3.251861572265625,41500
6.300000190734863,6.329999923706055,6.230000019073486,6.289999961853027,3.262234926223755,62400
6.360000133514404,6.369999885559082,6.070000171661377,6.150000095367432,3.189624786376953,107500
6.150000095367432,6.230000019073486,6.039999961853027,6.079999923706055,3.175004720687866,56700
6.079999923706055,6.150000095367432,6.050000190734863,6.099999904632568,3.185446262359619,30500
6.110000133514404,6.190000057220459,6.090000152587891,6.099999904632568,3.185446262359619,39300
6.130000114440918,6.139999866485596,5.949999809265137,6.099999904632568,3.185446262359619,78100
6.099999904632568,6.159999847412109,5.96999979019165,6.03000020980835,3.148893117904663,116800
6.050000190734863,6.090000152587891,6.0,6.039999961853027,3.1541147232055664,76900
6.050000190734863,6.21999979019165,6.03000020980835,6.099999904632568,3.185446262359619,51700
6.119999885559082,6.159999847412109,6.050000190734863,6.130000114440918,3.2011148929595947,61400
6.119999885559082,6.159999847412109,6.090000152587891,6.099999904632568,3.185446262359619,48700
6.119999885559082,6.210000038146973,6.110000133514404,6.210000038146973,3.2428903579711914,58900
6.210000038146973,6.320000171661377,6.199999809265137,6.269999980926514,3.274223566055298,117600
6.349999904632568,6.400000095367432,6.269999980926514,6.28000020980835,3.279444456100464,83700
6.28000020980835,6.329999923706055,6.25,6.260000228881836,3.2690017223358154,50600
6.25,6.309999942779541,6.25,6.300000190734863,3.2898876667022705,68100
6.28000020980835,6.309999942779541,6.260000228881836,6.300000190734863,3.2898876667022705,32100
6.340000152587891,6.429999828338623,6.309999942779541,6.400000095367432,3.3421080112457275,85900
6.400000095367432,6.550000190734863,6.380000114440918,6.550000190734863,3.420440196990967,105500
6.550000190734863,6.590000152587891,6.510000228881836,6.559999942779541,3.4256625175476074,38200
6.579999923706055,6.659999847412109,6.550000190734863,6.610000133514404,3.4517714977264404,50600
6.650000095367432,6.760000228881836,6.579999923706055,6.619999885559082,3.45699405670166,123400
6.230000019073486,6.71999979019165,6.21999979019165,6.639999866485596,3.4674384593963623,55700
6.610000133514404,6.670000076293945,6.579999923706055,6.650000095367432,3.472659111022949,57700
6.599999904632568,6.639999866485596,6.5,6.519999980926514,3.426412582397461,102800
6.550000190734863,6.630000114440918,6.519999980926514,6.610000133514404,3.473710536956787,94000
6.590000152587891,6.619999885559082,6.519999980926514,6.619999885559082,3.478966474533081,46500
6.590000152587891,6.639999866485596,6.590000152587891,6.630000114440918,3.484222888946533,47100
6.619999885559082,6.679999828338623,6.619999885559082,6.679999828338623,3.5104966163635254,57000
6.71999979019165,6.75,6.699999809265137,6.75,3.5472843647003174,52500
6.739999771118164,6.75,6.699999809265137,6.75,3.5472843647003174,74500
6.75,6.78000020980835,6.610000133514404,6.690000057220459,3.515754222869873,123800
6.75,6.800000190734863,6.630000114440918,6.670000076293945,3.505241632461548,161800
6.670000076293945,6.679999828338623,6.590000152587891,6.590000152587891,3.4632010459899902,138000
6.610000133514404,6.619999885559082,6.449999809265137,6.480000019073486,3.4053940773010254,215700
6.53000020980835,6.559999942779541,6.449999809265137,6.53000020980835,3.431668519973755,72900
6.630000114440918,6.630000114440918,6.440000057220459,6.590000152587891,3.4632010459899902,50200
6.630000114440918,6.679999828338623,6.610000133514404,6.639999866485596,3.489477157592773,103000
6.809999942779541,6.809999942779541,6.610000133514404,6.630000114440918,3.484222888946533,125000
6.659999847412109,6.679999828338623,6.599999904632568,6.639999866485596,3.489477157592773,76300
6.619999885559082,6.71999979019165,6.570000171661377,6.71999979019165,3.531517505645752,71200
6.730000019073486,6.860000133514404,6.690000057220459,6.860000133514404,3.60509181022644,87700
6.960000038146973,7.019999980926514,6.889999866485596,6.949999809265137,3.652388334274292,100400
6.980000019073486,7.019999980926514,6.880000114440918,6.889999866485596,3.620856285095215,77100
6.96999979019165,6.96999979019165,6.820000171661377,6.840000152587891,3.594581127166748,104900
6.809999942779541,6.840000152587891,6.639999866485596,6.650000095367432,3.4947309494018555,110400
6.550000190734863,6.570000171661377,6.25,6.369999885559082,3.3475842475891118,309300
6.369999885559082,6.590000152587891,6.329999923706055,6.579999923706055,3.4808967113494877,75400
6.579999923706055,6.599999904632568,6.289999961853027,6.440000057220459,3.4068350791931152,112400
6.5,6.5,6.300000190734863,6.429999828338623,3.401543378829956,100000
6.429999828338623,6.550000190734863,6.400000095367432,6.53000020980835,3.4544453620910645,67000
6.46999979019165,6.539999961853027,6.440000057220459,6.510000228881836,3.443866491317749,64000
6.5,6.550000190734863,6.46999979019165,6.550000190734863,3.465027093887329,47500
6.550000190734863,6.590000152587891,6.519999980926514,6.579999923706055,3.4808967113494877,49100
6.579999923706055,6.610000133514404,6.550000190734863,6.610000133514404,3.496765613555908,21500
6.599999904632568,6.599999904632568,6.550000190734863,6.550000190734863,3.465027093887329,30500
6.539999961853027,6.539999961853027,6.489999771118164,6.53000020980835,3.4544453620910645,50100
6.53000020980835,6.619999885559082,6.519999980926514,6.579999923706055,3.4808967113494877,55000
6.53000020980835,6.590000152587891,6.53000020980835,6.539999961853027,3.4597346782684326,61000
6.53000020980835,6.53000020980835,6.460000038146973,6.5,3.438575506210327,45700
6.489999771118164,6.670000076293945,6.429999828338623,6.440000057220459,3.4068350791931152,83000
6.429999828338623,6.570000171661377,6.429999828338623,6.559999942779541,3.470315456390381,91000
6.550000190734863,6.550000190734863,6.46999979019165,6.510000228881836,3.443866491317749,21100
6.550000190734863,6.599999904632568,6.539999961853027,6.579999923706055,3.4808967113494877,47000
6.579999923706055,6.630000114440918,6.579999923706055,6.630000114440918,3.5073471069335938,57700
6.639999866485596,6.639999866485596,6.570000171661377,6.619999885559082,3.502056837081909,31900
6.590000152587891,6.659999847412109,6.579999923706055,6.630000114440918,3.5073471069335938,89400
6.610000133514404,6.650000095367432,6.579999923706055,6.650000095367432,3.5403547286987305,33700
6.650000095367432,6.650000095367432,6.590000152587891,6.590000152587891,3.5084118843078613,61500
6.579999923706055,6.579999923706055,6.489999771118164,6.489999771118164,3.455172061920166,37800
6.489999771118164,6.550000190734863,6.440000057220459,6.480000019073486,3.44985032081604,37300
6.449999809265137,6.5,6.449999809265137,6.489999771118164,3.455172061920166,45900
6.510000228881836,6.510000228881836,6.420000076293945,6.449999809265137,3.433875560760498,44100
6.449999809265137,6.46999979019165,6.369999885559082,6.440000057220459,3.428554058074951,66700
6.380000114440918,6.380000114440918,6.309999942779541,6.380000114440918,3.396610975265503,98100
6.389999866485596,6.389999866485596,6.340000152587891,6.360000133514404,3.3859634399414062,36000
6.389999866485596,6.400000095367432,6.309999942779541,6.400000095367432,3.4072587490081787,55900
6.409999847412109,6.449999809265137,6.380000114440918,6.449999809265137,3.433875560760498,35700
6.420000076293945,6.5,6.420000076293945,6.5,3.4604971408843994,35600
6.460000038146973,6.539999961853027,6.440000057220459,6.5,3.4604971408843994,40400
6.659999847412109,6.679999828338623,6.550000190734863,6.670000076293945,3.551002264022827,78800
6.679999828338623,6.679999828338623,6.579999923706055,6.630000114440918,3.5297069549560547,74100
6.650000095367432,6.679999828338623,6.550000190734863,6.679999828338623,3.556328058242798,39300
6.679999828338623,6.739999771118164,6.619999885559082,6.670000076293945,3.551002264022827,43600
6.670000076293945,6.699999809265137,6.659999847412109,6.699999809265137,3.5669729709625244,32900
6.679999828338623,6.679999828338623,6.639999866485596,6.679999828338623,3.556328058242798,57800
6.619999885559082,6.699999809265137,6.599999904632568,6.610000133514404,3.5190589427948,76200
6.610000133514404,6.679999828338623,6.550000190734863,6.550000190734863,3.5094165802001958,76200
6.559999942779541,6.570000171661377,6.5,6.510000228881836,3.487985372543335,55100
6.53000020980835,6.539999961853027,6.46999979019165,6.46999979019165,3.4665513038635254,59100
6.480000019073486,6.539999961853027,6.460000038146973,6.460000038146973,3.461193561553955,89000
6.460000038146973,6.5,6.389999866485596,6.389999866485596,3.423687696456909,79200
6.409999847412109,6.480000019073486,6.409999847412109,6.46999979019165,3.4665513038635254,57800
6.440000057220459,6.519999980926514,6.409999847412109,6.440000057220459,3.450477600097656,53600
6.409999847412109,6.519999980926514,6.380000114440918,6.400000095367432,3.429046154022217,100700
6.400000095367432,6.440000057220459,6.389999866485596,6.409999847412109,3.4344048500061035,49300
6.389999866485596,6.440000057220459,6.389999866485596,6.409999847412109,3.4344048500061035,48000
6.440000057220459,6.480000019073486,6.400000095367432,6.480000019073486,3.471909284591675,32100
6.5,6.559999942779541,6.449999809265137,6.559999942779541,3.514772891998291,57900
6.590000152587891,6.650000095367432,6.590000152587891,6.639999866485596,3.557634830474853,75100
6.610000133514404,7.239999771118164,6.610000133514404,7.039999961853027,3.7719531059265137,266100
7.0,7.0,6.739999771118164,6.78000020980835,3.632645845413208,76200
6.949999809265137,6.949999809265137,6.78000020980835,6.78000020980835,3.632645845413208,62600
6.860000133514404,6.940000057220459,6.78000020980835,6.849999904632568,3.670153141021729,91800
6.880000114440918,6.96999979019165,6.869999885559082,6.949999809265137,3.723730564117432,111300
6.909999847412109,6.949999809265137,6.900000095367432,6.929999828338623,3.713016033172608,48500
6.929999828338623,6.989999771118164,6.909999847412109,6.96999979019165,3.7344465255737305,69200
6.980000019073486,6.980000019073486,6.880000114440918,6.929999828338623,3.713016033172608,58100
6.880000114440918,6.96999979019165,6.880000114440918,6.940000057220459,3.718374729156494,43400
6.869999885559082,6.949999809265137,6.829999923706055,6.869999885559082,3.7032790184021,40400
6.840000152587891,7.0,6.840000152587891,6.940000057220459,3.7410154342651367,48200
6.909999847412109,6.960000038146973,6.900000095367432,6.949999809265137,3.746402502059937,39800
6.869999885559082,7.0,6.869999885559082,6.960000038146973,3.7517926692962646,56100
6.960000038146973,6.96999979019165,6.929999828338623,6.929999828338623,3.7356224060058594,20400
6.949999809265137,6.949999809265137,6.929999828338623,6.929999828338623,3.7356224060058594,29800
6.929999828338623,7.019999980926514,6.880000114440918,6.880000114440918,3.708671808242798,53500
6.880000114440918,6.900000095367432,6.840000152587891,6.840000152587891,3.687105655670166,39100
6.900000095367432,6.900000095367432,6.840000152587891,6.869999885559082,3.7032790184021,79300
6.889999866485596,6.960000038146973,6.889999866485596,6.960000038146973,3.7517926692962646,41400
7.0,7.03000020980835,6.920000076293945,6.980000019073486,3.7625732421875,43200
6.960000038146973,7.010000228881836,6.929999828338623,6.929999828338623,3.7356224060058594,28800
7.010000228881836,7.050000190734863,6.829999923706055,6.840000152587891,3.687105655670166,71400
6.900000095367432,6.949999809265137,6.849999904632568,6.869999885559082,3.7032790184021,62500
6.869999885559082,6.949999809265137,6.860000133514404,6.929999828338623,3.7356224060058594,48400
6.940000057220459,7.0,6.929999828338623,7.0,3.773355007171631,24400
6.949999809265137,6.989999771118164,6.869999885559082,6.869999885559082,3.7032790184021,45400
6.880000114440918,6.989999771118164,6.840000152587891,6.900000095367432,3.719449043273926,88300
6.96999979019165,6.96999979019165,6.78000020980835,6.800000190734863,3.665545701980591,116200
6.800000190734863,6.800000190734863,6.650000095367432,6.699999809265137,3.634084224700928,179200
6.670000076293945,6.679999828338623,6.539999961853027,6.570000171661377,3.563574314117432,77000
6.570000171661377,6.639999866485596,6.570000171661377,6.590000152587891,3.5744218826293945,67900
6.590000152587891,6.639999866485596,6.590000152587891,6.599999904632568,3.5798463821411133,55800
6.650000095367432,6.650000095367432,6.599999904632568,6.599999904632568,3.5798463821411133,94800
6.610000133514404,6.639999866485596,6.579999923706055,6.599999904632568,3.5798463821411133,78000
6.610000133514404,6.619999885559082,6.579999923706055,6.619999885559082,3.5906927585601807,56200
6.630000114440918,6.639999866485596,6.489999771118164,6.559999942779541,3.5581533908843994,111700
6.53000020980835,6.570000171661377,6.449999809265137,6.519999980926514,3.5364537239074707,54600
6.539999961853027,6.650000095367432,6.510000228881836,6.650000095367432,3.606964588165283,55900
6.650000095367432,6.699999809265137,6.610000133514404,6.699999809265137,3.634084224700928,75400
6.639999866485596,6.670000076293945,6.619999885559082,6.630000114440918,3.596116781234741,43200
6.659999847412109,6.71999979019165,6.590000152587891,6.650000095367432,3.606964588165283,64300
6.71999979019165,6.71999979019165,6.670000076293945,6.699999809265137,3.634084224700928,76700
6.71999979019165,6.800000190734863,6.71999979019165,6.789999961853027,3.682900667190552,115500
6.800000190734863,6.800000190734863,6.71999979019165,6.739999771118164,3.655782699584961,146600
6.75,6.789999961853027,6.75,6.75,3.661207437515259,60600
6.789999961853027,6.789999961853027,6.659999847412109,6.690000057220459,3.6286637783050537,163500
6.71999979019165,6.71999979019165,6.659999847412109,6.690000057220459,3.6286637783050537,45300
6.650000095367432,6.670000076293945,6.599999904632568,6.659999847412109,3.635211706161499,32600
6.639999866485596,6.699999809265137,6.639999866485596,6.690000057220459,3.651588201522827,17900
6.690000057220459,6.699999809265137,6.639999866485596,6.659999847412109,3.635211706161499,62400
6.670000076293945,6.679999828338623,6.579999923706055,6.619999885559082,3.613378763198853,96000
6.599999904632568,6.639999866485596,6.550000190734863,6.590000152587891,3.597003698348999,95300
6.630000114440918,6.630000114440918,6.579999923706055,6.579999923706055,3.5915470123291016,92800
6.590000152587891,6.670000076293945,6.590000152587891,6.670000076293945,3.64067006111145,41500
6.670000076293945,6.699999809265137,6.659999847412109,6.679999828338623,3.646129846572876,40300
6.679999828338623,6.710000038146973,6.679999828338623,6.679999828338623,3.646129846572876,36900
6.679999828338623,6.75,6.679999828338623,6.75,3.684337854385376,63900
6.75,6.78000020980835,6.730000019073486,6.760000228881836,3.689793825149536,52800
6.75,6.789999961853027,6.71999979019165,6.789999961853027,3.706168413162232,47700
6.78000020980835,6.820000171661377,6.769999980926514,6.820000171661377,3.722543001174927,105700
6.78000020980835,6.829999923706055,6.769999980926514,6.769999980926514,3.695253610610962,69700
6.75,6.800000190734863,6.71999979019165,6.78000020980835,3.700711965560913,61600
6.809999942779541,6.829999923706055,6.760000228881836,6.789999961853027,3.706168413162232,50900
6.820000171661377,6.860000133514404,6.800000190734863,6.840000152587891,3.73345947265625,75300
6.880000114440918,6.889999866485596,6.809999942779541,6.840000152587891,3.73345947265625,46400
6.820000171661377,6.880000114440918,6.820000171661377,6.880000114440918,3.755295753479004,41600
6.880000114440918,6.96999979019165,6.860000133514404,6.920000076293945,3.777131319046021,49000
6.940000057220459,7.0,6.900000095367432,6.960000038146973,3.798959970474243,72200
6.980000019073486,7.0,6.960000038146973,7.0,3.820794343948364,43800
6.96999979019165,7.019999980926514,6.96999979019165,6.96999979019165,3.8044183254241934,67600
6.920000076293945,6.989999771118164,6.909999847412109,6.96999979019165,3.82748293876648,73600
6.949999809265137,7.0,6.920000076293945,7.0,3.843957901000977,35200
7.010000228881836,7.03000020980835,6.949999809265137,6.960000038146973,3.8219895362854,33900
6.960000038146973,6.960000038146973,6.820000171661377,6.849999904632568,3.76158595085144,125500
6.880000114440918,6.909999847412109,6.869999885559082,6.909999847412109,3.794532299041748,49900
6.880000114440918,6.889999866485596,6.699999809265137,6.829999923706055,3.7506046295166016,174200
6.829999923706055,6.869999885559082,6.809999942779541,6.840000152587891,3.756093740463257,53800
6.820000171661377,6.869999885559082,6.809999942779541,6.849999904632568,3.76158595085144,33100
6.809999942779541,6.889999866485596,6.789999961853027,6.889999866485596,3.783552408218384,74000
6.860000133514404,6.909999847412109,6.860000133514404,6.909999847412109,3.794532299041748,52200
6.900000095367432,6.909999847412109,6.869999885559082,6.909999847412109,3.794532299041748,56500
6.900000095367432,6.940000057220459,6.880000114440918,6.920000076293945,3.80002760887146,79500
6.889999866485596,6.980000019073486,6.889999866485596,6.96999979019165,3.82748293876648,65100
6.949999809265137,6.96999979019165,6.929999828338623,6.960000038146973,3.8219895362854,49300
6.980000019073486,6.980000019073486,6.860000133514404,6.889999866485596,3.783552408218384,71100
6.929999828338623,6.960000038146973,6.900000095367432,6.949999809265137,3.8164994716644287,39600
6.960000038146973,6.980000019073486,6.929999828338623,6.980000019073486,3.832974433898926,60200
6.980000019073486,7.0,6.96999979019165,7.0,3.843957901000977,28000
6.989999771118164,6.989999771118164,2.740000009536743,6.650000095367432,3.651757717132568,184600
6.710000038146973,6.800000190734863,6.670000076293945,6.75,3.706671953201294,98600
6.869999885559082,6.900000095367432,6.809999942779541,6.840000152587891,3.756093740463257,90500
6.699999809265137,6.889999866485596,6.699999809265137,6.880000114440918,3.801403045654297,60500
6.889999866485596,6.949999809265137,6.849999904632568,6.949999809265137,3.840079307556152,34100
6.929999828338623,6.960000038146973,6.900000095367432,6.960000038146973,3.8456027507781982,24200
6.889999866485596,6.920000076293945,6.659999847412109,6.78000020980835,3.746150255203247,124700
6.78000020980835,6.800000190734863,6.71999979019165,6.769999980926514,3.740624666213989,66800
6.789999961853027,6.820000171661377,6.730000019073486,6.760000228881836,3.735097169876098,65900
6.75,6.800000190734863,6.679999828338623,6.710000038146973,3.7074713706970215,62100
6.670000076293945,6.699999809265137,6.510000228881836,6.599999904632568,3.646694421768189,74600
6.429999828338623,6.670000076293945,6.380000114440918,6.630000114440918,3.66326904296875,96800
6.550000190734863,6.71999979019165,6.550000190734863,6.71999979019165,3.7129971981048575,36000
6.650000095367432,6.690000057220459,6.449999809265137,6.679999828338623,3.690894842147827,93900
6.739999771118164,6.829999923706055,6.579999923706055,6.75,3.729574680328369,45400
6.78000020980835,6.849999904632568,6.75,6.840000152587891,3.779299020767212,47800
6.900000095367432,6.900000095367432,6.820000171661377,6.840000152587891,3.779299020767212,47800
6.849999904632568,6.849999904632568,6.789999961853027,6.809999942779541,3.7627248764038086,63500
6.809999942779541,6.900000095367432,6.78000020980835,6.880000114440918,3.801403045654297,44900
6.889999866485596,6.929999828338623,6.869999885559082,6.909999847412109,3.817976951599121,39200
6.869999885559082,6.920000076293945,6.860000133514404,6.909999847412109,3.817976951599121,27200
6.909999847412109,6.929999828338623,6.900000095367432,6.929999828338623,3.829029321670532,31300
6.900000095367432,6.909999847412109,6.820000171661377,6.880000114440918,3.824582815170288,66200
6.860000133514404,6.909999847412109,6.849999904632568,6.860000133514404,3.813465118408203,30500
6.909999847412109,6.940000057220459,6.809999942779541,6.820000171661377,3.791225671768189,62300
6.860000133514404,6.880000114440918,6.809999942779541,6.849999904632568,3.80790638923645,45800
6.900000095367432,6.949999809265137,6.849999904632568,6.889999866485596,3.830141305923462,61700
6.900000095367432,6.929999828338623,6.869999885559082,6.880000114440918,3.824582815170288,30100
6.880000114440918,6.889999866485596,6.829999923706055,6.829999923706055,3.796788454055786,54700
6.849999904632568,6.869999885559082,6.840000152587891,6.849999904632568,3.80790638923645,26900
6.860000133514404,6.940000057220459,6.860000133514404,6.940000057220459,3.857935905456543,55900
6.909999847412109,6.929999828338623,6.849999904632568,6.880000114440918,3.824582815170288,88700
6.860000133514404,6.869999885559082,6.820000171661377,6.829999923706055,3.796788454055786,53000
6.829999923706055,6.849999904632568,6.800000190734863,6.809999942779541,3.785668611526489,56100
6.809999942779541,6.860000133514404,6.789999961853027,6.809999942779541,3.785668611526489,82200
6.800000190734863,6.900000095367432,6.789999961853027,6.880000114440918,3.824582815170288,52400
6.900000095367432,6.940000057220459,6.869999885559082,6.940000057220459,3.857935905456543,55900
6.929999828338623,6.940000057220459,6.880000114440918,6.940000057220459,3.857935905456543,63600
6.929999828338623,6.949999809265137,6.909999847412109,6.949999809265137,3.863493919372559,49500
6.940000057220459,6.960000038146973,6.929999828338623,6.960000038146973,3.869051456451416,65700
6.960000038146973,7.0,6.929999828338623,6.989999771118164,3.8857269287109375,53000
7.0,7.0,6.960000038146973,7.0,3.891288280487061,56700
7.0,7.010000228881836,6.949999809265137,7.010000228881836,3.8968491554260254,54000
7.010000228881836,7.050000190734863,7.0,7.010000228881836,3.8968491554260254,47700
7.019999980926514,7.059999942779541,7.010000228881836,7.059999942779541,3.9246435165405273,42000
7.039999961853027,7.039999961853027,6.880000114440918,6.940000057220459,3.881023406982422,63600
6.989999771118164,6.989999771118164,6.940000057220459,6.960000038146973,3.8922061920166016,28900
6.949999809265137,6.960000038146973,6.920000076293945,6.940000057220459,3.881023406982422,36000
6.949999809265137,7.079999923706055,6.909999847412109,7.079999923706055,3.959317445755005,93900
7.070000171661377,7.070000171661377,6.980000019073486,7.019999980926514,3.925761222839356,73500
7.010000228881836,7.050000190734863,7.010000228881836,7.050000190734863,3.942539691925049,26500
7.039999961853027,7.079999923706055,7.03000020980835,7.079999923706055,3.959317445755005,49700
7.059999942779541,7.110000133514404,7.059999942779541,7.070000171661377,3.953724145889282,42300
7.119999885559082,7.119999885559082,7.070000171661377,7.119999885559082,3.9816854000091553,40600
7.079999923706055,7.139999866485596,7.070000171661377,7.139999866485596,3.992868185043335,41700
7.130000114440918,7.170000076293945,7.119999885559082,7.130000114440918,3.9872775077819824,51900
7.130000114440918,7.170000076293945,7.070000171661377,7.070000171661377,3.953724145889282,76900
7.059999942779541,7.130000114440918,7.059999942779541,7.090000152587891,3.964908123016357,44100
7.079999923706055,7.130000114440918,7.070000171661377,7.099999904632568,3.9704995155334473,53900
7.099999904632568,7.150000095367432,7.090000152587891,7.110000133514404,3.976094484329224,63300
7.159999847412109,7.21999979019165,7.130000114440918,7.190000057220459,4.020830631256104,83800
7.199999809265137,7.260000228881836,7.170000076293945,7.260000228881836,4.059974670410156,72500
7.25,7.389999866485596,7.25,7.329999923706055,4.099120140075684,98700
7.320000171661377,7.320000171661377,7.21999979019165,7.239999771118164,4.04879093170166,113000
7.239999771118164,7.320000171661377,7.239999771118164,7.320000171661377,4.09352970123291,39200
7.300000190734863,7.329999923706055,7.300000190734863,7.329999923706055,4.099120140075684,56600
7.300000190734863,7.389999866485596,7.28000020980835,7.309999942779541,4.111496925354004,101400
7.309999942779541,7.349999904632568,7.119999885559082,7.119999885559082,4.004629611968994,139700
7.099999904632568,7.179999828338623,7.070000171661377,7.090000152587891,3.987757444381714,64600
7.119999885559082,7.199999809265137,7.099999904632568,7.179999828338623,4.038377285003662,30700
7.199999809265137,7.199999809265137,7.150000095367432,7.190000057220459,4.044002056121826,51200
7.170000076293945,7.210000038146973,7.139999866485596,7.210000038146973,4.055248737335205,63200
7.190000057220459,7.230000019073486,7.150000095367432,7.159999847412109,4.027124404907227,40200
7.179999828338623,7.239999771118164,7.170000076293945,7.179999828338623,4.038377285003662,95800
7.179999828338623,7.230000019073486,7.179999828338623,7.230000019073486,4.066498756408691,42400
7.230000019073486,7.230000019073486,7.159999847412109,7.199999809265137,4.049627780914307,81100
7.159999847412109,7.210000038146973,7.159999847412109,7.159999847412109,4.027124404907227,38400
7.170000076293945,7.179999828338623,7.139999866485596,7.179999828338623,4.038377285003662,51700
7.130000114440918,7.25,7.130000114440918,7.239999771118164,4.072124481201172,93900
7.230000019073486,7.239999771118164,7.170000076293945,7.190000057220459,4.044002056121826,47900
7.179999828338623,7.190000057220459,7.159999847412109,7.190000057220459,4.044002056121826,47800
7.25,7.25,7.170000076293945,7.179999828338623,4.038377285003662,47300
7.179999828338623,7.190000057220459,7.170000076293945,7.190000057220459,4.044002056121826,72400
7.199999809265137,7.21999979019165,7.159999847412109,7.190000057220459,4.044002056121826,50700
7.170000076293945,7.190000057220459,7.099999904632568,7.130000114440918,4.010255336761475,81100
7.150000095367432,7.170000076293945,7.070000171661377,7.110000133514404,3.9990057945251465,120900
7.099999904632568,7.159999847412109,7.099999904632568,7.139999866485596,4.015878200531006,105600
7.139999866485596,7.159999847412109,7.130000114440918,7.159999847412109,4.027124404907227,58500
7.139999866485596,7.170000076293945,7.110000133514404,7.170000076293945,4.032754421234131,75800
7.110000133514404,7.159999847412109,7.079999923706055,7.159999847412109,4.050857067108154,53000
7.130000114440918,7.159999847412109,7.099999904632568,7.139999866485596,4.039542198181152,46200
7.130000114440918,7.130000114440918,6.980000019073486,6.989999771118164,3.9546754360198975,99500
6.96999979019165,7.019999980926514,6.860000133514404,6.960000038146973,3.937702655792236,109700
6.989999771118164,7.059999942779541,6.940000057220459,6.989999771118164,3.9546754360198975,85600
6.989999771118164,7.050000190734863,6.960000038146973,7.03000020980835,3.977306365966797,66000
7.010000228881836,7.059999942779541,7.010000228881836,7.019999980926514,3.971649408340454,50400
7.010000228881836,7.059999942779541,7.010000228881836,7.03000020980835,3.977306365966797,49300
7.010000228881836,7.059999942779541,7.010000228881836,7.059999942779541,3.994281768798828,34900
7.03000020980835,7.039999961853027,6.989999771118164,7.010000228881836,3.965994119644165,45000
7.019999980926514,7.070000171661377,7.010000228881836,7.059999942779541,3.994281768798828,35100
7.019999980926514,7.099999904632568,7.010000228881836,7.059999942779541,3.994281768798828,42700
7.079999923706055,7.170000076293945,7.059999942779541,7.130000114440918,4.033885002136231,42500
7.159999847412109,7.179999828338623,7.090000152587891,7.179999828338623,4.06217098236084,37400
7.170000076293945,7.179999828338623,7.050000190734863,7.179999828338623,4.06217098236084,47400
7.159999847412109,7.199999809265137,7.099999904632568,7.199999809265137,4.073488712310791,68500
7.190000057220459,7.190000057220459,7.110000133514404,7.130000114440918,4.033885002136231,59200
7.150000095367432,7.150000095367432,7.050000190734863,7.079999923706055,4.005595684051514,72400
7.079999923706055,7.119999885559082,7.059999942779541,7.099999904632568,4.016910076141357,40200
7.110000133514404,7.190000057220459,7.110000133514404,7.190000057220459,4.067831516265869,46800
7.170000076293945,7.179999828338623,7.139999866485596,7.159999847412109,4.050857067108154,33200
7.150000095367432,7.170000076293945,7.119999885559082,7.170000076293945,4.080452919006348,22300
7.170000076293945,7.170000076293945,7.099999904632568,7.130000114440918,4.057685852050781,32800
7.150000095367432,7.179999828338623,7.130000114440918,7.139999866485596,4.063377857208252,45900
7.150000095367432,7.150000095367432,7.099999904632568,7.130000114440918,4.057685852050781,49200
7.130000114440918,7.130000114440918,7.059999942779541,7.090000152587891,4.034922122955322,46200
7.059999942779541,7.110000133514404,7.059999942779541,7.070000171661377,4.023540496826172,44500
7.099999904632568,7.099999904632568,7.019999980926514,7.090000152587891,4.034922122955322,64800
7.090000152587891,7.119999885559082,7.070000171661377,7.110000133514404,4.0463056564331055,47800
7.130000114440918,7.130000114440918,7.070000171661377,7.130000114440918,4.057685852050781,54000
7.119999885559082,7.130000114440918,7.070000171661377,7.130000114440918,4.057685852050781,121100
7.119999885559082,7.119999885559082,7.079999923706055,7.110000133514404,4.0463056564331055,79100
7.110000133514404,7.150000095367432,7.099999904632568,7.150000095367432,4.069068431854248,50500
7.139999866485596,7.150000095367432,7.119999885559082,7.150000095367432,4.069068431854248,50500
7.179999828338623,7.230000019073486,7.139999866485596,7.230000019073486,4.114595890045166,66500
7.239999771118164,7.25,7.130000114440918,7.170000076293945,4.080452919006348,98900
7.190000057220459,7.21999979019165,7.119999885559082,7.150000095367432,4.069068431854248,73100
7.179999828338623,7.230000019073486,7.119999885559082,7.21999979019165,4.1089043617248535,80700
7.21999979019165,7.239999771118164,7.159999847412109,7.159999847412109,4.0747599601745605,75900
7.190000057220459,7.230000019073486,7.159999847412109,7.190000057220459,4.091835021972656,64900
7.159999847412109,7.190000057220459,7.110000133514404,7.110000133514404,4.070079326629639,58700
7.150000095367432,7.170000076293945,7.079999923706055,7.110000133514404,4.070079326629639,69500
7.110000133514404,7.139999866485596,7.010000228881836,7.059999942779541,4.0414581298828125,109100
7.039999961853027,7.039999961853027,6.690000057220459,6.769999980926514,3.875448226928711,162900
6.71999979019165,6.789999961853027,6.590000152587891,6.75,3.863999128341675,129700
6.75,6.75,6.380000114440918,6.5,3.7208876609802246,238000
6.210000038146973,6.480000019073486,5.960000038146973,6.449999809265137,3.692264080047608,375500
6.489999771118164,6.639999866485596,6.349999904632568,6.639999866485596,3.8010289669036874,133500
6.630000114440918,6.630000114440918,6.369999885559082,6.539999961853027,3.743784666061402,133900
6.539999961853027,6.630000114440918,6.510000228881836,6.630000114440918,3.795306205749512,109500
6.559999942779541,6.75,6.550000190734863,6.730000019073486,3.852550983428955,172200
6.699999809265137,6.730000019073486,6.639999866485596,6.650000095367432,3.806756258010864,90000
6.639999866485596,6.760000228881836,6.639999866485596,6.699999809265137,3.835374355316162,63700
6.699999809265137,6.78000020980835,6.699999809265137,6.75,3.863999128341675,30900
6.75,6.78000020980835,6.650000095367432,6.690000057220459,3.829655408859253,83300
6.710000038146973,6.710000038146973,6.599999904632568,6.639999866485596,3.8010289669036874,122200
6.679999828338623,6.690000057220459,6.5,6.510000228881836,3.726613759994507,124300
6.510000228881836,6.639999866485596,6.480000019073486,6.579999923706055,3.7666850090026855,144100
6.570000171661377,6.639999866485596,6.53000020980835,6.630000114440918,3.795306205749512,109400
6.630000114440918,6.639999866485596,6.550000190734863,6.630000114440918,3.795306205749512,63200
6.630000114440918,6.630000114440918,6.28000020980835,6.340000152587891,3.6292974948883057,197200
6.340000152587891,6.409999847412109,6.289999961853027,6.349999904632568,3.635021924972534,59200
6.349999904632568,6.389999866485596,6.260000228881836,6.369999885559082,3.646471261978149,125500
6.369999885559082,6.400000095367432,6.239999771118164,6.400000095367432,3.663645267486572,170000
6.340000152587891,6.340000152587891,6.099999904632568,6.25,3.6014111042022705,192400
6.190000057220459,6.25,6.070000171661377,6.25,3.6014111042022705,129000
6.110000133514404,6.309999942779541,6.110000133514404,6.309999942779541,3.635984897613525,124800
6.309999942779541,6.550000190734863,6.300000190734863,6.550000190734863,3.774280786514282,159500
6.53000020980835,6.639999866485596,6.360000133514404,6.53000020980835,3.762753486633301,251300
6.550000190734863,6.550000190734863,6.199999809265137,6.269999980926514,3.612937688827514,196000
6.28000020980835,6.309999942779541,6.170000076293945,6.269999980926514,3.612937688827514,103400
6.28000020980835,6.349999904632568,6.25,6.349999904632568,3.659034729003906,126700
6.309999942779541,6.380000114440918,6.309999942779541,6.320000171661377,3.641749382019043,66300
6.28000020980835,6.329999923706055,6.199999809265137,6.309999942779541,3.635984897613525,98200
6.289999961853027,6.309999942779541,6.210000038146973,6.260000228881836,3.607175350189209,81000
6.28000020980835,6.289999961853027,6.179999828338623,6.239999771118164,3.595649480819702,119300
6.210000038146973,6.320000171661377,6.210000038146973,6.309999942779541,3.635984897613525,114700
6.389999866485596,6.46999979019165,6.289999961853027,6.409999847412109,3.6936068534851074,110100
6.409999847412109,6.489999771118164,6.340000152587891,6.489999771118164,3.739706516265869,83400
6.369999885559082,6.590000152587891,6.369999885559082,6.590000152587891,3.797327041625977,156200
6.559999942779541,6.610000133514404,6.449999809265137,6.590000152587891,3.797327041625977,123100
6.559999942779541,6.579999923706055,6.480000019073486,6.5,3.745469093322754,65700
6.539999961853027,6.550000190734863,6.420000076293945,6.510000228881836,3.751231193542481,49100
6.5,6.519999980926514,6.369999885559082,6.389999866485596,3.682083129882813,95200
6.340000152587891,6.369999885559082,6.25,6.340000152587891,3.677443504333496,51600
6.289999961853027,6.349999904632568,6.190000057220459,6.28000020980835,3.642639636993408,87200
6.25,6.25,6.059999942779541,6.150000095367432,3.5672335624694824,163500
6.079999923706055,6.079999923706055,5.809999942779541,6.050000190734863,3.50922966003418,323400
6.0,6.179999828338623,5.940000057220459,6.130000114440918,3.555635452270508,137700
6.099999904632568,6.130000114440918,6.010000228881836,6.010000228881836,3.486030340194702,91600
6.019999980926514,6.110000133514404,5.989999771118164,6.090000152587891,3.5324349403381348,106400
6.090000152587891,6.210000038146973,6.050000190734863,6.210000038146973,3.602038621902466,134900
6.230000019073486,6.25,6.170000076293945,6.239999771118164,3.619439125061035,129300
6.25,6.320000171661377,6.239999771118164,6.289999961853027,3.648440361022949,106300
6.300000190734863,6.420000076293945,6.300000190734863,6.369999885559082,3.694844961166382,106000
6.400000095367432,6.400000095367432,6.329999923706055,6.340000152587891,3.677443504333496,49000
6.340000152587891,6.349999904632568,6.21999979019165,6.25,3.6252386569976807,61900
6.269999980926514,6.340000152587891,6.25,6.269999980926514,3.636841773986816,81100
6.260000228881836,6.599999904632568,6.260000228881836,6.409999847412109,3.718045473098755,165400
6.440000057220459,6.489999771118164,6.420000076293945,6.449999809265137,3.741243839263916,99100
6.46999979019165,6.489999771118164,6.400000095367432,6.400000095367432,3.712246179580689,92500
6.409999847412109,6.440000057220459,6.380000114440918,6.389999866485596,3.70644474029541,52600
6.440000057220459,6.519999980926514,6.409999847412109,6.5,3.770249366760254,112000
6.460000038146973,6.53000020980835,6.420000076293945,6.519999980926514,3.781847715377808,86200
6.449999809265137,6.489999771118164,6.329999923706055,6.489999771118164,3.788856029510498,52600
6.46999979019165,6.46999979019165,6.349999904632568,6.369999885559082,3.7188000679016113,70300
6.380000114440918,6.449999809265137,6.380000114440918,6.420000076293945,3.747990608215332,32100
6.389999866485596,6.420000076293945,6.360000133514404,6.369999885559082,3.7188000679016113,28000
6.349999904632568,6.400000095367432,6.300000190734863,6.349999904632568,3.7071239948272714,54300
6.340000152587891,6.389999866485596,6.289999961853027,6.289999961853027,3.67209529876709,61200
6.329999923706055,6.380000114440918,6.289999961853027,6.369999885559082,3.7188000679016113,56400
6.389999866485596,6.389999866485596,6.320000171661377,6.329999923706055,3.695446729660034,69300
6.329999923706055,6.349999904632568,6.230000019073486,6.25,3.648743152618408,92000
6.289999961853027,6.409999847412109,6.289999961853027,6.380000114440918,3.7246363162994394,85600
6.400000095367432,6.409999847412109,6.320000171661377,6.380000114440918,3.7246363162994394,78100
6.380000114440918,6.380000114440918,6.309999942779541,6.329999923706055,3.695446729660034,73900
6.389999866485596,6.389999866485596,6.349999904632568,6.369999885559082,3.7188000679016113,45800
6.380000114440918,6.380000114440918,6.340000152587891,6.380000114440918,3.7246363162994394,53900
6.360000133514404,6.389999866485596,6.360000133514404,6.380000114440918,3.7246363162994394,40000
6.360000133514404,6.380000114440918,6.300000190734863,6.320000171661377,3.689611434936523,59100
6.340000152587891,6.349999904632568,6.320000171661377,6.320000171661377,3.689611434936523,43100
6.340000152587891,6.409999847412109,6.329999923706055,6.380000114440918,3.7246363162994394,54300
6.340000152587891,6.440000057220459,6.329999923706055,6.409999847412109,3.742151260375977,95500
6.389999866485596,6.420000076293945,6.320000171661377,6.329999923706055,3.7198216915130615,73200
6.320000171661377,6.400000095367432,6.289999961853027,6.400000095367432,3.760956764221192,46000
6.360000133514404,6.380000114440918,6.28000020980835,6.300000190734863,3.70219087600708,107100
6.329999923706055,6.349999904632568,6.300000190734863,6.349999904632568,3.7315733432769775,29900
6.300000190734863,6.380000114440918,6.300000190734863,6.329999923706055,3.7198216915130615,61600
6.340000152587891,6.349999904632568,6.300000190734863,6.300000190734863,3.70219087600708,23700
6.340000152587891,6.340000152587891,6.28000020980835,6.320000171661377,3.7139461040496826,33200
6.320000171661377,6.329999923706055,6.25,6.28000020980835,3.690436601638794,73400
6.300000190734863,6.309999942779541,6.269999980926514,6.289999961853027,3.6963164806365967,47000
6.21999979019165,6.260000228881836,6.210000038146973,6.260000228881836,3.6786856651306152,93700
6.260000228881836,6.329999923706055,6.210000038146973,6.309999942779541,3.708066701889038,88100
6.309999942779541,6.309999942779541,6.239999771118164,6.269999980926514,3.684563398361206,74500
6.25,6.289999961853027,6.210000038146973,6.230000019073486,3.6610569953918457,79700
6.25,6.300000190734863,6.25,6.300000190734863,3.70219087600708,78300
6.300000190734863,6.380000114440918,6.269999980926514,6.380000114440918,3.749202966690064,80100
6.360000133514404,6.380000114440918,6.329999923706055,6.360000133514404,3.737449884414673,44400
6.420000076293945,6.420000076293945,6.349999904632568,6.389999866485596,3.7550806999206543,64600
6.409999847412109,6.409999847412109,6.340000152587891,6.340000152587891,3.72569727897644,81300
6.340000152587891,6.409999847412109,6.340000152587891,6.340000152587891,3.72569727897644,38200
6.349999904632568,6.409999847412109,6.340000152587891,6.380000114440918,3.749202966690064,76800
6.400000095367432,6.409999847412109,6.369999885559082,6.389999866485596,3.7550806999206543,29100
6.389999866485596,6.409999847412109,6.360000133514404,6.409999847412109,3.766831636428833,62100
6.389999866485596,6.440000057220459,6.369999885559082,6.420000076293945,3.772709369659424,62800
6.389999866485596,6.389999866485596,6.260000228881836,6.28000020980835,3.7147395610809326,74600
6.300000190734863,6.309999942779541,6.260000228881836,6.269999980926514,3.7088277339935294,40000
6.269999980926514,6.320000171661377,6.150000095367432,6.159999847412109,3.6437578201293945,103700
6.170000076293945,6.210000038146973,6.150000095367432,6.210000038146973,3.673335313796997,84200
6.210000038146973,6.21999979019165,6.179999828338623,6.190000057220459,3.661503553390503,89300
6.230000019073486,6.329999923706055,6.190000057220459,6.329999923706055,3.744315624237061,74900
6.329999923706055,6.329999923706055,6.239999771118164,6.25,3.696995496749878,41400
6.340000152587891,6.369999885559082,6.269999980926514,6.329999923706055,3.744315624237061,48200
6.360000133514404,6.380000114440918,6.340000152587891,6.380000114440918,3.773892879486084,45500
6.360000133514404,6.380000114440918,6.309999942779541,6.309999942779541,3.732485055923462,57600
6.329999923706055,6.349999904632568,6.300000190734863,6.300000190734863,3.7265713214874263,78300
6.289999961853027,6.309999942779541,6.260000228881836,6.289999961853027,3.720656633377075,73500
6.309999942779541,6.349999904632568,6.289999961853027,6.320000171661377,3.738401412963867,37200
6.369999885559082,6.380000114440918,6.320000171661377,6.360000133514404,3.762062072753906,62000
6.389999866485596,6.389999866485596,6.369999885559082,6.389999866485596,3.779808521270752,42000
6.389999866485596,6.420000076293945,6.340000152587891,6.380000114440918,3.773892879486084,62000
6.349999904632568,6.369999885559082,6.300000190734863,6.329999923706055,3.744315624237061,95000
6.349999904632568,6.389999866485596,6.329999923706055,6.380000114440918,3.773892879486084,48800
6.380000114440918,6.46999979019165,6.380000114440918,6.420000076293945,3.797552108764648,68200
6.449999809265137,6.489999771118164,6.429999828338623,6.440000057220459,3.809384346008301,49000
6.420000076293945,6.460000038146973,6.369999885559082,6.380000114440918,3.798666715621948,70200
6.409999847412109,6.420000076293945,6.369999885559082,6.369999885559082,3.792712211608887,51700
6.340000152587891,6.449999809265137,6.340000152587891,6.409999847412109,3.8165283203125,53000
6.400000095367432,6.5,6.400000095367432,6.460000038146973,3.8462975025177,100400
6.480000019073486,6.489999771118164,6.429999828338623,6.429999828338623,3.828435897827149,22500
6.429999828338623,6.46999979019165,6.429999828338623,6.449999809265137,3.840342521667481,35500
6.46999979019165,6.5,6.460000038146973,6.489999771118164,3.864161252975464,72200
6.46999979019165,6.5,6.460000038146973,6.46999979019165,3.852250576019287,39800
6.460000038146973,6.510000228881836,6.449999809265137,6.460000038146973,3.8462975025177,29600
6.46999979019165,6.480000019073486,6.440000057220459,6.480000019073486,3.8582065105438232,70100
6.480000019073486,6.559999942779541,6.480000019073486,6.510000228881836,3.8760695457458496,80200
6.489999771118164,6.539999961853027,6.480000019073486,6.5,3.870114803314209,86600
6.550000190734863,6.559999942779541,6.510000228881836,6.559999942779541,3.905838489532471,50800
6.53000020980835,6.579999923706055,6.519999980926514,6.519999980926514,3.8820221424102783,35300
6.559999942779541,6.570000171661377,6.539999961853027,6.550000190734863,3.8998847007751465,41700
6.539999961853027,6.619999885559082,6.539999961853027,6.570000171661377,3.9117918014526367,56000
6.570000171661377,6.579999923706055,6.519999980926514,6.539999961853027,3.893931388854981,49300
6.559999942779541,6.610000133514404,6.53000020980835,6.590000152587891,3.9237027168273926,48200
6.559999942779541,6.71999979019165,6.559999942779541,6.639999866485596,3.953470230102539,60000
6.650000095367432,6.679999828338623,6.639999866485596,6.639999866485596,3.953470230102539,48500
6.619999885559082,6.619999885559082,6.559999942779541,6.599999904632568,3.954668283462525,39900
6.610000133514404,6.619999885559082,6.519999980926514,6.619999885559082,3.966651439666748,62500
6.610000133514404,6.610000133514404,6.550000190734863,6.599999904632568,3.954668283462525,37100
6.579999923706055,6.599999904632568,6.550000190734863,6.579999923706055,3.942683696746826,48200
6.599999904632568,6.619999885559082,6.510000228881836,6.53000020980835,3.912722587585449,66500
6.489999771118164,6.539999961853027,6.480000019073486,6.5,3.894752025604248,36500
6.489999771118164,6.53000020980835,6.46999979019165,6.46999979019165,3.876773595809937,46800
6.519999980926514,6.519999980926514,6.480000019073486,6.5,3.894752025604248,37500
6.5,6.510000228881836,6.460000038146973,6.460000038146973,3.8707802295684814,54200
6.489999771118164,6.539999961853027,6.489999771118164,6.53000020980835,3.912722587585449,52700
6.539999961853027,6.570000171661377,6.519999980926514,6.53000020980835,3.912722587585449,41000
6.539999961853027,6.539999961853027,6.480000019073486,6.5,3.894752025604248,56700
6.539999961853027,6.619999885559082,6.539999961853027,6.619999885559082,3.966651439666748,31100
6.590000152587891,6.670000076293945,6.590000152587891,6.650000095367432,3.984628915786743,49200
6.639999866485596,6.679999828338623,6.639999866485596,6.659999847412109,3.990619659423828,39500
6.679999828338623,6.699999809265137,6.610000133514404,6.610000133514404,3.960659980773926,51200
6.670000076293945,6.679999828338623,6.610000133514404,6.610000133514404,3.960659980773926,39200
6.630000114440918,6.710000038146973,6.579999923706055,6.639999866485596,3.978636741638184,52500
6.619999885559082,6.739999771118164,6.619999885559082,6.670000076293945,3.996610164642334,51100
6.650000095367432,6.760000228881836,6.650000095367432,6.699999809265137,4.014588832855225,52000
6.710000038146973,6.78000020980835,6.710000038146973,6.739999771118164,4.038557529449463,30700
6.730000019073486,6.900000095367432,6.730000019073486,6.860000133514404,4.110458850860596,63600
6.840000152587891,6.889999866485596,6.78000020980835,6.840000152587891,4.098474979400635,57800
6.820000171661377,6.820000171661377,6.75,6.760000228881836,4.0755696296691895,38600
6.769999980926514,6.78000020980835,6.699999809265137,6.710000038146973,4.045421123504639,51300
6.690000057220459,6.710000038146973,6.630000114440918,6.630000114440918,3.997189283370972,53700
6.619999885559082,6.699999809265137,6.610000133514404,6.630000114440918,3.997189283370972,90300
6.630000114440918,6.769999980926514,6.610000133514404,6.71999979019165,4.051448822021484,88800
6.730000019073486,6.730000019073486,6.670000076293945,6.690000057220459,4.033361911773682,79100
6.690000057220459,6.75,6.670000076293945,6.679999828338623,4.02733325958252,72900
6.75,6.75,6.679999828338623,6.699999809265137,4.039394378662109,69900
6.699999809265137,6.760000228881836,6.690000057220459,6.760000228881836,4.0755696296691895,73800
6.739999771118164,6.739999771118164,6.670000076293945,6.730000019073486,4.057477474212647,49900
6.71999979019165,6.739999771118164,6.699999809265137,6.699999809265137,4.039394378662109,72800
6.679999828338623,6.699999809265137,6.619999885559082,6.630000114440918,3.997189283370972,44400
6.619999885559082,6.679999828338623,6.599999904632568,6.610000133514404,3.985131025314331,49700
6.630000114440918,6.630000114440918,6.5,6.570000171661377,3.961014270782471,76400
6.590000152587891,6.699999809265137,6.539999961853027,6.599999904632568,3.979103326797485,170300
6.590000152587891,6.650000095367432,6.590000152587891,6.639999866485596,4.003218173980713,46700
6.650000095367432,6.75,6.630000114440918,6.75,4.069538593292236,58100
6.75,6.75,6.659999847412109,6.670000076293945,4.021305084228516,94600
6.710000038146973,6.710000038146973,6.559999942779541,6.650000095367432,4.009245872497559,46500
6.570000171661377,6.570000171661377,6.309999942779541,6.360000133514404,3.834408044815064,147400
6.349999904632568,6.519999980926514,6.289999961853027,6.420000076293945,3.8963122367858887,64800
6.389999866485596,6.599999904632568,6.380000114440918,6.599999904632568,4.005555152893066,55500
6.639999866485596,6.639999866485596,6.510000228881836,6.570000171661377,3.987345933914185,27100
6.579999923706055,6.599999904632568,6.489999771118164,6.510000228881836,3.950934648513794,45200
6.550000190734863,6.619999885559082,6.550000190734863,6.610000133514404,4.011622905731201,22700
6.570000171661377,6.610000133514404,6.539999961853027,6.590000152587891,3.9994847774505615,49100
6.570000171661377,6.639999866485596,6.570000171661377,6.639999866485596,4.029829978942871,28600
6.570000171661377,6.699999809265137,6.539999961853027,6.659999847412109,4.041965961456299,50400
6.630000114440918,6.670000076293945,6.590000152587891,6.630000114440918,4.023760795593262,29500
6.599999904632568,6.690000057220459,6.599999904632568,6.630000114440918,4.023760795593262,37000
6.639999866485596,6.659999847412109,6.610000133514404,6.630000114440918,4.023760795593262,43200
6.630000114440918,6.75,6.46999979019165,6.590000152587891,3.9994847774505615,140000
6.630000114440918,6.630000114440918,6.579999923706055,6.590000152587891,3.9994847774505615,17700
6.619999885559082,6.690000057220459,6.619999885559082,6.659999847412109,4.041965961456299,55900
6.650000095367432,6.679999828338623,6.630000114440918,6.650000095367432,4.035898208618164,34000
6.650000095367432,6.690000057220459,6.630000114440918,6.630000114440918,4.023760795593262,49300
6.71999979019165,6.739999771118164,6.659999847412109,6.739999771118164,4.090518951416016,71400
6.739999771118164,6.75,6.670000076293945,6.670000076293945,4.048038482666016,29500
6.690000057220459,6.690000057220459,6.630000114440918,6.659999847412109,4.041965961456299,42000
6.630000114440918,6.710000038146973,6.610000133514404,6.690000057220459,4.060173988342285,51600
6.699999809265137,6.730000019073486,6.699999809265137,6.710000038146973,4.072314739227295,27000
6.699999809265137,6.71999979019165,6.670000076293945,6.670000076293945,4.048038482666016,48800
6.650000095367432,6.670000076293945,6.610000133514404,6.670000076293945,4.048038482666016,39000
6.650000095367432,6.739999771118164,6.630000114440918,6.739999771118164,4.116440773010254,31600
6.71999979019165,6.820000171661377,6.71999979019165,6.820000171661377,4.16530179977417,45800
6.789999961853027,6.789999961853027,6.690000057220459,6.75,4.122548580169678,48700
6.75,6.75,6.650000095367432,6.679999828338623,4.07979679107666,57800
6.710000038146973,6.75,6.699999809265137,6.730000019073486,4.1103339195251465,18500
6.71999979019165,6.78000020980835,6.71999979019165,6.769999980926514,4.134761810302734,32500
6.789999961853027,6.800000190734863,6.71999979019165,6.739999771118164,4.116440773010254,62900
6.769999980926514,6.78000020980835,6.71999979019165,6.769999980926514,4.134761810302734,34500
6.690000057220459,6.809999942779541,6.659999847412109,6.809999942779541,4.159193992614746,65400
6.820000171661377,6.840000152587891,6.71999979019165,6.760000228881836,4.128659725189209,70400
6.78000020980835,6.800000190734863,6.699999809265137,6.760000228881836,4.128659725189209,58100
6.769999980926514,6.800000190734863,6.610000133514404,6.699999809265137,4.092010974884033,101500
6.739999771118164,6.789999961853027,6.71999979019165,6.75,4.122548580169678,29300
6.800000190734863,6.800000190734863,6.75,6.800000190734863,4.153088092803955,38100
6.800000190734863,6.820000171661377,6.75,6.75,4.122548580169678,46700
6.789999961853027,6.849999904632568,6.789999961853027,6.829999923706055,4.171407222747803,69000
6.829999923706055,6.829999923706055,6.710000038146973,6.71999979019165,4.104225158691406,44000
6.71999979019165,6.78000020980835,6.699999809265137,6.699999809265137,4.092010974884033,44700
6.699999809265137,6.739999771118164,6.679999828338623,6.699999809265137,4.092010974884033,46000
6.730000019073486,6.730000019073486,6.610000133514404,6.650000095367432,4.061471462249756,32900
6.619999885559082,6.730000019073486,6.619999885559082,6.710000038146973,4.098117351531982,57800
6.659999847412109,6.800000190734863,6.599999904632568,6.769999980926514,4.160807132720947,70400
6.789999961853027,6.789999961853027,6.619999885559082,6.699999809265137,4.117783069610596,60300
6.699999809265137,6.78000020980835,6.690000057220459,6.769999980926514,4.160807132720947,39700
6.829999923706055,6.849999904632568,6.730000019073486,6.820000171661377,4.191537857055664,79700
6.789999961853027,6.880000114440918,6.75,6.820000171661377,4.191537857055664,67700
6.829999923706055,6.920000076293945,6.809999942779541,6.829999923706055,4.1976847648620605,93800
6.809999942779541,6.880000114440918,6.809999942779541,6.849999904632568,4.209973812103272,29500
6.829999923706055,6.889999866485596,6.820000171661377,6.889999866485596,4.234556198120117,32300
6.889999866485596,6.929999828338623,6.880000114440918,6.929999828338623,4.2591423988342285,44500
6.940000057220459,6.96999979019165,6.920000076293945,6.940000057220459,4.265289306640625,46300
6.96999979019165,6.989999771118164,6.900000095367432,6.900000095367432,4.240706443786621,78100
6.960000038146973,6.989999771118164,6.929999828338623,6.989999771118164,4.296018600463867,38700
6.96999979019165,6.980000019073486,6.869999885559082,6.889999866485596,4.234556198120117,60300
6.929999828338623,6.960000038146973,6.849999904632568,6.849999904632568,4.209973812103272,51800
6.980000019073486,6.980000019073486,6.860000133514404,6.880000114440918,4.228413105010986,63300
6.849999904632568,6.929999828338623,6.809999942779541,6.849999904632568,4.209973812103272,71500
6.920000076293945,6.920000076293945,6.820000171661377,6.820000171661377,4.191537857055664,42500
6.820000171661377,6.840000152587891,6.789999961853027,6.829999923706055,4.1976847648620605,61700
6.820000171661377,6.849999904632568,6.769999980926514,6.769999980926514,4.160807132720947,54900
6.809999942779541,6.860000133514404,6.78000020980835,6.789999961853027,4.173100471496582,54000
6.820000171661377,6.869999885559082,6.800000190734863,6.860000133514404,4.21612024307251,33500
6.860000133514404,6.900000095367432,6.829999923706055,6.860000133514404,4.21612024307251,90000
6.889999866485596,6.900000095367432,6.820000171661377,6.840000152587891,4.20382833480835,55000
6.860000133514404,6.900000095367432,6.809999942779541,6.860000133514404,4.21612024307251,65800
6.900000095367432,6.980000019073486,6.849999904632568,6.900000095367432,4.266829013824463,68800
6.860000133514404,6.929999828338623,6.789999961853027,6.889999866485596,4.26064395904541,79700
6.900000095367432,6.900000095367432,6.820000171661377,6.849999904632568,4.235911846160889,50900
6.960000038146973,6.960000038146973,6.860000133514404,6.869999885559082,4.248277187347412,101100
6.900000095367432,6.940000057220459,6.880000114440918,6.940000057220459,4.291563034057617,56800
6.940000057220459,6.989999771118164,6.900000095367432,6.980000019073486,4.316299915313721,47900
6.96999979019165,7.0,6.949999809265137,6.989999771118164,4.322481155395508,105300
6.980000019073486,6.980000019073486,6.940000057220459,6.960000038146973,4.303929805755615,59900
6.96999979019165,7.0,6.929999828338623,7.0,4.328664779663086,54200
7.0,7.019999980926514,6.940000057220459,6.940000057220459,4.291563034057617,38600
6.980000019073486,7.010000228881836,6.849999904632568,6.920000076293945,4.279197216033936,93300
6.980000019073486,7.019999980926514,6.920000076293945,6.960000038146973,4.303929805755615,60800
6.989999771118164,6.989999771118164,6.940000057220459,6.980000019073486,4.316299915313721,40300
6.980000019073486,7.03000020980835,6.960000038146973,7.010000228881836,4.334851264953613,50000
7.010000228881836,7.070000171661377,6.989999771118164,7.070000171661377,4.371953010559082,34900
7.070000171661377,7.099999904632568,7.039999961853027,7.099999904632568,4.390504837036133,49600
7.099999904632568,7.099999904632568,7.059999942779541,7.099999904632568,4.390504837036133,68600
7.070000171661377,7.090000152587891,7.03000020980835,7.050000190734863,4.359585285186768,55100
7.019999980926514,7.119999885559082,7.010000228881836,7.119999885559082,4.402872562408447,58500
7.119999885559082,7.119999885559082,6.989999771118164,7.059999942779541,4.3916778564453125,69400
7.079999923706055,7.110000133514404,7.019999980926514,7.059999942779541,4.3916778564453125,47000
7.090000152587891,7.090000152587891,6.980000019073486,7.010000228881836,4.360573768615723,52300
7.039999961853027,7.090000152587891,7.010000228881836,7.010000228881836,4.360573768615723,42000
7.050000190734863,7.099999904632568,7.010000228881836,7.090000152587891,4.410336494445801,59100
7.130000114440918,7.130000114440918,7.050000190734863,7.050000190734863,4.385454177856445,37600
7.050000190734863,7.090000152587891,7.019999980926514,7.059999942779541,4.3916778564453125,73100
7.039999961853027,7.059999942779541,6.96999979019165,7.0,4.354351043701172,97200
7.050000190734863,7.090000152587891,7.0,7.079999923706055,4.404116630554199,70900
7.110000133514404,7.110000133514404,7.03000020980835,7.039999961853027,4.379233360290527,92200
7.059999942779541,7.139999866485596,7.050000190734863,7.090000152587891,4.410336494445801,44800
7.110000133514404,7.139999866485596,7.079999923706055,7.099999904632568,4.4165568351745605,56700
7.130000114440918,7.130000114440918,7.079999923706055,7.079999923706055,4.404116630554199,34200
7.090000152587891,7.139999866485596,7.070000171661377,7.110000133514404,4.422778606414795,65800
7.099999904632568,7.139999866485596,7.050000190734863,7.070000171661377,4.39789628982544,77600
7.070000171661377,7.139999866485596,7.039999961853027,7.110000133514404,4.422778606414795,69100
7.090000152587891,7.139999866485596,7.079999923706055,7.119999885559082,4.42899751663208,71500
7.139999866485596,7.139999866485596,7.099999904632568,7.139999866485596,4.441438674926758,52600
7.119999885559082,7.150000095367432,7.119999885559082,7.150000095367432,4.447657585144043,35800
7.179999828338623,7.269999980926514,7.130000114440918,7.230000019073486,4.497424125671387,87600
7.239999771118164,7.309999942779541,7.21999979019165,7.25,4.509864330291748,63900
7.260000228881836,7.300000190734863,7.230000019073486,7.260000228881836,4.51608419418335,74200
7.28000020980835,7.300000190734863,7.21999979019165,7.28000020980835,4.528526306152344,68800
7.369999885559082,7.369999885559082,7.260000228881836,7.260000228881836,4.5422892570495605,102000
7.25,7.260000228881836,7.170000076293945,7.170000076293945,4.485980987548828,85900
7.210000038146973,7.269999980926514,7.190000057220459,7.269999980926514,4.548549652099609,69900
7.25,7.300000190734863,7.210000038146973,7.28000020980835,4.554804801940918,52100
7.300000190734863,7.349999904632568,7.25,7.349999904632568,4.598600387573242,35400
7.329999923706055,7.329999923706055,7.28000020980835,7.28000020980835,4.554804801940918,40900
7.269999980926514,7.340000152587891,7.269999980926514,7.289999961853027,4.561061382293701,42500
7.320000171661377,7.349999904632568,7.300000190734863,7.309999942779541,4.573575496673584,50500
7.309999942779541,7.489999771118164,7.300000190734863,7.489999771118164,4.686191558837891,177400
7.480000019073486,7.559999942779541,7.440000057220459,7.489999771118164,4.686191558837891,193500
7.559999942779541,7.579999923706055,7.460000038146973,7.46999979019165,4.673679351806641,71900
7.53000020980835,7.550000190734863,7.429999828338623,7.440000057220459,4.654909133911133,81100
7.53000020980835,7.53000020980835,7.409999847412109,7.409999847412109,4.636137962341309,64200
7.409999847412109,7.449999809265137,7.360000133514404,7.389999866485596,4.623627662658691,91400
7.400000095367432,7.400000095367432,7.320000171661377,7.320000171661377,4.579831123352051,58800
7.329999923706055,7.400000095367432,7.329999923706055,7.369999885559082,4.61111307144165,42500
7.369999885559082,7.420000076293945,7.360000133514404,7.360000133514404,4.604855060577393,45100
7.400000095367432,7.400000095367432,7.300000190734863,7.300000190734863,4.567315578460693,85900
7.320000171661377,7.360000133514404,7.28000020980835,7.340000152587891,4.592343807220459,80300
7.369999885559082,7.409999847412109,7.340000152587891,7.380000114440918,4.617371559143066,74600
7.360000133514404,7.360000133514404,7.210000038146973,7.210000038146973,4.536827564239502,68200
7.199999809265137,7.239999771118164,7.099999904632568,7.119999885559082,4.480193614959717,101800
7.099999904632568,7.119999885559082,7.03000020980835,7.039999961853027,4.429855346679688,137300
7.019999980926514,7.079999923706055,6.989999771118164,7.019999980926514,4.417271614074707,119000
7.03000020980835,7.159999847412109,7.03000020980835,7.090000152587891,4.461316585540772,241200
7.099999904632568,7.159999847412109,7.070000171661377,7.159999847412109,4.505363464355469,96400
7.139999866485596,7.190000057220459,7.110000133514404,7.170000076293945,4.511656761169434,75800
7.179999828338623,7.25,7.139999866485596,7.239999771118164,4.555702686309815,52500
7.230000019073486,7.300000190734863,7.210000038146973,7.300000190734863,4.593457221984863,57400
7.28000020980835,7.369999885559082,7.230000019073486,7.360000133514404,4.631214141845703,142600
7.380000114440918,7.380000114440918,7.320000171661377,7.349999904632568,4.624922275543213,64000
7.389999866485596,7.389999866485596,7.239999771118164,7.269999980926514,4.574582576751709,147000
7.260000228881836,7.349999904632568,7.260000228881836,7.289999961853027,4.587167739868164,109900
7.300000190734863,7.380000114440918,7.300000190734863,7.360000133514404,4.631214141845703,79000
7.329999923706055,7.400000095367432,7.28000020980835,7.340000152587891,4.618629455566406,111400
7.369999885559082,7.429999828338623,7.260000228881836,7.260000228881836,4.568288326263428,101400
7.349999904632568,7.480000019073486,7.349999904632568,7.449999809265137,4.687845230102539,153900
7.46999979019165,7.539999961853027,7.420000076293945,7.489999771118164,4.713014125823975,87100
7.46999979019165,7.570000171661377,7.46999979019165,7.550000190734863,4.750766754150391,70400
7.5,7.539999961853027,7.400000095367432,7.480000019073486,4.7330522537231445,87200
7.510000228881836,7.510000228881836,7.320000171661377,7.369999885559082,4.66344690322876,108500
7.340000152587891,7.349999904632568,7.130000114440918,7.210000038146973,4.562206745147705,159000
7.210000038146973,7.210000038146973,7.0,7.150000095367432,4.5242414474487305,151800
7.139999866485596,7.199999809265137,7.050000190734863,7.179999828338623,4.543222427368164,80200
7.170000076293945,7.269999980926514,7.059999942779541,7.119999885559082,4.5052571296691895,116200
7.150000095367432,7.210000038146973,7.139999866485596,7.199999809265137,4.555880546569824,96100
7.190000057220459,7.21999979019165,7.119999885559082,7.179999828338623,4.543222427368164,67600
7.199999809265137,7.199999809265137,7.110000133514404,7.119999885559082,4.5052571296691895,55300
7.130000114440918,7.150000095367432,7.110000133514404,7.110000133514404,4.498930931091309,62000
7.110000133514404,7.28000020980835,7.070000171661377,7.210000038146973,4.562206745147705,110800
7.230000019073486,7.340000152587891,7.210000038146973,7.340000152587891,4.644465446472168,71500
7.340000152587891,7.349999904632568,7.260000228881836,7.289999961853027,4.612825870513916,57800
7.289999961853027,7.300000190734863,7.260000228881836,7.289999961853027,4.612825870513916,62400
7.309999942779541,7.389999866485596,7.21999979019165,7.289999961853027,4.612825870513916,81300
7.340000152587891,7.360000133514404,7.230000019073486,7.260000228881836,4.593844890594482,114600
7.289999961853027,7.440000057220459,7.260000228881836,7.380000114440918,4.6697773933410645,72600
7.400000095367432,7.420000076293945,7.329999923706055,7.349999904632568,4.650791645050049,35500
7.369999885559082,7.429999828338623,7.349999904632568,7.420000076293945,4.69508695602417,53000
7.429999828338623,7.449999809265137,7.329999923706055,7.409999847412109,4.688758850097656,49200
7.440000057220459,7.449999809265137,7.369999885559082,7.429999828338623,4.701414585113525,55800
7.380000114440918,7.449999809265137,7.360000133514404,7.449999809265137,4.714069366455078,59900
7.46999979019165,7.489999771118164,7.420000076293945,7.480000019073486,4.7330522537231445,37700
7.460000038146973,7.510000228881836,7.429999828338623,7.480000019073486,4.7330522537231445,65800
7.340000152587891,7.449999809265137,7.170000076293945,7.400000095367432,4.708871841430664,69400
7.369999885559082,7.46999979019165,7.369999885559082,7.449999809265137,4.740687370300293,54100
7.489999771118164,7.53000020980835,7.440000057220459,7.510000228881836,4.778867721557617,86600
7.53000020980835,7.539999961853027,7.460000038146973,7.519999980926514,4.7852301597595215,34400
7.519999980926514,7.539999961853027,7.46999979019165,7.53000020980835,4.791593551635742,71200
7.53000020980835,7.539999961853027,7.460000038146973,7.519999980926514,4.7852301597595215,76500
7.519999980926514,7.53000020980835,7.389999866485596,7.409999847412109,4.715235233306885,96600
7.409999847412109,7.539999961853027,7.380000114440918,7.510000228881836,4.778867721557617,118400
7.519999980926514,7.579999923706055,7.510000228881836,7.579999923706055,4.823411464691162,125400
7.579999923706055,7.579999923706055,7.539999961853027,7.570000171661377,4.8170485496521,57000
7.559999942779541,7.610000133514404,7.550000190734863,7.579999923706055,4.823411464691162,69500
7.550000190734863,7.590000152587891,7.53000020980835,7.590000152587891,4.829774856567383,78000
7.550000190734863,7.570000171661377,7.539999961853027,7.559999942779541,4.810685157775879,80000
7.550000190734863,7.579999923706055,7.519999980926514,7.570000171661377,4.8170485496521,87400
7.559999942779541,7.590000152587891,7.519999980926514,7.590000152587891,4.829774856567383,74000
7.599999904632568,7.599999904632568,7.550000190734863,7.599999904632568,4.836136817932129,84000
7.599999904632568,7.619999885559082,7.550000190734863,7.599999904632568,4.836136817932129,132000
7.599999904632568,7.619999885559082,7.53000020980835,7.570000171661377,4.8170485496521,80800
7.570000171661377,7.630000114440918,7.570000171661377,7.619999885559082,4.848863124847412,69000
7.590000152587891,7.610000133514404,7.590000152587891,7.610000133514404,4.84250020980835,91900
7.590000152587891,7.639999866485596,7.539999961853027,7.619999885559082,4.874485492706299,76200
7.550000190734863,7.630000114440918,7.53000020980835,7.610000133514404,4.868088245391846,86000
7.619999885559082,7.690000057220459,7.590000152587891,7.690000057220459,4.919266223907471,80000
7.690000057220459,7.690000057220459,7.570000171661377,7.570000171661377,4.842501640319824,32200
7.630000114440918,7.659999847412109,7.579999923706055,7.650000095367432,4.893678188323975,60100
7.619999885559082,7.650000095367432,7.559999942779541,7.630000114440918,4.88088321685791,33000
7.650000095367432,7.659999847412109,7.610000133514404,7.650000095367432,4.893678188323975,33000
7.659999847412109,7.659999847412109,7.619999885559082,7.659999847412109,4.900074005126953,39500
7.659999847412109,7.659999847412109,7.639999866485596,7.659999847412109,4.900074005126953,52100
7.650000095367432,7.650000095367432,7.590000152587891,7.639999866485596,4.887279510498047,70100
7.630000114440918,7.650000095367432,7.579999923706055,7.650000095367432,4.893678188323975,30500
7.639999866485596,7.650000095367432,7.579999923706055,7.650000095367432,4.893678188323975,42900
7.630000114440918,7.679999828338623,7.559999942779541,7.579999923706055,4.848897457122803,112800
7.579999923706055,7.659999847412109,7.579999923706055,7.659999847412109,4.900074005126953,28900
7.610000133514404,7.639999866485596,7.590000152587891,7.619999885559082,4.874485492706299,24200
7.610000133514404,7.630000114440918,7.559999942779541,7.570000171661377,4.842501640319824,43200
7.610000133514404,7.619999885559082,7.449999809265137,7.510000228881836,4.804119110107422,24900
7.519999980926514,7.559999942779541,7.5,7.559999942779541,4.836105346679688,71100
7.539999961853027,7.559999942779541,7.449999809265137,7.510000228881836,4.804119110107422,71600
7.460000038146973,7.46999979019165,7.380000114440918,7.409999847412109,4.765531063079834,84900
7.389999866485596,7.440000057220459,7.349999904632568,7.389999866485596,4.75267219543457,60500
7.429999828338623,7.449999809265137,7.360000133514404,7.369999885559082,4.739805698394775,70800
7.400000095367432,7.409999847412109,7.349999904632568,7.380000114440918,4.746239185333252,59300
7.360000133514404,7.429999828338623,7.360000133514404,7.429999828338623,4.77839469909668,37900
7.440000057220459,7.489999771118164,7.429999828338623,7.46999979019165,4.804119110107422,53900
7.489999771118164,7.519999980926514,7.360000133514404,7.460000038146973,4.797688484191895,97000
7.480000019073486,7.539999961853027,7.449999809265137,7.510000228881836,4.829843997955322,49600
7.460000038146973,7.5,7.400000095367432,7.420000076293945,4.771964550018311,68800
7.429999828338623,7.480000019073486,7.389999866485596,7.449999809265137,4.791257381439209,72700
7.480000019073486,7.480000019073486,7.400000095367432,7.449999809265137,4.791257381439209,58100
7.46999979019165,7.650000095367432,7.449999809265137,7.650000095367432,4.9198808670043945,110900
7.630000114440918,7.739999771118164,7.579999923706055,7.739999771118164,4.977762699127197,164000
7.75,7.849999904632568,7.71999979019165,7.849999904632568,5.048506259918213,83300
7.820000171661377,7.989999771118164,7.75,7.849999904632568,5.048506259918213,128000
7.889999866485596,7.980000019073486,7.869999885559082,7.96999979019165,5.125679016113281,41700
7.940000057220459,8.039999961853027,7.909999847412109,7.96999979019165,5.125679016113281,195100
7.96999979019165,8.0600004196167,7.96999979019165,8.0600004196167,5.183560848236084,107200
8.039999961853027,8.039999961853027,7.860000133514404,7.920000076293945,5.093524932861328,95400
7.980000019073486,7.980000019073486,7.860000133514404,7.900000095367432,5.080661296844482,66000
7.940000057220459,7.940000057220459,7.78000020980835,7.889999866485596,5.074230194091797,81200
7.849999904632568,7.849999904632568,7.710000038146973,7.730000019073486,4.971329689025879,54700
7.730000019073486,7.849999904632568,7.730000019073486,7.739999771118164,4.977762699127197,57200
7.739999771118164,7.829999923706055,7.699999809265137,7.730000019073486,4.971329689025879,95700
7.769999980926514,7.789999961853027,7.630000114440918,7.630000114440918,4.932544231414795,109400
7.639999866485596,7.78000020980835,7.630000114440918,7.75,5.010117053985596,78800
7.730000019073486,7.760000228881836,7.679999828338623,7.699999809265137,4.97779655456543,57100
7.71999979019165,7.760000228881836,7.679999828338623,7.760000228881836,5.016584396362305,47300
7.75,7.800000190734863,7.71999979019165,7.75,5.010117053985596,54700
7.75,7.820000171661377,7.739999771118164,7.739999771118164,5.003655910491943,93400
7.739999771118164,7.829999923706055,7.739999771118164,7.75,5.010117053985596,76000
7.760000228881836,7.789999961853027,7.710000038146973,7.730000019073486,4.997190952301025,77800
7.71999979019165,7.800000190734863,7.71999979019165,7.789999961853027,5.035977840423584,57000
7.75,7.829999923706055,7.730000019073486,7.829999923706055,5.061836242675781,69400
7.849999904632568,7.849999904632568,7.760000228881836,7.760000228881836,5.016584396362305,70700
7.800000190734863,7.800000190734863,7.769999980926514,7.800000190734863,5.042442798614502,39700
7.769999980926514,7.800000190734863,7.639999866485596,7.800000190734863,5.042442798614502,55500
7.769999980926514,7.800000190734863,7.769999980926514,7.800000190734863,5.042442798614502,40600
7.75,7.800000190734863,7.699999809265137,7.710000038146973,4.984260082244873,58800
7.710000038146973,7.789999961853027,7.710000038146973,7.730000019073486,4.997190952301025,69900
7.690000057220459,7.789999961853027,7.670000076293945,7.690000057220459,4.971329689025879,59000
7.670000076293945,7.690000057220459,7.579999923706055,7.590000152587891,4.906682968139648,57300
7.619999885559082,7.650000095367432,7.53000020980835,7.53000020980835,4.867896556854248,33500
7.510000228881836,7.570000171661377,7.489999771118164,7.550000190734863,4.880824565887451,115100
7.519999980926514,7.590000152587891,7.480000019073486,7.579999923706055,4.926318645477295,44800
7.559999942779541,7.679999828338623,7.519999980926514,7.570000171661377,4.919820308685303,89000
7.630000114440918,7.659999847412109,7.590000152587891,7.599999904632568,4.939317226409912,55800
7.639999866485596,7.639999866485596,7.539999961853027,7.639999866485596,4.9653143882751465,71500
7.630000114440918,7.639999866485596,7.579999923706055,7.639999866485596,4.9653143882751465,27700
7.619999885559082,7.619999885559082,7.53000020980835,7.599999904632568,4.939317226409912,64000
7.579999923706055,7.579999923706055,7.380000114440918,7.489999771118164,4.867827892303467,73600
7.510000228881836,7.590000152587891,7.340000152587891,7.369999885559082,4.78983736038208,192600
7.360000133514404,7.46999979019165,7.340000152587891,7.440000057220459,4.835330486297607,61700
7.480000019073486,7.53000020980835,7.349999904632568,7.449999809265137,4.841829299926758,195600
7.460000038146973,7.550000190734863,7.460000038146973,7.53000020980835,4.893824577331543,123900
7.559999942779541,7.610000133514404,7.510000228881836,7.599999904632568,4.939317226409912,71200
7.599999904632568,7.670000076293945,7.550000190734863,7.670000076293945,4.984811782836914,101100
7.730000019073486,7.730000019073486,7.650000095367432,7.690000057220459,4.997809886932373,65300
7.730000019073486,7.739999771118164,7.690000057220459,7.71999979019165,5.017305374145508,62000
7.71999979019165,7.730000019073486,7.670000076293945,7.730000019073486,5.023805618286133,62600
7.75,7.760000228881836,7.690000057220459,7.71999979019165,5.017305374145508,76600
7.760000228881836,7.809999942779541,7.730000019073486,7.800000190734863,5.069299221038818,94500
7.789999961853027,7.800000190734863,7.739999771118164,7.78000020980835,5.056302070617676,68100
7.78000020980835,7.829999923706055,7.730000019073486,7.800000190734863,5.069299221038818,80600
7.840000152587891,7.840000152587891,7.75,7.809999942779541,5.075798511505127,95900
7.840000152587891,7.840000152587891,7.769999980926514,7.820000171661377,5.082297325134277,126400
7.860000133514404,7.860000133514404,7.78000020980835,7.820000171661377,5.082297325134277,110300
7.840000152587891,7.840000152587891,7.75,7.809999942779541,5.075798511505127,118000
7.800000190734863,7.880000114440918,7.78000020980835,7.820000171661377,5.108461856842041,102200
7.860000133514404,7.920000076293945,7.849999904632568,7.900000095367432,5.160721302032471,86100
7.920000076293945,7.920000076293945,7.880000114440918,7.920000076293945,5.173787593841553,104400
7.920000076293945,8.0,7.900000095367432,8.0,5.226047039031982,73100
7.980000019073486,8.09000015258789,7.96999979019165,8.09000015258789,5.284841060638428,111700
8.100000381469727,8.140000343322754,8.020000457763672,8.140000343322754,5.317503929138184,92600
8.149999618530273,8.229999542236328,8.069999694824219,8.229999542236328,5.376296043395996,180800
8.239999771118164,8.239999771118164,8.119999885559082,8.180000305175781,5.343632221221924,79800
8.220000267028809,8.25,8.100000381469727,8.25,5.389360904693604,111100
8.260000228881836,8.34000015258789,8.199999809265137,8.289999961853027,5.4154953956604,123600
8.34000015258789,8.34000015258789,8.130000114440918,8.149999618530273,5.324036598205566,118700
8.199999809265137,8.199999809265137,8.100000381469727,8.149999618530273,5.324036598205566,92700
8.199999809265137,8.199999809265137,8.100000381469727,8.149999618530273,5.324036598205566,87100
8.180000305175781,8.229999542236328,8.100000381469727,8.229999542236328,5.376296043395996,75900
8.180000305175781,8.199999809265137,8.119999885559082,8.1899995803833,5.35016393661499,108700
8.180000305175781,8.180000305175781,8.029999732971191,8.029999732971191,5.245645999908447,67600
8.069999694824219,8.079999923706055,7.949999809265137,7.96999979019165,5.206449508666992,61500
8.0,8.0,7.920000076293945,7.929999828338623,5.180320262908936,71700
7.96999979019165,8.039999961853027,7.909999847412109,7.96999979019165,5.206449508666992,63500
7.989999771118164,7.989999771118164,7.840000152587891,7.929999828338623,5.180320262908936,83900
7.909999847412109,7.909999847412109,7.820000171661377,7.840000152587891,5.146839141845703,57100
7.880000114440918,7.900000095367432,7.809999942779541,7.809999942779541,5.12714433670044,25300
7.840000152587891,7.840000152587891,7.659999847412109,7.670000076293945,5.035238265991211,105700
7.75,7.789999961853027,7.690000057220459,7.769999980926514,5.10088586807251,48900
7.800000190734863,7.809999942779541,7.710000038146973,7.75,5.087754726409912,84100
7.789999961853027,7.869999885559082,7.75,7.849999904632568,5.153405666351318,65000
7.889999866485596,7.960000038146973,7.860000133514404,7.960000038146973,5.225618839263916,75700
7.96999979019165,7.96999979019165,7.900000095367432,7.929999828338623,5.205923557281494,29100
7.889999866485596,7.949999809265137,7.800000190734863,7.809999942779541,5.12714433670044,114700
7.829999923706055,7.880000114440918,7.769999980926514,7.809999942779541,5.12714433670044,58000
7.809999942779541,7.860000133514404,7.730000019073486,7.78000020980835,5.107450008392334,87000
7.809999942779541,7.820000171661377,7.670000076293945,7.769999980926514,5.10088586807251,93100
7.71999979019165,7.71999979019165,7.650000095367432,7.699999809265137,5.054931640625,55300
7.71999979019165,7.800000190734863,7.670000076293945,7.78000020980835,5.107450008392334,37500
7.820000171661377,7.840000152587891,7.690000057220459,7.809999942779541,5.12714433670044,78000
7.809999942779541,7.880000114440918,7.78000020980835,7.840000152587891,5.146839141845703,77000
7.880000114440918,7.920000076293945,7.880000114440918,7.889999866485596,5.179662704467773,58400
7.840000152587891,7.869999885559082,7.820000171661377,7.840000152587891,5.146839141845703,59600
7.789999961853027,7.789999961853027,7.699999809265137,7.75,5.111879825592041,32400
7.760000228881836,7.769999980926514,7.570000171661377,7.639999866485596,5.03932523727417,138700
7.670000076293945,7.670000076293945,7.21999979019165,7.53000020980835,4.96676778793335,216100
7.53000020980835,7.71999979019165,7.489999771118164,7.699999809265137,5.07889986038208,60100
7.679999828338623,7.829999923706055,7.679999828338623,7.789999961853027,5.138262271881104,69300
7.789999961853027,7.840000152587891,7.739999771118164,7.840000152587891,5.171243190765381,77500
7.869999885559082,7.889999866485596,7.829999923706055,7.880000114440918,5.197628974914551,70100
7.929999828338623,7.929999828338623,7.869999885559082,7.900000095367432,5.210821151733398,24100
7.929999828338623,7.929999828338623,7.800000190734863,7.849999904632568,5.177839756011963,52400
7.900000095367432,7.96999979019165,7.860000133514404,7.96999979019165,5.256991863250732,90800
7.96999979019165,7.989999771118164,7.909999847412109,7.96999979019165,5.256991863250732,110700
7.980000019073486,8.020000457763672,7.960000038146973,8.020000457763672,5.289972305297852,85500
8.0600004196167,8.0600004196167,7.960000038146973,8.0,5.276780128479004,100600
8.029999732971191,8.079999923706055,7.940000057220459,8.029999732971191,5.296567440032959,130800
8.050000190734863,8.050000190734863,7.980000019073486,8.020000457763672,5.289972305297852,74800
8.029999732971191,8.079999923706055,7.980000019073486,8.069999694824219,5.3229498863220215,84900
8.069999694824219,8.069999694824219,7.96999979019165,8.050000190734863,5.309759140014648,90000
8.069999694824219,8.069999694824219,8.020000457763672,8.029999732971191,5.296567440032959,97400
8.050000190734863,8.0600004196167,7.949999809265137,7.980000019073486,5.263588905334473,97100
8.0,8.100000381469727,7.900000095367432,8.029999732971191,5.296567440032959,78400
8.079999923706055,8.09000015258789,7.989999771118164,8.069999694824219,5.3229498863220215,107900
8.0600004196167,8.109999656677246,7.960000038146973,8.109999656677246,5.349333763122559,144900
8.069999694824219,8.100000381469727,7.960000038146973,8.069999694824219,5.3229498863220215,66600
8.0600004196167,8.0600004196167,7.860000133514404,8.0,5.276780128479004,87600
7.920000076293945,7.949999809265137,7.710000038146973,7.739999771118164,5.12900447845459,102800
7.989999771118164,8.029999732971191,7.739999771118164,7.869999885559082,5.215151786804199,91500
7.889999866485596,7.909999847412109,7.760000228881836,7.760000228881836,5.142261505126953,75500
7.800000190734863,7.920000076293945,7.730000019073486,7.829999923706055,5.188645839691162,107500
7.880000114440918,7.880000114440918,7.730000019073486,7.809999942779541,5.1753926277160645,112800
7.769999980926514,7.800000190734863,7.579999923706055,7.599999904632568,5.036232948303223,119400
7.590000152587891,7.599999904632568,7.489999771118164,7.519999980926514,4.98322057723999,113700
7.449999809265137,7.590000152587891,7.449999809265137,7.550000190734863,5.003100395202637,77200
7.599999904632568,7.619999885559082,7.460000038146973,7.619999885559082,5.04948616027832,83600
7.639999866485596,7.789999961853027,7.639999866485596,7.789999961853027,5.162137508392334,48100
7.829999923706055,7.860000133514404,7.760000228881836,7.809999942779541,5.1753926277160645,37300
7.849999904632568,7.960000038146973,7.769999980926514,7.949999809265137,5.268165588378906,40200
7.96999979019165,8.020000457763672,7.900000095367432,7.980000019073486,5.28804349899292,51300
7.920000076293945,7.949999809265137,7.800000190734863,7.860000133514404,5.208526134490967,79800
7.840000152587891,7.929999828338623,7.820000171661377,7.900000095367432,5.235032558441162,63500
7.889999866485596,7.889999866485596,7.800000190734863,7.840000152587891,5.195272922515869,51000
7.889999866485596,7.889999866485596,7.760000228881836,7.840000152587891,5.195272922515869,89600
7.880000114440918,7.909999847412109,7.829999923706055,7.909999847412109,5.2416582107543945,80400
7.820000171661377,7.869999885559082,7.71999979019165,7.730000019073486,5.146452903747559,130800
7.75,7.860000133514404,7.670000076293945,7.860000133514404,5.233003616333008,72900
7.889999866485596,7.900000095367432,7.809999942779541,7.860000133514404,5.233003616333008,41400
7.809999942779541,7.889999866485596,7.809999942779541,7.860000133514404,5.233003616333008,67400
7.909999847412109,7.920000076293945,7.869999885559082,7.920000076293945,5.272949695587158,65600
7.920000076293945,8.020000457763672,7.900000095367432,8.020000457763672,5.339527606964111,54900
8.039999961853027,8.039999961853027,7.920000076293945,8.020000457763672,5.339527606964111,43500
8.039999961853027,8.039999961853027,7.929999828338623,8.029999732971191,5.346184253692627,98800
8.029999732971191,8.029999732971191,7.78000020980835,7.869999885559082,5.239660263061523,85900
7.920000076293945,8.010000228881836,7.809999942779541,7.880000114440918,5.24631929397583,72600
7.900000095367432,7.929999828338623,7.760000228881836,7.849999904632568,5.226345539093018,83600
7.900000095367432,7.900000095367432,7.78000020980835,7.840000152587891,5.219687461853027,81900
7.820000171661377,7.920000076293945,7.739999771118164,7.789999961853027,5.186399936676025,92500
7.739999771118164,7.840000152587891,7.739999771118164,7.800000190734863,5.193058013916016,65700
7.880000114440918,7.880000114440918,7.730000019073486,7.78000020980835,5.179740905761719,57300
7.820000171661377,7.840000152587891,7.78000020980835,7.840000152587891,5.219687461853027,27200
7.869999885559082,7.909999847412109,7.829999923706055,7.900000095367432,5.2596354484558105,29800
7.949999809265137,7.949999809265137,7.840000152587891,7.920000076293945,5.272949695587158,71200
7.880000114440918,7.909999847412109,7.849999904632568,7.900000095367432,5.2596354484558105,59900
7.820000171661377,7.860000133514404,7.800000190734863,7.829999923706055,5.237560749053955,70600
7.880000114440918,7.880000114440918,7.730000019073486,7.739999771118164,5.177359104156494,62700
7.710000038146973,7.760000228881836,7.699999809265137,7.760000228881836,5.190737724304199,110900
7.769999980926514,7.78000020980835,7.659999847412109,7.690000057220459,5.143913269042969,98900
7.75,7.760000228881836,7.630000114440918,7.659999847412109,5.123846530914307,91300
7.710000038146973,7.75,7.630000114440918,7.75,5.184046268463135,60100
7.71999979019165,7.730000019073486,7.650000095367432,7.699999809265137,5.150603771209717,78300
7.699999809265137,7.710000038146973,7.639999866485596,7.710000038146973,5.157291889190674,29000
7.670000076293945,7.71999979019165,7.590000152587891,7.71999979019165,5.163978576660156,111600
7.679999828338623,7.71999979019165,7.630000114440918,7.71999979019165,5.163978576660156,45600
7.699999809265137,7.78000020980835,7.679999828338623,7.760000228881836,5.190737724304199,35600
7.760000228881836,7.789999961853027,7.699999809265137,7.699999809265137,5.150603771209717,50900
7.730000019073486,7.789999961853027,7.699999809265137,7.789999961853027,5.210805892944336,43100
7.78000020980835,7.78000020980835,7.639999866485596,7.679999828338623,5.137223243713379,42300
7.730000019073486,7.730000019073486,7.639999866485596,7.670000076293945,5.130536079406738,38200
7.710000038146973,7.769999980926514,7.670000076293945,7.769999980926514,5.197426795959473,55100
7.739999771118164,7.769999980926514,7.730000019073486,7.769999980926514,5.197426795959473,52700
7.75,7.760000228881836,7.679999828338623,7.739999771118164,5.177359104156494,59300
7.670000076293945,7.699999809265137,7.550000190734863,7.559999942779541,5.056956768035889,120700
7.550000190734863,7.570000171661377,7.510000228881836,7.519999980926514,5.054938316345215,158200
7.539999961853027,7.550000190734863,7.510000228881836,7.53000020980835,5.061659336090088,89000
7.519999980926514,7.550000190734863,7.46999979019165,7.550000190734863,5.0751051902771,301900
7.510000228881836,7.519999980926514,7.409999847412109,7.460000038146973,5.014608383178711,140300
7.46999979019165,7.630000114440918,7.449999809265137,7.630000114440918,5.128880977630615,54900
7.590000152587891,7.630000114440918,7.5,7.53000020980835,5.061659336090088,117300
7.590000152587891,7.690000057220459,7.559999942779541,7.690000057220459,5.169212341308594,58700
7.679999828338623,7.730000019073486,7.630000114440918,7.699999809265137,5.175932884216309,47400
7.670000076293945,7.679999828338623,7.559999942779541,7.650000095367432,5.14232349395752,44900
7.619999885559082,7.659999847412109,7.550000190734863,7.590000152587891,5.101993560791016,97300
7.570000171661377,7.570000171661377,7.510000228881836,7.570000171661377,5.088549137115479,79100
7.599999904632568,7.769999980926514,7.570000171661377,7.769999980926514,5.222987651824951,85600
7.769999980926514,7.789999961853027,7.71999979019165,7.71999979019165,5.189378261566162,51500
7.739999771118164,7.789999961853027,7.639999866485596,7.730000019073486,5.196101665496826,33800
7.690000057220459,7.699999809265137,7.639999866485596,7.650000095367432,5.14232349395752,48200
7.650000095367432,7.650000095367432,7.579999923706055,7.639999866485596,5.135603427886963,22100
7.650000095367432,7.71999979019165,7.619999885559082,7.690000057220459,5.169212341308594,51800
7.659999847412109,7.800000190734863,7.599999904632568,7.679999828338623,5.16248893737793,123100
7.690000057220459,7.690000057220459,7.579999923706055,7.599999904632568,5.108712673187256,32700
7.590000152587891,7.619999885559082,7.550000190734863,7.550000190734863,5.0751051902771,44700
7.550000190734863,7.590000152587891,7.53000020980835,7.559999942779541,5.081826210021973,112300
7.570000171661377,7.590000152587891,7.550000190734863,7.550000190734863,5.0751051902771,36000
7.619999885559082,7.679999828338623,7.579999923706055,7.630000114440918,5.128880977630615,43200
7.650000095367432,7.650000095367432,7.550000190734863,7.599999904632568,5.108712673187256,41100
7.559999942779541,7.610000133514404,7.510000228881836,7.519999980926514,5.079665184020996,88000
7.579999923706055,7.619999885559082,7.510000228881836,7.510000228881836,5.072914123535156,100300
7.570000171661377,7.590000152587891,7.53000020980835,7.570000171661377,5.113442897796631,45000
7.610000133514404,7.679999828338623,7.559999942779541,7.639999866485596,5.160727500915527,60900
7.670000076293945,7.699999809265137,7.619999885559082,7.690000057220459,5.194502353668213,89500
7.699999809265137,7.760000228881836,7.659999847412109,7.679999828338623,5.187747955322266,70600
7.71999979019165,7.71999979019165,7.619999885559082,7.670000076293945,5.180993556976318,41100
7.71999979019165,7.730000019073486,7.679999828338623,7.710000038146973,5.20801305770874,67200
7.670000076293945,7.800000190734863,7.670000076293945,7.800000190734863,5.268807411193848,70500
7.789999961853027,7.820000171661377,7.679999828338623,7.690000057220459,5.194502353668213,70300
7.679999828338623,7.78000020980835,7.659999847412109,7.699999809265137,5.201254844665527,72500
7.739999771118164,7.769999980926514,7.610000133514404,7.639999866485596,5.160727500915527,62600
7.630000114440918,7.679999828338623,7.610000133514404,7.670000076293945,5.180993556976318,47200
7.690000057220459,7.690000057220459,7.630000114440918,7.679999828338623,5.187747955322266,41100
7.670000076293945,7.670000076293945,7.579999923706055,7.599999904632568,5.133706092834473,35200
7.630000114440918,7.699999809265137,7.610000133514404,7.670000076293945,5.180993556976318,112000
7.699999809265137,7.710000038146973,7.53000020980835,7.539999961853027,5.093177318572998,170100
7.539999961853027,7.619999885559082,7.539999961853027,7.570000171661377,5.113442897796631,88600
7.570000171661377,7.610000133514404,7.570000171661377,7.590000152587891,5.126954078674316,87800
7.630000114440918,7.630000114440918,7.53000020980835,7.53000020980835,5.086424350738525,79300
7.53000020980835,7.53000020980835,7.510000228881836,7.510000228881836,5.097963333129883,84800
7.53000020980835,7.53000020980835,7.5,7.5,5.091175556182861,86400
7.519999980926514,7.53000020980835,7.5,7.510000228881836,5.097963333129883,126700
7.510000228881836,7.550000190734863,7.5,7.550000190734863,5.1251139640808105,34600
7.53000020980835,7.550000190734863,7.5,7.5,5.091175556182861,65000
7.510000228881836,7.510000228881836,7.5,7.510000228881836,5.097963333129883,47700
7.510000228881836,7.519999980926514,7.5,7.510000228881836,5.097963333129883,92600
7.510000228881836,7.53000020980835,7.5,7.519999980926514,5.104750633239746,29100
7.510000228881836,7.510000228881836,7.5,7.510000228881836,5.097963333129883,21100
7.510000228881836,7.53000020980835,7.46999979019165,7.46999979019165,5.070810317993164,74500
7.46999979019165,7.46999979019165,7.289999961853027,7.320000171661377,4.968987464904785,200100
7.289999961853027,7.320000171661377,7.260000228881836,7.309999942779541,4.962199687957764,72100
7.320000171661377,7.329999923706055,7.099999904632568,7.139999866485596,4.846800327301025,90100
7.110000133514404,7.139999866485596,6.789999961853027,6.96999979019165,4.731399059295654,174700
6.900000095367432,6.96999979019165,6.820000171661377,6.96999979019165,4.731399059295654,199400
6.989999771118164,7.050000190734863,6.949999809265137,7.050000190734863,4.785706043243408,79100
7.059999942779541,7.130000114440918,7.039999961853027,7.130000114440918,4.840011119842529,116000
7.119999885559082,7.159999847412109,7.070000171661377,7.110000133514404,4.826431751251221,78900
7.159999847412109,7.159999847412109,6.96999979019165,6.980000019073486,4.73818826675415,94100
6.949999809265137,6.949999809265137,6.800000190734863,6.820000171661377,4.629574298858643,140700
6.880000114440918,6.880000114440918,6.659999847412109,6.71999979019165,4.561692237854004,159100
6.659999847412109,6.78000020980835,6.599999904632568,6.739999771118164,4.575267791748047,146000
6.71999979019165,6.849999904632568,6.690000057220459,6.820000171661377,4.629574298858643,88500
6.869999885559082,6.869999885559082,6.75,6.800000190734863,4.6159987449646,80000
6.769999980926514,6.769999980926514,6.670000076293945,6.739999771118164,4.6003031730651855,115600
6.71999979019165,6.760000228881836,6.699999809265137,6.71999979019165,4.586648464202881,172300
6.690000057220459,6.690000057220459,6.550000190734863,6.639999866485596,4.532049179077148,165800
6.599999904632568,6.659999847412109,6.559999942779541,6.610000133514404,4.511571884155273,135900
6.550000190734863,6.559999942779541,6.320000171661377,6.429999828338623,4.38871431350708,244100
6.46999979019165,6.599999904632568,6.380000114440918,6.559999942779541,4.477445602416992,173400
6.599999904632568,6.809999942779541,6.579999923706055,6.75,4.607125759124756,184200
6.710000038146973,6.849999904632568,6.659999847412109,6.840000152587891,4.668554306030273,99500
6.849999904632568,6.849999904632568,6.699999809265137,6.829999923706055,4.661729335784912,155100
6.849999904632568,6.880000114440918,6.789999961853027,6.880000114440918,4.695857048034668,57400
6.820000171661377,6.880000114440918,6.78000020980835,6.78000020980835,4.627601146697998,87200
6.78000020980835,6.78000020980835,6.639999866485596,6.71999979019165,4.586648464202881,83200
6.670000076293945,6.679999828338623,6.510000228881836,6.53000020980835,4.456968784332275,89000
6.550000190734863,6.650000095367432,6.539999961853027,6.650000095367432,4.538871765136719,117400
6.619999885559082,6.670000076293945,6.610000133514404,6.659999847412109,4.545697212219238,67500
6.710000038146973,6.710000038146973,6.5,6.550000190734863,4.470621585845947,91900
6.570000171661377,6.710000038146973,6.559999942779541,6.679999828338623,4.559349536895752,120600
6.630000114440918,6.679999828338623,6.550000190734863,6.590000152587891,4.497920513153076,70900
6.579999923706055,6.639999866485596,6.550000190734863,6.610000133514404,4.511571884155273,131400
6.579999923706055,6.599999904632568,6.53000020980835,6.579999923706055,4.516376972198486,92400
6.570000171661377,6.630000114440918,6.5,6.579999923706055,4.516376972198486,113300
6.610000133514404,6.630000114440918,6.480000019073486,6.489999771118164,4.454602718353272,93700
6.550000190734863,6.550000190734863,6.449999809265137,6.5,4.4614667892456055,167600
6.46999979019165,6.46999979019165,6.369999885559082,6.380000114440918,4.379100799560547,97500
6.380000114440918,6.510000228881836,6.380000114440918,6.5,4.4614667892456055,130800
6.480000019073486,6.489999771118164,6.340000152587891,6.400000095367432,4.392828941345215,141200
6.349999904632568,6.369999885559082,6.210000038146973,6.269999980926514,4.3035969734191895,286600
6.269999980926514,6.349999904632568,6.210000038146973,6.289999961853027,4.317325592041016,164700
6.230000019073486,6.320000171661377,6.230000019073486,6.289999961853027,4.317325592041016,94200
6.329999923706055,6.329999923706055,6.239999771118164,6.320000171661377,4.337915897369385,44900
6.329999923706055,6.329999923706055,6.260000228881836,6.329999923706055,4.344781875610352,109900
6.289999961853027,6.329999923706055,6.230000019073486,6.300000190734863,4.32418966293335,80900
6.260000228881836,6.340000152587891,6.25,6.320000171661377,4.337915897369385,87400
6.269999980926514,6.289999961853027,6.179999828338623,6.199999809265137,4.255551338195801,88900
6.190000057220459,6.199999809265137,6.110000133514404,6.130000114440918,4.2075042724609375,140000
6.150000095367432,6.179999828338623,6.019999980926514,6.139999866485596,4.21436882019043,176800
6.119999885559082,6.179999828338623,6.099999904632568,6.150000095367432,4.22123384475708,121200
6.150000095367432,6.150000095367432,6.090000152587891,6.130000114440918,4.2075042724609375,67100
6.150000095367432,6.150000095367432,6.110000133514404,6.119999885559082,4.200644016265869,111100
6.090000152587891,6.090000152587891,6.050000190734863,6.070000171661377,4.191664695739746,98000
6.050000190734863,6.130000114440918,6.050000190734863,6.070000171661377,4.191664695739746,105100
6.010000228881836,6.079999923706055,5.980000019073486,6.0,4.143325328826904,105300
6.070000171661377,6.070000171661377,5.940000057220459,6.0,4.143325328826904,274600
6.0,6.0,5.889999866485596,5.900000095367432,4.074269771575928,235900
5.869999885559082,6.070000171661377,5.869999885559082,6.070000171661377,4.191664695739746,196100
5.989999771118164,6.110000133514404,5.989999771118164,6.070000171661377,4.191664695739746,208500
6.059999942779541,6.150000095367432,6.059999942779541,6.130000114440918,4.233096599578857,216300
6.070000171661377,6.170000076293945,6.059999942779541,6.099999904632568,4.212380886077881,134500
6.079999923706055,6.130000114440918,6.059999942779541,6.059999942779541,4.184756755828857,108800
6.039999961853027,6.130000114440918,6.03000020980835,6.110000133514404,4.219284534454346,186600
6.110000133514404,6.139999866485596,6.059999942779541,6.099999904632568,4.212380886077881,93300
6.059999942779541,6.130000114440918,6.050000190734863,6.130000114440918,4.233096599578857,85200
6.090000152587891,6.119999885559082,6.050000190734863,6.099999904632568,4.212380886077881,110900
6.090000152587891,6.119999885559082,6.070000171661377,6.119999885559082,4.226191520690918,140600
6.090000152587891,6.119999885559082,6.0,6.099999904632568,4.212380886077881,216500
6.050000190734863,6.099999904632568,6.039999961853027,6.090000152587891,4.205475330352783,78900
6.079999923706055,6.079999923706055,6.019999980926514,6.03000020980835,4.164042949676514,92200
6.019999980926514,6.139999866485596,6.019999980926514,6.130000114440918,4.233096599578857,132600
6.110000133514404,6.150000095367432,6.070000171661377,6.099999904632568,4.212380886077881,171200
6.079999923706055,6.099999904632568,6.0,6.0,4.143325328826904,100500
6.0,6.079999923706055,5.980000019073486,6.0,4.143325328826904,118600
6.0,6.039999961853027,5.980000019073486,6.0,4.143325328826904,153200
6.059999942779541,6.130000114440918,6.050000190734863,6.050000190734863,4.177852153778076,135700
5.989999771118164,6.119999885559082,5.989999771118164,6.119999885559082,4.252196788787842,162200
6.090000152587891,6.269999980926514,6.039999961853027,6.269999980926514,4.356418132781982,172700
6.269999980926514,6.28000020980835,6.21999979019165,6.25,4.342520713806152,73900
6.210000038146973,6.329999923706055,6.210000038146973,6.269999980926514,4.356418132781982,157700
6.230000019073486,6.309999942779541,6.230000019073486,6.25,4.342520713806152,109700
6.289999961853027,6.360000133514404,6.260000228881836,6.360000133514404,4.418948650360107,146800
6.329999923706055,6.389999866485596,6.329999923706055,6.349999904632568,4.412003040313721,92100
6.369999885559082,6.400000095367432,6.349999904632568,6.389999866485596,4.439793586730957,116000
6.400000095367432,6.400000095367432,6.349999904632568,6.400000095367432,4.446741104125977,81700
6.389999866485596,6.409999847412109,6.369999885559082,6.409999847412109,4.4536895751953125,89400
6.389999866485596,6.440000057220459,6.389999866485596,6.389999866485596,4.439793586730957,149600
6.349999904632568,6.440000057220459,6.320000171661377,6.420000076293945,4.460639953613281,106400
6.420000076293945,6.420000076293945,6.289999961853027,6.300000190734863,4.377261638641357,70000
6.320000171661377,6.349999904632568,6.239999771118164,6.239999771118164,4.335573196411133,80800
6.21999979019165,6.260000228881836,6.139999866485596,6.139999866485596,4.266093730926514,78600
6.150000095367432,6.190000057220459,6.119999885559082,6.190000057220459,4.300832748413086,50200
6.179999828338623,6.239999771118164,6.130000114440918,6.179999828338623,4.29388427734375,107000
6.179999828338623,6.230000019073486,6.159999847412109,6.179999828338623,4.29388427734375,93300
6.210000038146973,6.21999979019165,6.190000057220459,6.190000057220459,4.300832748413086,25900
6.179999828338623,6.210000038146973,6.159999847412109,6.190000057220459,4.300832748413086,50700
6.099999904632568,6.159999847412109,6.099999904632568,6.110000133514404,4.27077579498291,61100
6.119999885559082,6.179999828338623,6.059999942779541,6.179999828338623,4.319705009460449,116800
6.130000114440918,6.329999923706055,6.130000114440918,6.269999980926514,4.382613658905029,121000
6.25,6.320000171661377,6.190000057220459,6.269999980926514,4.382613658905029,94700
6.289999961853027,6.300000190734863,6.21999979019165,6.21999979019165,4.347665309906006,73100
6.25,6.260000228881836,6.179999828338623,6.179999828338623,4.319705009460449,129300
6.170000076293945,6.25,6.170000076293945,6.25,4.368635177612305,58200
6.230000019073486,6.28000020980835,6.230000019073486,6.230000019073486,4.35465669631958,58600
6.239999771118164,6.260000228881836,6.210000038146973,6.21999979019165,4.347665309906006,73300
6.199999809265137,6.25,6.199999809265137,6.25,4.368635177612305,92900
6.230000019073486,6.28000020980835,6.230000019073486,6.260000228881836,4.375624656677246,59100
6.239999771118164,6.28000020980835,6.239999771118164,6.28000020980835,4.389603137969971,61000
6.260000228881836,6.289999961853027,6.239999771118164,6.28000020980835,4.389603137969971,84500
6.260000228881836,6.269999980926514,6.21999979019165,6.239999771118164,4.361645698547363,137400
6.230000019073486,6.340000152587891,6.199999809265137,6.289999961853027,4.396595001220703,148300
6.269999980926514,6.300000190734863,6.21999979019165,6.300000190734863,4.40358304977417,97700
6.300000190734863,6.349999904632568,6.25,6.340000152587891,4.431542873382568,77300
6.309999942779541,6.349999904632568,6.309999942779541,6.329999923706055,4.424552917480469,76700
6.349999904632568,6.349999904632568,6.179999828338623,6.190000057220459,4.326694488525391,127900
6.179999828338623,6.300000190734863,6.179999828338623,6.269999980926514,4.382613658905029,87400
6.230000019073486,6.28000020980835,6.199999809265137,6.210000038146973,4.365741729736328,143200
6.210000038146973,6.289999961853027,6.210000038146973,6.25,4.393861770629883,146600
6.28000020980835,6.300000190734863,6.210000038146973,6.239999771118164,4.386833190917969,120700
6.21999979019165,6.289999961853027,6.21999979019165,6.239999771118164,4.386833190917969,55800
6.239999771118164,6.289999961853027,6.239999771118164,6.260000228881836,4.400891304016113,101900
6.239999771118164,6.28000020980835,6.239999771118164,6.260000228881836,4.400891304016113,98700
6.25,6.309999942779541,6.239999771118164,6.269999980926514,4.407922744750977,87500
6.28000020980835,6.289999961853027,6.21999979019165,6.21999979019165,4.372772693634033,82600
6.230000019073486,6.28000020980835,6.21999979019165,6.25,4.393861770629883,107200
6.25,6.269999980926514,6.079999923706055,6.110000133514404,4.295439720153809,185200
6.119999885559082,6.210000038146973,6.059999942779541,6.170000076293945,4.337621212005615,166900
6.119999885559082,6.139999866485596,6.03000020980835,6.050000190734863,4.25325870513916,221300
6.099999904632568,6.099999904632568,6.019999980926514,6.050000190734863,4.25325870513916,46700
6.019999980926514,6.070000171661377,6.0,6.010000228881836,4.225140571594238,138200
6.0,6.050000190734863,6.0,6.0,4.218106269836426,80200
6.039999961853027,6.050000190734863,5.96999979019165,6.010000228881836,4.225140571594238,147600
5.96999979019165,6.03000020980835,5.929999828338623,5.949999809265137,4.182956218719482,181500
6.019999980926514,6.03000020980835,5.900000095367432,5.920000076293945,4.161866664886475,149100
5.920000076293945,5.980000019073486,5.900000095367432,5.920000076293945,4.161866664886475,154700
5.929999828338623,5.949999809265137,5.900000095367432,5.920000076293945,4.161866664886475,134800
5.900000095367432,6.010000228881836,5.900000095367432,5.989999771118164,4.2110772132873535,174500
5.949999809265137,6.0,5.940000057220459,5.960000038146973,4.189987659454346,306700
5.96999979019165,5.989999771118164,5.940000057220459,5.960000038146973,4.189987659454346,82300
5.929999828338623,6.039999961853027,5.909999847412109,6.010000228881836,4.225140571594238,206000
5.940000057220459,6.099999904632568,5.929999828338623,6.090000152587891,4.3071818351745605,316600
6.070000171661377,6.21999979019165,6.070000171661377,6.21999979019165,4.399123191833496,285900
6.239999771118164,6.320000171661377,6.190000057220459,6.28000020980835,4.44155740737915,234100
6.260000228881836,6.380000114440918,6.260000228881836,6.340000152587891,4.4839935302734375,283300
6.320000171661377,6.53000020980835,6.309999942779541,6.329999923706055,4.476919174194336,218500
6.409999847412109,6.420000076293945,6.329999923706055,6.340000152587891,4.4839935302734375,124700
6.28000020980835,6.389999866485596,6.260000228881836,6.369999885559082,4.505210876464844,161600
6.329999923706055,6.349999904632568,6.239999771118164,6.25,4.420340538024902,171700
6.21999979019165,6.289999961853027,6.190000057220459,6.199999809265137,4.384976863861084,221200
6.170000076293945,6.300000190734863,6.139999866485596,6.25,4.420340538024902,266300
6.21999979019165,6.269999980926514,6.159999847412109,6.230000019073486,4.406198024749756,192100
6.21999979019165,6.25,6.179999828338623,6.199999809265137,4.384976863861084,118300
6.199999809265137,6.309999942779541,6.199999809265137,6.25,4.420340538024902,104800
6.25,6.329999923706055,6.25,6.289999961853027,4.448631763458252,128100
6.269999980926514,6.300000190734863,6.239999771118164,6.239999771118164,4.41326904296875,106200
6.260000228881836,6.300000190734863,6.260000228881836,6.269999980926514,4.43448543548584,34900
6.269999980926514,6.409999847412109,6.260000228881836,6.409999847412109,4.533499240875244,65600
6.369999885559082,6.440000057220459,6.360000133514404,6.400000095367432,4.526429653167725,87900
6.389999866485596,6.389999866485596,6.329999923706055,6.340000152587891,4.508650779724121,80400
6.369999885559082,6.429999828338623,6.349999904632568,6.409999847412109,4.558428287506104,118700
6.389999866485596,6.460000038146973,6.329999923706055,6.329999923706055,4.501539707183838,74600
6.340000152587891,6.429999828338623,6.340000152587891,6.409999847412109,4.558428287506104,55100
6.400000095367432,6.449999809265137,6.369999885559082,6.369999885559082,4.529983043670654,44900
6.389999866485596,6.409999847412109,6.349999904632568,6.360000133514404,4.522871494293213,42500
6.389999866485596,6.449999809265137,6.380000114440918,6.440000057220459,4.579764366149902,142900
6.440000057220459,6.449999809265137,6.389999866485596,6.420000076293945,4.56554126739502,48200
6.400000095367432,6.409999847412109,6.360000133514404,6.389999866485596,4.544206619262695,53300
6.360000133514404,6.380000114440918,6.309999942779541,6.320000171661377,4.494426250457764,66700
6.309999942779541,6.349999904632568,6.28000020980835,6.320000171661377,4.494426250457764,95300
6.309999942779541,6.380000114440918,6.300000190734863,6.369999885559082,4.529983043670654,137300
6.369999885559082,6.389999866485596,6.309999942779541,6.340000152587891,4.508650779724121,145100
6.329999923706055,6.400000095367432,6.320000171661377,6.340000152587891,4.508650779724121,121800
6.369999885559082,6.389999866485596,6.329999923706055,6.329999923706055,4.501539707183838,61700
6.420000076293945,6.420000076293945,6.320000171661377,6.349999904632568,4.515761852264404,88500
6.320000171661377,6.340000152587891,6.269999980926514,6.340000152587891,4.508650779724121,79200
6.309999942779541,6.360000133514404,6.300000190734863,6.320000171661377,4.494426250457764,65800
6.320000171661377,6.380000114440918,6.320000171661377,6.369999885559082,4.529983043670654,55700
6.349999904632568,6.400000095367432,6.320000171661377,6.349999904632568,4.515761852264404,116400
6.340000152587891,6.369999885559082,6.329999923706055,6.349999904632568,4.515761852264404,65400
6.349999904632568,6.380000114440918,6.329999923706055,6.380000114440918,4.537096977233887,68000
6.360000133514404,6.409999847412109,6.349999904632568,6.400000095367432,4.551319122314453,75700
6.340000152587891,6.360000133514404,6.300000190734863,6.320000171661377,4.519141674041748,126700
6.300000190734863,6.349999904632568,6.300000190734863,6.340000152587891,4.533442974090576,109600
6.329999923706055,6.369999885559082,6.320000171661377,6.340000152587891,4.533442974090576,72000
6.349999904632568,6.380000114440918,6.309999942779541,6.320000171661377,4.519141674041748,68400
6.320000171661377,6.340000152587891,6.309999942779541,6.309999942779541,4.511990070343018,62300
6.329999923706055,6.360000133514404,6.300000190734863,6.309999942779541,4.511990070343018,109200
6.320000171661377,6.340000152587891,6.300000190734863,6.309999942779541,4.511990070343018,55700
6.309999942779541,6.349999904632568,6.309999942779541,6.349999904632568,4.540591716766357,86600
6.369999885559082,6.400000095367432,6.340000152587891,6.360000133514404,4.54774284362793,138400
6.360000133514404,6.409999847412109,6.360000133514404,6.389999866485596,4.569194316864014,89500
6.389999866485596,6.409999847412109,6.369999885559082,6.380000114440918,4.562045097351074,64100
6.389999866485596,6.449999809265137,6.380000114440918,6.440000057220459,4.604948043823242,128400
6.420000076293945,6.440000057220459,6.369999885559082,6.369999885559082,4.554893493652344,68800
6.349999904632568,6.389999866485596,6.309999942779541,6.360000133514404,4.54774284362793,113200
6.360000133514404,6.400000095367432,6.340000152587891,6.400000095367432,4.576346397399902,53500
6.400000095367432,6.400000095367432,6.340000152587891,6.360000133514404,4.54774284362793,74600
6.360000133514404,6.510000228881836,6.340000152587891,6.5,4.647851467132568,221600
6.489999771118164,6.519999980926514,6.440000057220459,6.440000057220459,4.604948043823242,58900
6.449999809265137,6.480000019073486,6.400000095367432,6.400000095367432,4.576346397399902,50500
6.400000095367432,6.449999809265137,6.400000095367432,6.409999847412109,4.583495140075684,61300
6.369999885559082,6.400000095367432,6.360000133514404,6.389999866485596,4.593560695648193,90400
6.380000114440918,6.409999847412109,6.340000152587891,6.409999847412109,4.607936382293701,91700
6.369999885559082,6.369999885559082,6.309999942779541,6.349999904632568,4.5648040771484375,90300
6.349999904632568,6.389999866485596,6.349999904632568,6.389999866485596,4.593560695648193,29000
6.409999847412109,6.449999809265137,6.389999866485596,6.449999809265137,4.636692523956299,54700
6.449999809265137,6.489999771118164,6.420000076293945,6.480000019073486,4.658257961273193,121800
6.46999979019165,6.489999771118164,6.449999809265137,6.489999771118164,4.665445804595947,62100
6.46999979019165,6.559999942779541,6.46999979019165,6.53000020980835,4.6942009925842285,93800
6.510000228881836,6.550000190734863,6.510000228881836,6.53000020980835,4.6942009925842285,42500
6.550000190734863,6.550000190734863,6.46999979019165,6.5,4.672635555267334,78600
6.5,6.5,6.420000076293945,6.420000076293945,4.615124702453613,118700
6.449999809265137,6.449999809265137,6.349999904632568,6.389999866485596,4.593560695648193,101800
6.389999866485596,6.429999828338623,6.349999904632568,6.429999828338623,4.622315406799316,71900
6.420000076293945,6.440000057220459,6.369999885559082,6.409999847412109,4.607936382293701,77600
6.389999866485596,6.420000076293945,6.369999885559082,6.369999885559082,4.579182147979736,107300
6.360000133514404,6.380000114440918,6.360000133514404,6.360000133514404,4.571993350982666,61700
6.380000114440918,6.440000057220459,6.369999885559082,6.369999885559082,4.579182147979736,104600
6.389999866485596,6.420000076293945,6.380000114440918,6.380000114440918,4.586371421813965,68300
6.380000114440918,6.389999866485596,6.360000133514404,6.369999885559082,4.579182147979736,68700
6.380000114440918,6.400000095367432,6.360000133514404,6.389999866485596,4.593560695648193,135000
6.380000114440918,6.400000095367432,6.360000133514404,6.400000095367432,4.624634265899658,67700
6.400000095367432,6.400000095367432,6.369999885559082,6.389999866485596,4.617405891418457,101800
6.400000095367432,6.400000095367432,6.380000114440918,6.389999866485596,4.617405891418457,122500
6.429999828338623,6.440000057220459,6.400000095367432,6.429999828338623,4.646309852600098,57900
6.429999828338623,6.489999771118164,6.429999828338623,6.489999771118164,4.689664840698242,66000
6.480000019073486,6.550000190734863,6.480000019073486,6.550000190734863,4.733021259307861,79100
6.489999771118164,6.559999942779541,6.480000019073486,6.539999961853027,4.725796699523926,65000
6.550000190734863,6.599999904632568,6.53000020980835,6.599999904632568,4.769150733947754,79200
6.590000152587891,6.630000114440918,6.590000152587891,6.630000114440918,4.790829658508301,63000
6.619999885559082,6.619999885559082,6.550000190734863,6.590000152587891,4.761926174163818,55600
6.610000133514404,6.639999866485596,6.590000152587891,6.619999885559082,4.783602714538574,81200
6.630000114440918,6.71999979019165,6.619999885559082,6.659999847412109,4.812506675720215,80600
6.679999828338623,6.679999828338623,6.579999923706055,6.619999885559082,4.783602714538574,54500
6.590000152587891,6.690000057220459,6.579999923706055,6.679999828338623,4.826959133148193,126800
6.670000076293945,6.679999828338623,6.650000095367432,6.679999828338623,4.826959133148193,44700
6.650000095367432,6.690000057220459,6.650000095367432,6.679999828338623,4.826959133148193,54500
6.659999847412109,6.71999979019165,6.659999847412109,6.699999809265137,4.84141206741333,31800
6.699999809265137,6.699999809265137,6.679999828338623,6.690000057220459,4.83418607711792,27200
6.710000038146973,6.710000038146973,6.650000095367432,6.699999809265137,4.84141206741333,56500
6.659999847412109,6.679999828338623,6.630000114440918,6.630000114440918,4.814542293548584,44500
6.610000133514404,6.670000076293945,6.610000133514404,6.670000076293945,4.843591690063477,56700
6.670000076293945,6.670000076293945,6.599999904632568,6.630000114440918,4.814542293548584,100200
6.619999885559082,6.650000095367432,6.619999885559082,6.639999866485596,4.821803569793701,39900
6.630000114440918,6.650000095367432,6.630000114440918,6.639999866485596,4.821803569793701,38000
6.650000095367432,6.670000076293945,6.630000114440918,6.650000095367432,4.829066753387451,60300
6.670000076293945,6.670000076293945,6.630000114440918,6.650000095367432,4.829066753387451,150000
6.650000095367432,6.659999847412109,6.630000114440918,6.639999866485596,4.821803569793701,109200
6.659999847412109,6.659999847412109,6.630000114440918,6.650000095367432,4.829066753387451,82800
6.639999866485596,6.650000095367432,6.630000114440918,6.639999866485596,4.821803569793701,78500
6.639999866485596,6.699999809265137,6.639999866485596,6.690000057220459,4.858114242553711,74800
6.679999828338623,6.75,6.679999828338623,6.739999771118164,4.894423007965088,80400
6.75,6.75,6.71999979019165,6.739999771118164,4.894423007965088,72100
6.75,6.820000171661377,6.75,6.809999942779541,4.945253849029541,76200
6.78000020980835,6.800000190734863,6.670000076293945,6.670000076293945,4.843591690063477,88100
6.650000095367432,6.690000057220459,6.639999866485596,6.639999866485596,4.821803569793701,71700
6.639999866485596,6.650000095367432,6.630000114440918,6.630000114440918,4.814542293548584,46700
6.619999885559082,6.679999828338623,6.619999885559082,6.650000095367432,4.829066753387451,77900
6.650000095367432,6.659999847412109,6.619999885559082,6.619999885559082,4.807280540466309,48000
6.619999885559082,6.789999961853027,6.619999885559082,6.730000019073486,4.887160778045654,110600
6.710000038146973,6.710000038146973,6.610000133514404,6.659999847412109,4.83632755279541,103800
6.639999866485596,6.739999771118164,6.630000114440918,6.730000019073486,4.887160778045654,100000
6.71999979019165,6.71999979019165,6.610000133514404,6.630000114440918,4.814542293548584,132700
6.650000095367432,6.659999847412109,6.619999885559082,6.619999885559082,4.807280540466309,71900
6.590000152587891,6.590000152587891,6.510000228881836,6.510000228881836,4.751086711883545,126600
6.539999961853027,6.579999923706055,6.5,6.570000171661377,4.794875144958496,95400
6.570000171661377,6.570000171661377,6.489999771118164,6.519999980926514,4.758383750915527,80600
6.519999980926514,6.539999961853027,6.480000019073486,6.480000019073486,4.72919225692749,86800
6.5,6.539999961853027,6.46999979019165,6.46999979019165,4.7218918800354,149900
6.46999979019165,6.539999961853027,6.440000057220459,6.539999961853027,4.772979736328125,154400
6.559999942779541,6.579999923706055,6.5,6.550000190734863,4.780278205871582,115800
6.539999961853027,6.579999923706055,6.5,6.579999923706055,4.802172183990479,63500
6.550000190734863,6.599999904632568,6.550000190734863,6.570000171661377,4.794875144958496,49800
6.599999904632568,6.610000133514404,6.570000171661377,6.599999904632568,4.816767692565918,63400
6.599999904632568,6.599999904632568,6.579999923706055,6.599999904632568,4.816767692565918,69600
6.570000171661377,6.570000171661377,6.5,6.5,4.743788719177246,37600
6.5,6.5,6.400000095367432,6.400000095367432,4.670807361602783,97200
6.360000133514404,6.460000038146973,6.260000228881836,6.429999828338623,4.69270133972168,132700
6.460000038146973,6.480000019073486,6.420000076293945,6.480000019073486,4.72919225692749,66600
6.449999809265137,6.489999771118164,6.409999847412109,6.489999771118164,4.73648738861084,52900
6.480000019073486,6.480000019073486,6.429999828338623,6.440000057220459,4.699998378753662,54200
6.429999828338623,6.480000019073486,6.429999828338623,6.480000019073486,4.72919225692749,20800
6.5,6.510000228881836,6.46999979019165,6.510000228881836,4.751086711883545,67400
6.480000019073486,6.489999771118164,6.440000057220459,6.440000057220459,4.723945140838623,98500
6.420000076293945,6.460000038146973,6.409999847412109,6.460000038146973,4.738615036010742,79800
6.440000057220459,6.480000019073486,6.440000057220459,6.480000019073486,4.753288269042969,46900
6.46999979019165,6.5,6.460000038146973,6.5,4.767958641052246,38900
6.480000019073486,6.489999771118164,6.460000038146973,6.460000038146973,4.738615036010742,77100
6.460000038146973,6.46999979019165,6.429999828338623,6.449999809265137,4.731279373168945,65700
6.449999809265137,6.5,6.449999809265137,6.489999771118164,4.760622024536133,84900
6.46999979019165,6.5,6.449999809265137,6.480000019073486,4.753288269042969,89500
6.460000038146973,6.5,6.460000038146973,6.489999771118164,4.760622024536133,57000
6.46999979019165,6.510000228881836,6.46999979019165,6.46999979019165,4.745948791503906,49900
6.489999771118164,6.510000228881836,6.480000019073486,6.5,4.767958641052246,76900
6.5,6.5,6.46999979019165,6.46999979019165,4.745948791503906,65000
6.429999828338623,6.449999809265137,6.400000095367432,6.449999809265137,4.731279373168945,135400
6.449999809265137,6.489999771118164,6.409999847412109,6.420000076293945,4.709273338317871,112600
6.429999828338623,6.449999809265137,6.369999885559082,6.369999885559082,4.672599792480469,45200
6.369999885559082,6.400000095367432,6.360000133514404,6.369999885559082,4.672599792480469,42700
6.369999885559082,6.420000076293945,6.369999885559082,6.400000095367432,4.694603443145752,44700
6.400000095367432,6.46999979019165,6.389999866485596,6.46999979019165,4.745948791503906,48100
6.46999979019165,6.519999980926514,6.449999809265137,6.449999809265137,4.731279373168945,115200
6.5,6.5,6.460000038146973,6.480000019073486,4.753288269042969,33700
6.460000038146973,6.489999771118164,6.420000076293945,6.420000076293945,4.733378410339356,54500
6.440000057220459,6.480000019073486,6.440000057220459,6.46999979019165,4.770241737365723,68400
6.46999979019165,6.5,6.440000057220459,6.46999979019165,4.770241737365723,58100
6.46999979019165,6.5,6.440000057220459,6.449999809265137,4.755497455596924,64200
6.429999828338623,6.489999771118164,6.429999828338623,6.429999828338623,4.740753173828125,61300
6.440000057220459,6.46999979019165,6.400000095367432,6.420000076293945,4.733378410339356,122800
6.429999828338623,6.449999809265137,6.420000076293945,6.449999809265137,4.755497455596924,95100
6.460000038146973,6.5,6.440000057220459,6.449999809265137,4.755497455596924,62200
6.449999809265137,6.480000019073486,6.429999828338623,6.449999809265137,4.755497455596924,73800
6.46999979019165,6.46999979019165,6.389999866485596,6.400000095367432,4.718633651733398,190300
6.409999847412109,6.449999809265137,6.400000095367432,6.420000076293945,4.733378410339356,139700
6.420000076293945,6.46999979019165,6.420000076293945,6.420000076293945,4.733378410339356,86800
6.440000057220459,6.480000019073486,6.420000076293945,6.420000076293945,4.733378410339356,124400
6.460000038146973,6.480000019073486,6.440000057220459,6.449999809265137,4.755497455596924,142200
6.449999809265137,6.480000019073486,6.449999809265137,6.449999809265137,4.755497455596924,61200
6.460000038146973,6.46999979019165,6.440000057220459,6.460000038146973,4.762871265411377,97500
6.440000057220459,6.480000019073486,6.429999828338623,6.429999828338623,4.740753173828125,72400
6.460000038146973,6.5,6.449999809265137,6.449999809265137,4.755497455596924,106100
6.489999771118164,6.5,6.480000019073486,6.480000019073486,4.777618885040283,110200
6.46999979019165,6.519999980926514,6.449999809265137,6.519999980926514,4.807107925415039,145400
6.5,6.539999961853027,6.5,6.539999961853027,4.821853160858154,127800
6.539999961853027,6.550000190734863,6.510000228881836,6.510000228881836,4.799735069274902,53000
6.489999771118164,6.519999980926514,6.429999828338623,6.460000038146973,4.762871265411377,118000
6.449999809265137,6.480000019073486,6.429999828338623,6.429999828338623,4.740753173828125,56700
6.409999847412109,6.550000190734863,6.409999847412109,6.5,4.817086696624756,250600
6.480000019073486,6.53000020980835,6.46999979019165,6.489999771118164,4.809673309326172,67500
6.480000019073486,6.5,6.460000038146973,6.460000038146973,4.787441253662109,65700
6.460000038146973,6.480000019073486,6.420000076293945,6.420000076293945,4.757796287536621,86200
6.420000076293945,6.449999809265137,6.420000076293945,6.420000076293945,4.757796287536621,66300
6.409999847412109,6.440000057220459,6.409999847412109,6.409999847412109,4.750384330749512,45700
6.409999847412109,6.440000057220459,6.389999866485596,6.400000095367432,4.742976188659668,91000
6.420000076293945,6.510000228881836,6.400000095367432,6.429999828338623,4.7652082443237305,262100
6.440000057220459,6.480000019073486,6.420000076293945,6.46999979019165,4.7948503494262695,58600
6.440000057220459,6.53000020980835,6.440000057220459,6.53000020980835,4.839317321777344,69100
6.53000020980835,6.550000190734863,6.489999771118164,6.550000190734863,4.8541412353515625,56700
6.53000020980835,6.570000171661377,6.5,6.570000171661377,4.868961811065674,119700
6.550000190734863,6.559999942779541,6.519999980926514,6.53000020980835,4.839317321777344,50200
6.510000228881836,6.53000020980835,6.5,6.510000228881836,4.824495792388916,45200
6.510000228881836,6.539999961853027,6.5,6.5,4.817086696624756,69500
6.5,6.539999961853027,6.489999771118164,6.489999771118164,4.809673309326172,61400
6.5,6.559999942779541,6.480000019073486,6.480000019073486,4.80226469039917,123700
6.5,6.53000020980835,6.46999979019165,6.46999979019165,4.7948503494262695,125400
6.460000038146973,6.510000228881836,6.460000038146973,6.5,4.817086696624756,47700
6.46999979019165,6.510000228881836,6.460000038146973,6.510000228881836,4.824495792388916,68900
6.489999771118164,6.519999980926514,6.460000038146973,6.5,4.8416290283203125,59700
6.46999979019165,6.550000190734863,6.449999809265137,6.550000190734863,4.878871917724609,180700
6.539999961853027,6.599999904632568,6.519999980926514,6.590000152587891,4.908666610717773,111500
6.579999923706055,6.610000133514404,6.559999942779541,6.559999942779541,4.886320114135742,54000
6.539999961853027,6.579999923706055,6.539999961853027,6.570000171661377,4.893768787384033,67700
6.559999942779541,6.590000152587891,6.53000020980835,6.579999923706055,4.901217460632324,145000
6.559999942779541,6.590000152587891,6.53000020980835,6.579999923706055,4.901217460632324,79800
6.559999942779541,6.650000095367432,6.550000190734863,6.639999866485596,4.945909023284912,81600
6.619999885559082,6.619999885559082,6.590000152587891,6.590000152587891,4.908666610717773,45000
6.579999923706055,6.630000114440918,6.579999923706055,6.610000133514404,4.923563480377197,137400
6.619999885559082,6.619999885559082,6.570000171661377,6.570000171661377,4.893768787384033,181500
6.579999923706055,6.610000133514404,6.539999961853027,6.539999961853027,4.871421813964844,44000
6.550000190734863,6.610000133514404,6.550000190734863,6.550000190734863,4.878871917724609,51300
6.579999923706055,6.599999904632568,6.53000020980835,6.53000020980835,4.8639726638793945,99100
6.579999923706055,6.590000152587891,6.53000020980835,6.53000020980835,4.8639726638793945,88500
6.539999961853027,6.579999923706055,6.53000020980835,6.570000171661377,4.893768787384033,52900
6.570000171661377,6.610000133514404,6.559999942779541,6.610000133514404,4.923563480377197,90400
6.599999904632568,6.619999885559082,6.590000152587891,6.590000152587891,4.908666610717773,52600
6.579999923706055,6.619999885559082,6.579999923706055,6.599999904632568,4.916115760803223,63100
6.599999904632568,6.619999885559082,6.590000152587891,6.610000133514404,4.923563480377197,69700
6.599999904632568,6.650000095367432,6.599999904632568,6.619999885559082,4.93101167678833,68700
6.599999904632568,6.650000095367432,6.590000152587891,6.630000114440918,4.938459873199463,70900
6.650000095367432,6.650000095367432,6.630000114440918,6.630000114440918,4.938459873199463,41600
6.630000114440918,6.650000095367432,6.579999923706055,6.610000133514404,4.923563480377197,142900
6.630000114440918,6.630000114440918,6.559999942779541,6.570000171661377,4.893768787384033,96800
6.550000190734863,6.579999923706055,6.519999980926514,6.519999980926514,4.881040573120117,86100
6.53000020980835,6.559999942779541,6.510000228881836,6.539999961853027,4.8960137367248535,112000
6.570000171661377,6.599999904632568,6.510000228881836,6.539999961853027,4.8960137367248535,103200
6.570000171661377,6.570000171661377,6.46999979019165,6.46999979019165,4.843609809875488,95900
6.5,6.539999961853027,6.460000038146973,6.46999979019165,4.843609809875488,87900
6.510000228881836,6.53000020980835,6.489999771118164,6.489999771118164,4.85858154296875,133500
6.519999980926514,6.539999961853027,6.460000038146973,6.489999771118164,4.85858154296875,113100
6.519999980926514,6.519999980926514,6.460000038146973,6.480000019073486,4.851098537445068,68200
6.5,6.53000020980835,6.480000019073486,6.480000019073486,4.851098537445068,102200
6.5,6.53000020980835,6.46999979019165,6.53000020980835,4.888526916503906,105400
6.539999961853027,6.599999904632568,6.539999961853027,6.599999904632568,4.940932750701904,73000
6.590000152587891,6.659999847412109,6.579999923706055,6.659999847412109,4.985847473144531,93600
6.619999885559082,6.659999847412109,6.590000152587891,6.630000114440918,4.963390827178955,82300
6.630000114440918,6.639999866485596,6.550000190734863,6.619999885559082,4.955904960632324,127600
6.599999904632568,6.619999885559082,6.559999942779541,6.610000133514404,4.9484171867370605,71900
6.619999885559082,6.650000095367432,6.590000152587891,6.630000114440918,4.963390827178955,96700
6.639999866485596,6.639999866485596,6.570000171661377,6.619999885559082,4.955904960632324,47900
6.599999904632568,6.630000114440918,6.570000171661377,6.630000114440918,4.963390827178955,32700
6.619999885559082,6.659999847412109,6.579999923706055,6.619999885559082,4.955904960632324,106400
6.590000152587891,6.610000133514404,6.519999980926514,6.610000133514404,4.973208427429199,77200
6.599999904632568,6.650000095367432,6.480000019073486,6.590000152587891,4.9581618309021,133100
6.579999923706055,6.590000152587891,6.519999980926514,6.590000152587891,4.9581618309021,95800
6.590000152587891,6.630000114440918,6.570000171661377,6.630000114440918,4.988256931304932,53800
6.610000133514404,6.639999866485596,6.599999904632568,6.639999866485596,4.995779037475586,44900
6.619999885559082,6.639999866485596,6.539999961853027,6.550000190734863,4.928067207336426,182400
6.559999942779541,6.599999904632568,6.559999942779541,6.590000152587891,4.9581618309021,45900
6.599999904632568,6.610000133514404,6.559999942779541,6.590000152587891,4.9581618309021,56200
6.579999923706055,6.630000114440918,6.550000190734863,6.610000133514404,4.973208427429199,99300
6.610000133514404,6.630000114440918,6.550000190734863,6.619999885559082,4.980733394622803,98400
6.630000114440918,6.670000076293945,6.610000133514404,6.639999866485596,4.995779037475586,94400
6.630000114440918,6.690000057220459,6.619999885559082,6.639999866485596,4.995779037475586,86600
6.650000095367432,6.659999847412109,6.599999904632568,6.610000133514404,4.973208427429199,85800
6.619999885559082,6.679999828338623,6.619999885559082,6.679999828338623,5.025875568389893,66100
6.659999847412109,6.699999809265137,6.650000095367432,6.650000095367432,5.003305435180664,94000
6.650000095367432,6.679999828338623,6.630000114440918,6.679999828338623,5.025875568389893,87000
6.670000076293945,6.690000057220459,6.659999847412109,6.679999828338623,5.025875568389893,60800
6.679999828338623,6.699999809265137,6.659999847412109,6.679999828338623,5.025875568389893,59300
6.670000076293945,6.699999809265137,6.639999866485596,6.699999809265137,5.065187454223633,78300
6.699999809265137,6.71999979019165,6.679999828338623,6.679999828338623,5.050066947937012,67900
6.699999809265137,6.739999771118164,6.690000057220459,6.699999809265137,5.065187454223633,85200
6.730000019073486,6.730000019073486,6.670000076293945,6.670000076293945,5.042508125305176,89700
6.670000076293945,6.699999809265137,6.659999847412109,6.659999847412109,5.034946441650391,96200
6.679999828338623,6.730000019073486,6.670000076293945,6.710000038146973,5.072746753692627,70100
6.710000038146973,6.730000019073486,6.690000057220459,6.690000057220459,5.057626724243164,94900
6.699999809265137,6.75,6.690000057220459,6.739999771118164,5.095427513122559,139800
6.739999771118164,6.75,6.710000038146973,6.710000038146973,5.072746753692627,85700
6.730000019073486,6.75,6.710000038146973,6.75,5.102988243103027,102100
6.75,6.820000171661377,6.75,6.820000171661377,5.155907154083252,179100
6.769999980926514,6.840000152587891,6.769999980926514,6.829999923706055,5.16346549987793,90200
6.840000152587891,6.900000095367432,6.840000152587891,6.900000095367432,5.216387748718262,124100
6.889999866485596,6.980000019073486,6.889999866485596,6.96999979019165,5.269308090209961,127400
6.960000038146973,7.010000228881836,6.929999828338623,6.949999809265137,5.254186153411865,242500
6.929999828338623,6.949999809265137,6.869999885559082,6.869999885559082,5.193706512451172,162100
6.889999866485596,6.909999847412109,6.869999885559082,6.909999847412109,5.223945617675781,109300
6.900000095367432,6.949999809265137,6.800000190734863,6.829999923706055,5.16346549987793,121400
6.800000190734863,6.849999904632568,6.760000228881836,6.789999961853027,5.133228302001953,58700
6.789999961853027,6.809999942779541,6.71999979019165,6.730000019073486,5.087867259979248,72500
6.71999979019165,6.760000228881836,6.71999979019165,6.730000019073486,5.087867259979248,29000
6.71999979019165,6.769999980926514,6.71999979019165,6.75,5.102988243103027,31800
6.739999771118164,6.78000020980835,6.739999771118164,6.769999980926514,5.118105411529541,47300
6.730000019073486,6.730000019073486,6.570000171661377,6.610000133514404,5.020879745483398,87000
6.550000190734863,6.650000095367432,6.550000190734863,6.650000095367432,5.051264762878418,97400
6.670000076293945,6.730000019073486,6.670000076293945,6.699999809265137,5.089243412017822,74600
6.699999809265137,6.730000019073486,6.639999866485596,6.650000095367432,5.051264762878418,67000
6.679999828338623,6.710000038146973,6.650000095367432,6.650000095367432,5.051264762878418,30100
6.690000057220459,6.690000057220459,6.639999866485596,6.679999828338623,5.074050426483154,92700
6.690000057220459,6.71999979019165,6.690000057220459,6.690000057220459,5.081645488739014,62900
6.670000076293945,6.699999809265137,6.659999847412109,6.690000057220459,5.081645488739014,76500
6.710000038146973,6.71999979019165,6.690000057220459,6.71999979019165,5.104433536529541,48700
6.699999809265137,6.71999979019165,6.699999809265137,6.710000038146973,5.096837997436523,40900
6.71999979019165,6.730000019073486,6.699999809265137,6.71999979019165,5.104433536529541,33500
6.710000038146973,6.739999771118164,6.710000038146973,6.739999771118164,5.119627475738525,31900
6.75,6.75,6.710000038146973,6.730000019073486,5.112030982971191,38900
6.699999809265137,6.71999979019165,6.630000114440918,6.630000114440918,5.03607177734375,141700
6.619999885559082,6.75,6.590000152587891,6.75,5.127223014831543,63200
6.739999771118164,6.800000190734863,6.710000038146973,6.769999980926514,5.142412662506104,58700
6.760000228881836,6.760000228881836,6.71999979019165,6.71999979019165,5.104433536529541,33400
6.71999979019165,6.739999771118164,6.679999828338623,6.679999828338623,5.074050426483154,48900
6.679999828338623,6.710000038146973,6.639999866485596,6.670000076293945,5.066455841064453,38200
6.670000076293945,6.670000076293945,6.639999866485596,6.670000076293945,5.066455841064453,50000
6.639999866485596,6.639999866485596,6.590000152587891,6.590000152587891,5.030577659606934,80200
6.619999885559082,6.679999828338623,6.579999923706055,6.679999828338623,5.099279403686523,56000
6.650000095367432,6.679999828338623,6.579999923706055,6.590000152587891,5.030577659606934,49800
6.610000133514404,6.670000076293945,6.590000152587891,6.670000076293945,5.091647624969482,90400
6.670000076293945,6.679999828338623,6.630000114440918,6.670000076293945,5.091647624969482,45900
6.670000076293945,6.699999809265137,6.610000133514404,6.699999809265137,5.114545822143555,39700
6.679999828338623,6.690000057220459,6.630000114440918,6.659999847412109,5.084012985229492,59100
6.659999847412109,6.670000076293945,6.610000133514404,6.619999885559082,5.053477764129639,61600
6.619999885559082,6.690000057220459,6.619999885559082,6.690000057220459,5.106913566589356,51000
6.690000057220459,6.699999809265137,6.639999866485596,6.699999809265137,5.114545822143555,43800
6.690000057220459,6.75,6.670000076293945,6.75,5.152716159820557,110900
6.75,6.769999980926514,6.690000057220459,6.710000038146973,5.122180461883545,80700
6.699999809265137,6.710000038146973,6.650000095367432,6.650000095367432,5.076378345489502,52600
6.659999847412109,6.699999809265137,6.639999866485596,6.670000076293945,5.091647624969482,54700
6.679999828338623,6.699999809265137,6.659999847412109,6.670000076293945,5.091647624969482,43100
6.690000057220459,6.739999771118164,6.690000057220459,6.739999771118164,5.145081520080566,56100
6.739999771118164,6.739999771118164,6.699999809265137,6.699999809265137,5.114545822143555,31900
6.71999979019165,6.730000019073486,6.670000076293945,6.670000076293945,5.091647624969482,66800
6.690000057220459,6.690000057220459,6.650000095367432,6.650000095367432,5.076378345489502,68400
6.639999866485596,6.730000019073486,6.639999866485596,6.730000019073486,5.163069248199463,125400
6.71999979019165,6.75,6.710000038146973,6.75,5.178412437438965,79200
6.739999771118164,6.769999980926514,6.730000019073486,6.769999980926514,5.193755626678467,43500
6.75,6.789999961853027,6.730000019073486,6.789999961853027,5.209099769592285,37600
6.78000020980835,6.800000190734863,6.739999771118164,6.760000228881836,5.186084747314453,47200
6.75,6.75,6.710000038146973,6.730000019073486,5.163069248199463,37900
6.739999771118164,6.75,6.670000076293945,6.670000076293945,5.117038726806641,42900
6.670000076293945,6.699999809265137,6.650000095367432,6.690000057220459,5.132380962371826,46100
6.679999828338623,6.710000038146973,6.659999847412109,6.659999847412109,5.109366893768311,35500
6.679999828338623,6.730000019073486,6.650000095367432,6.650000095367432,5.101696491241455,77300
6.659999847412109,6.699999809265137,6.659999847412109,6.690000057220459,5.132380962371826,52300
6.670000076293945,6.71999979019165,6.650000095367432,6.71999979019165,5.155396461486816,61300
6.71999979019165,6.71999979019165,6.690000057220459,6.710000038146973,5.1477251052856445,43800
6.71999979019165,6.71999979019165,6.679999828338623,6.710000038146973,5.1477251052856445,91400
6.679999828338623,6.690000057220459,6.659999847412109,6.659999847412109,5.109366893768311,46300
6.650000095367432,6.670000076293945,6.610000133514404,6.630000114440918,5.086352348327637,67700
6.610000133514404,6.619999885559082,6.579999923706055,6.579999923706055,5.047992706298828,96200
6.570000171661377,6.610000133514404,6.550000190734863,6.590000152587891,5.055666446685791,55700
6.610000133514404,6.639999866485596,6.610000133514404,6.639999866485596,5.09402322769165,28900
6.619999885559082,6.650000095367432,6.570000171661377,6.610000133514404,5.071008682250977,65600
6.559999942779541,6.579999923706055,6.510000228881836,6.53000020980835,5.034770488739014,44800
6.550000190734863,6.599999904632568,6.519999980926514,6.53000020980835,5.034770488739014,59600
6.519999980926514,6.590000152587891,6.510000228881836,6.590000152587891,5.081031799316406,48200
6.590000152587891,6.610000133514404,6.570000171661377,6.610000133514404,5.096452236175537,65700
6.599999904632568,6.599999904632568,6.519999980926514,6.53000020980835,5.034770488739014,39600
6.5,6.53000020980835,6.409999847412109,6.510000228881836,5.019351959228516,110500
6.480000019073486,6.519999980926514,6.460000038146973,6.460000038146973,4.980799198150635,38400
6.5,6.53000020980835,6.489999771118164,6.489999771118164,5.003929138183594,43000
6.5,6.519999980926514,6.429999828338623,6.449999809265137,4.97308874130249,130400
6.449999809265137,6.5,6.440000057220459,6.440000057220459,4.965378284454346,59200
6.440000057220459,6.510000228881836,6.420000076293945,6.460000038146973,4.980799198150635,84400
6.449999809265137,6.510000228881836,6.449999809265137,6.489999771118164,5.003929138183594,76900
6.5,6.510000228881836,6.449999809265137,6.460000038146973,4.980799198150635,98300
6.46999979019165,6.46999979019165,6.440000057220459,6.449999809265137,4.97308874130249,93900
6.440000057220459,6.480000019073486,6.420000076293945,6.420000076293945,4.949958324432373,129900
6.429999828338623,6.449999809265137,6.400000095367432,6.400000095367432,4.9345383644104,108200
6.400000095367432,6.440000057220459,6.380000114440918,6.440000057220459,4.965378284454346,87200
6.409999847412109,6.420000076293945,6.400000095367432,6.409999847412109,4.942248344421387,155400
6.400000095367432,6.449999809265137,6.349999904632568,6.409999847412109,4.942248344421387,231900
6.380000114440918,6.449999809265137,6.380000114440918,6.429999828338623,4.957669734954834,155100
6.429999828338623,6.440000057220459,6.380000114440918,6.380000114440918,4.919116020202637,120300
6.389999866485596,6.440000057220459,6.389999866485596,6.440000057220459,4.965378284454346,94400
6.429999828338623,6.46999979019165,6.409999847412109,6.429999828338623,4.957669734954834,78900
6.449999809265137,6.53000020980835,6.429999828338623,6.519999980926514,5.027060031890869,73700
6.5,6.539999961853027,6.440000057220459,6.46999979019165,5.013885498046875,75100
6.46999979019165,6.480000019073486,6.420000076293945,6.46999979019165,5.013885498046875,56900
6.46999979019165,6.510000228881836,6.46999979019165,6.5,5.037136077880859,50500
6.5,6.510000228881836,6.46999979019165,6.5,5.037136077880859,35900
6.480000019073486,6.519999980926514,6.480000019073486,6.519999980926514,5.052633285522461,101500
6.5,6.550000190734863,6.480000019073486,6.510000228881836,5.044885635375977,104900
6.510000228881836,6.53000020980835,6.440000057220459,6.460000038146973,5.006136417388916,67900
6.460000038146973,6.489999771118164,6.440000057220459,6.489999771118164,5.029386043548584,32900
6.480000019073486,6.510000228881836,6.409999847412109,6.489999771118164,5.029386043548584,95200
6.489999771118164,6.489999771118164,6.429999828338623,6.449999809265137,4.998387336730957,62200
6.480000019073486,6.539999961853027,6.420000076293945,6.429999828338623,4.982889652252197,62000
6.449999809265137,6.480000019073486,6.389999866485596,6.429999828338623,4.982889652252197,90300
6.429999828338623,6.460000038146973,6.400000095367432,6.409999847412109,4.967389106750488,53500
6.440000057220459,6.440000057220459,6.360000133514404,6.360000133514404,4.9286417961120605,98200
6.380000114440918,6.46999979019165,6.380000114440918,6.46999979019165,5.013885498046875,40500
6.449999809265137,6.480000019073486,6.409999847412109,6.440000057220459,4.990638256072998,70600
6.449999809265137,6.449999809265137,6.420000076293945,6.429999828338623,4.982889652252197,53500
6.440000057220459,6.449999809265137,6.420000076293945,6.449999809265137,4.998387336730957,32700
6.440000057220459,6.46999979019165,6.400000095367432,6.440000057220459,4.990638256072998,45900
6.389999866485596,6.400000095367432,6.329999923706055,6.400000095367432,4.985186100006104,67700
6.380000114440918,6.389999866485596,6.360000133514404,6.389999866485596,4.977396011352539,65600
6.380000114440918,6.389999866485596,6.349999904632568,6.389999866485596,4.977396011352539,56500
6.380000114440918,6.389999866485596,6.340000152587891,6.349999904632568,4.946238994598389,101800
6.340000152587891,6.349999904632568,6.309999942779541,6.309999942779541,4.91508150100708,56700
6.309999942779541,6.340000152587891,6.309999942779541,6.340000152587891,4.938449859619141,60600
6.320000171661377,6.329999923706055,6.260000228881836,6.269999980926514,4.8839263916015625,453100
6.289999961853027,6.300000190734863,6.25,6.28000020980835,4.891711711883545,196000
6.269999980926514,6.360000133514404,6.269999980926514,6.360000133514404,4.954027652740479,98500
6.349999904632568,6.380000114440918,6.340000152587891,6.380000114440918,4.969604969024658,56400
6.380000114440918,6.380000114440918,6.329999923706055,6.329999923706055,4.930660247802734,124900
6.340000152587891,6.369999885559082,6.340000152587891,6.360000133514404,4.954027652740479,72800
6.320000171661377,6.389999866485596,6.320000171661377,6.360000133514404,4.954027652740479,111100
6.380000114440918,6.400000095367432,6.360000133514404,6.400000095367432,4.985186100006104,115900
6.380000114440918,6.429999828338623,6.380000114440918,6.429999828338623,5.008552551269531,140800
6.429999828338623,6.429999828338623,6.380000114440918,6.389999866485596,4.977396011352539,71400
6.389999866485596,6.400000095367432,6.289999961853027,6.320000171661377,4.9228715896606445,213300
6.309999942779541,6.349999904632568,6.300000190734863,6.320000171661377,4.9228715896606445,57500
6.320000171661377,6.340000152587891,6.28000020980835,6.28000020980835,4.891711711883545,138000
6.269999980926514,6.360000133514404,6.25,6.360000133514404,4.954027652740479,126500
6.329999923706055,6.420000076293945,6.329999923706055,6.409999847412109,4.992973804473877,83900
6.400000095367432,6.440000057220459,6.400000095367432,6.409999847412109,4.992973804473877,78400
6.380000114440918,6.420000076293945,6.380000114440918,6.380000114440918,4.969604969024658,70200
6.400000095367432,6.409999847412109,6.369999885559082,6.389999866485596,4.977396011352539,108200
6.389999866485596,6.440000057220459,6.380000114440918,6.440000057220459,5.016341209411621,80500
6.429999828338623,6.429999828338623,6.329999923706055,6.369999885559082,4.987373352050781,62100
6.329999923706055,6.349999904632568,6.329999923706055,6.340000152587891,4.9638848304748535,89500
6.340000152587891,6.360000133514404,6.289999961853027,6.300000190734863,4.932568550109863,234800
6.340000152587891,6.349999904632568,6.300000190734863,6.320000171661377,4.948226451873779,80800
6.340000152587891,6.340000152587891,6.269999980926514,6.269999980926514,4.909080028533936,133100
6.210000038146973,6.309999942779541,6.210000038146973,6.28000020980835,4.91690731048584,147800
6.28000020980835,6.300000190734863,6.230000019073486,6.289999961853027,4.92473840713501,185200
6.260000228881836,6.340000152587891,6.25,6.340000152587891,4.9638848304748535,126300
6.309999942779541,6.320000171661377,6.269999980926514,6.300000190734863,4.932568550109863,68100
6.309999942779541,6.320000171661377,6.260000228881836,6.260000228881836,4.901249408721924,40400
6.28000020980835,6.300000190734863,6.260000228881836,6.28000020980835,4.91690731048584,58700
6.28000020980835,6.28000020980835,6.25,6.260000228881836,4.901249408721924,47000
6.260000228881836,6.320000171661377,6.260000228881836,6.309999942779541,4.940395355224609,51000
6.300000190734863,6.380000114440918,6.269999980926514,6.369999885559082,4.987373352050781,53900
6.360000133514404,6.360000133514404,6.329999923706055,6.329999923706055,4.956055164337158,51000
6.329999923706055,6.360000133514404,6.320000171661377,6.329999923706055,4.956055164337158,43200
6.320000171661377,6.360000133514404,6.300000190734863,6.360000133514404,4.9795427322387695,38500
6.320000171661377,6.360000133514404,6.300000190734863,6.309999942779541,4.940395355224609,68900
6.300000190734863,6.329999923706055,6.269999980926514,6.320000171661377,4.948226451873779,64500
6.300000190734863,6.300000190734863,6.210000038146973,6.269999980926514,4.934847831726074,125000
6.260000228881836,6.300000190734863,6.25,6.25,4.919103622436523,77800
6.260000228881836,6.369999885559082,6.25,6.300000190734863,4.95845890045166,96800
6.289999961853027,6.380000114440918,6.289999961853027,6.349999904632568,4.997810363769531,84500
6.349999904632568,6.360000133514404,6.320000171661377,6.320000171661377,4.974199771881104,103900
6.309999942779541,6.360000133514404,6.300000190734863,6.329999923706055,4.982068538665772,52800
6.329999923706055,6.360000133514404,6.320000171661377,6.329999923706055,4.982068538665772,50900
6.329999923706055,6.360000133514404,6.329999923706055,6.329999923706055,4.982068538665772,66200
6.349999904632568,6.360000133514404,6.300000190734863,6.300000190734863,4.95845890045166,65700
6.300000190734863,6.329999923706055,6.28000020980835,6.28000020980835,4.942715644836426,49700
6.289999961853027,6.360000133514404,6.289999961853027,6.360000133514404,5.005680561065674,83900
6.369999885559082,6.389999866485596,6.309999942779541,6.389999866485596,5.029292106628418,80800
6.360000133514404,6.369999885559082,6.349999904632568,6.369999885559082,5.013552665710449,55200
6.380000114440918,6.400000095367432,6.360000133514404,6.360000133514404,5.005680561065674,42200
6.389999866485596,6.400000095367432,6.369999885559082,6.389999866485596,5.029292106628418,53300
6.389999866485596,6.440000057220459,6.389999866485596,6.440000057220459,5.06864595413208,60400
6.409999847412109,6.489999771118164,6.409999847412109,6.480000019073486,5.100127696990967,60300
6.46999979019165,6.489999771118164,6.440000057220459,6.489999771118164,5.107999324798584,64000
6.460000038146973,6.5,6.460000038146973,6.489999771118164,5.107999324798584,45800
6.46999979019165,6.46999979019165,6.420000076293945,6.460000038146973,5.084386348724365,57400
6.420000076293945,6.440000057220459,6.380000114440918,6.380000114440918,5.047206401824951,44800
6.429999828338623,6.440000057220459,6.400000095367432,6.400000095367432,5.063027858734131,57500
6.400000095367432,6.449999809265137,6.400000095367432,6.400000095367432,5.063027858734131,119700
6.429999828338623,6.429999828338623,6.389999866485596,6.409999847412109,5.070937633514404,91800
6.400000095367432,6.420000076293945,6.380000114440918,6.380000114440918,5.047206401824951,91800
6.409999847412109,6.460000038146973,6.369999885559082,6.460000038146973,5.11049222946167,113100
6.449999809265137,6.5,6.440000057220459,6.489999771118164,5.134226799011231,98300
6.489999771118164,6.489999771118164,6.460000038146973,6.480000019073486,5.126315593719482,73500
6.460000038146973,6.489999771118164,6.449999809265137,6.489999771118164,5.134226799011231,56400
6.519999980926514,6.519999980926514,6.480000019073486,6.510000228881836,5.150047779083252,40400
6.429999828338623,6.510000228881836,6.429999828338623,6.510000228881836,5.150047779083252,87600
6.480000019073486,6.550000190734863,6.480000019073486,6.5,5.142138957977295,55300
6.5,6.539999961853027,6.440000057220459,6.53000020980835,5.165870189666748,82300
6.550000190734863,6.559999942779541,6.510000228881836,6.53000020980835,5.165870189666748,75800
6.53000020980835,6.639999866485596,6.53000020980835,6.619999885559082,5.237069129943848,110600
6.579999923706055,6.650000095367432,6.519999980926514,6.53000020980835,5.165870189666748,148400
6.559999942779541,6.610000133514404,6.550000190734863,6.610000133514404,5.229159355163574,89900
6.579999923706055,6.610000133514404,6.53000020980835,6.53000020980835,5.165870189666748,58900
6.510000228881836,6.510000228881836,6.460000038146973,6.489999771118164,5.134226799011231,103800
6.46999979019165,6.489999771118164,6.409999847412109,6.429999828338623,5.086759090423584,120400
6.460000038146973,6.53000020980835,6.449999809265137,6.519999980926514,5.157959461212158,59400
6.550000190734863,6.559999942779541,6.5,6.510000228881836,5.150047779083252,39800
6.460000038146973,6.610000133514404,6.460000038146973,6.579999923706055,5.205425262451172,143800
6.599999904632568,6.659999847412109,6.570000171661377,6.639999866485596,5.2528910636901855,120100
6.670000076293945,6.670000076293945,6.619999885559082,6.619999885559082,5.237069129943848,64600
6.610000133514404,6.630000114440918,6.510000228881836,6.570000171661377,5.223552703857422,94700
6.599999904632568,6.630000114440918,6.590000152587891,6.619999885559082,5.263305187225342,91900
6.619999885559082,6.650000095367432,6.590000152587891,6.639999866485596,5.2792067527771,65800
6.650000095367432,6.670000076293945,6.610000133514404,6.670000076293945,5.303060054779053,42400
6.679999828338623,6.739999771118164,6.639999866485596,6.739999771118164,5.358715534210205,50800
6.739999771118164,6.739999771118164,6.679999828338623,6.699999809265137,5.32690954208374,60100
6.71999979019165,6.739999771118164,6.619999885559082,6.730000019073486,5.350762367248535,64000
6.75,6.78000020980835,6.730000019073486,6.78000020980835,5.390515804290772,36000
6.789999961853027,6.789999961853027,6.690000057220459,6.769999980926514,5.382565021514893,165800
6.760000228881836,6.800000190734863,6.679999828338623,6.690000057220459,5.318960666656494,96900
6.71999979019165,6.71999979019165,6.619999885559082,6.670000076293945,5.303060054779053,104400
6.659999847412109,6.659999847412109,6.539999961853027,6.559999942779541,5.215601444244385,88200
6.590000152587891,6.670000076293945,6.550000190734863,6.670000076293945,5.303060054779053,56700
6.630000114440918,6.630000114440918,6.559999942779541,6.590000152587891,5.239452362060547,83100
6.590000152587891,6.639999866485596,6.579999923706055,6.639999866485596,5.2792067527771,165900
6.639999866485596,6.639999866485596,6.599999904632568,6.630000114440918,5.2712578773498535,68500
6.639999866485596,6.690000057220459,6.619999885559082,6.679999828338623,5.311010360717773,80500
6.690000057220459,6.710000038146973,6.679999828338623,6.710000038146973,5.334862232208252,73500
6.71999979019165,6.71999979019165,6.460000038146973,6.519999980926514,5.1837992668151855,123000
6.519999980926514,6.550000190734863,6.510000228881836,6.550000190734863,5.233335971832275,39200
6.53000020980835,6.619999885559082,6.519999980926514,6.619999885559082,5.289264678955078,70500
6.639999866485596,6.71999979019165,6.639999866485596,6.699999809265137,5.353184223175049,89300
6.699999809265137,6.71999979019165,6.659999847412109,6.679999828338623,5.337204456329346,54100
6.699999809265137,6.769999980926514,6.699999809265137,6.730000019073486,5.377152919769287,64800
6.71999979019165,6.75,6.690000057220459,6.71999979019165,5.369163036346436,89300
6.730000019073486,6.789999961853027,6.699999809265137,6.760000228881836,5.401121616363525,80600
6.769999980926514,6.809999942779541,6.71999979019165,6.78000020980835,5.417102813720703,68000
6.769999980926514,6.78000020980835,6.730000019073486,6.78000020980835,5.417102813720703,53100
6.769999980926514,6.829999923706055,6.75,6.820000171661377,5.449061870574951,60700
6.809999942779541,6.889999866485596,6.800000190734863,6.889999866485596,5.5049920082092285,77500
6.900000095367432,6.940000057220459,6.800000190734863,6.800000190734863,5.433083534240723,91100
6.840000152587891,6.920000076293945,6.789999961853027,6.889999866485596,5.5049920082092285,98300
6.860000133514404,6.889999866485596,6.809999942779541,6.889999866485596,5.5049920082092285,46800
6.889999866485596,6.989999771118164,6.869999885559082,6.900000095367432,5.512980937957764,91600
6.929999828338623,6.949999809265137,6.829999923706055,6.829999923706055,5.457050800323486,97400
6.829999923706055,6.909999847412109,6.809999942779541,6.909999847412109,5.520968437194824,65700
6.860000133514404,6.900000095367432,6.840000152587891,6.849999904632568,5.473031997680664,57100
6.860000133514404,6.920000076293945,6.829999923706055,6.860000133514404,5.481019973754883,81400
6.860000133514404,6.880000114440918,6.840000152587891,6.840000152587891,5.465041637420654,118900
6.849999904632568,6.849999904632568,6.789999961853027,6.809999942779541,5.441071510314941,111800
6.760000228881836,6.849999904632568,6.760000228881836,6.789999961853027,5.425092697143555,235600
6.78000020980835,6.820000171661377,6.75,6.760000228881836,5.426697731018066,75000
6.789999961853027,6.789999961853027,6.659999847412109,6.760000228881836,5.426697731018066,112800
6.789999961853027,6.789999961853027,6.730000019073486,6.760000228881836,5.426697731018066,58000
6.769999980926514,6.849999904632568,6.760000228881836,6.829999923706055,5.482892036437988,65700
6.849999904632568,6.849999904632568,6.789999961853027,6.809999942779541,5.466836929321289,27900
6.840000152587891,6.880000114440918,6.829999923706055,6.880000114440918,5.523030281066895,31400
6.880000114440918,6.900000095367432,6.809999942779541,6.809999942779541,5.466836929321289,51800
6.78000020980835,6.849999904632568,6.769999980926514,6.849999904632568,5.498947143554688,70300
6.900000095367432,6.929999828338623,6.849999904632568,6.849999904632568,5.498947143554688,139500
6.840000152587891,6.940000057220459,6.840000152587891,6.900000095367432,5.539085388183594,58000
6.929999828338623,7.0,6.880000114440918,6.949999809265137,5.579223155975342,184100
6.960000038146973,6.96999979019165,6.940000057220459,6.96999979019165,5.595278263092041,75000
6.980000019073486,6.989999771118164,6.869999885559082,6.869999885559082,5.515003681182861,32100
6.909999847412109,6.960000038146973,6.909999847412109,6.949999809265137,5.579223155975342,46700
6.96999979019165,6.989999771118164,6.929999828338623,6.980000019073486,5.603304862976074,51700
6.980000019073486,6.989999771118164,6.880000114440918,6.880000114440918,5.523030281066895,122200
6.940000057220459,7.039999961853027,6.940000057220459,6.940000057220459,5.57119607925415,173100
6.989999771118164,7.03000020980835,6.980000019073486,6.980000019073486,5.603304862976074,86400
7.019999980926514,7.050000190734863,6.989999771118164,7.050000190734863,5.6595001220703125,101200
7.010000228881836,7.010000228881836,6.840000152587891,6.940000057220459,5.596599102020264,119800
6.960000038146973,6.960000038146973,6.840000152587891,6.840000152587891,5.515957832336426,85100
6.900000095367432,6.929999828338623,6.809999942779541,6.820000171661377,5.499828338623047,68900
6.869999885559082,6.929999828338623,6.869999885559082,6.889999866485596,5.55627965927124,105200
6.929999828338623,6.929999828338623,6.880000114440918,6.889999866485596,5.55627965927124,71600
6.909999847412109,7.010000228881836,6.900000095367432,7.0,5.644984722137451,96400
7.03000020980835,7.329999923706055,7.010000228881836,7.21999979019165,5.822397708892822,449900
7.239999771118164,7.239999771118164,7.019999980926514,7.019999980926514,5.66111421585083,187400
7.079999923706055,7.090000152587891,6.980000019073486,7.039999961853027,5.677240371704102,85600
7.090000152587891,7.099999904632568,6.989999771118164,7.050000190734863,5.685305595397949,75900
7.070000171661377,7.239999771118164,7.059999942779541,7.159999847412109,5.774012088775635,111200
7.110000133514404,7.199999809265137,7.090000152587891,7.119999885559082,5.741755485534668,90300
7.139999866485596,7.170000076293945,7.070000171661377,7.170000076293945,5.782078742980957,88800
7.150000095367432,7.21999979019165,7.099999904632568,7.119999885559082,5.741755485534668,61600
7.119999885559082,7.159999847412109,7.03000020980835,7.050000190734863,5.685305595397949,70900
7.039999961853027,7.190000057220459,7.03000020980835,7.170000076293945,5.782078742980957,94500
7.139999866485596,7.179999828338623,7.119999885559082,7.170000076293945,5.782078742980957,37800
7.170000076293945,7.199999809265137,7.130000114440918,7.159999847412109,5.774012088775635,63100
7.150000095367432,7.21999979019165,7.150000095367432,7.150000095367432,5.76594877243042,36100
7.190000057220459,7.210000038146973,7.150000095367432,7.199999809265137,5.806269645690918,90900
7.190000057220459,7.210000038146973,7.119999885559082,7.119999885559082,5.768191337585449,68900
7.170000076293945,7.239999771118164,7.130000114440918,7.130000114440918,5.776294708251953,37500
7.130000114440918,7.25,7.119999885559082,7.21999979019165,5.849207401275635,92700
7.21999979019165,7.239999771118164,7.110000133514404,7.110000133514404,5.760091304779053,72700
7.099999904632568,7.139999866485596,7.099999904632568,7.099999904632568,5.751991748809815,43800
7.119999885559082,7.139999866485596,7.079999923706055,7.090000152587891,5.743889808654785,88800
7.090000152587891,7.150000095367432,7.079999923706055,7.079999923706055,5.735788345336914,186100
7.099999904632568,7.119999885559082,7.059999942779541,7.059999942779541,5.719584465026856,77100
7.039999961853027,7.079999923706055,7.039999961853027,7.059999942779541,5.719584465026856,137200
7.050000190734863,7.139999866485596,7.050000190734863,7.079999923706055,5.735788345336914,95800
7.079999923706055,7.159999847412109,7.079999923706055,7.130000114440918,5.776294708251953,126300
7.150000095367432,7.239999771118164,7.130000114440918,7.150000095367432,5.792497158050537,85900
7.159999847412109,7.230000019073486,7.159999847412109,7.190000057220459,5.8249030113220215,62000
7.199999809265137,7.239999771118164,7.159999847412109,7.239999771118164,5.865409851074219,65000
7.190000057220459,7.25,7.190000057220459,7.239999771118164,5.865409851074219,61000
7.239999771118164,7.28000020980835,7.139999866485596,7.139999866485596,5.784396171569824,98500
7.150000095367432,7.190000057220459,7.139999866485596,7.159999847412109,5.800598621368408,134200
7.230000019073486,7.230000019073486,7.190000057220459,7.230000019073486,5.857309818267822,127700
7.28000020980835,7.28000020980835,7.21999979019165,7.239999771118164,5.865409851074219,85100
7.260000228881836,7.28000020980835,7.25,7.269999980926514,5.889715194702148,60600
7.289999961853027,7.340000152587891,7.289999961853027,7.340000152587891,5.946425437927246,63400
7.320000171661377,7.349999904632568,7.28000020980835,7.28000020980835,5.897815227508545,83800
7.320000171661377,7.389999866485596,7.309999942779541,7.360000133514404,5.962627410888672,57100
7.389999866485596,7.420000076293945,7.389999866485596,7.400000095367432,5.99503231048584,115900
7.400000095367432,7.429999828338623,7.289999961853027,7.400000095367432,6.021069049835205,99600
7.420000076293945,7.460000038146973,7.400000095367432,7.429999828338623,6.045480728149414,146700
7.420000076293945,7.449999809265137,7.360000133514404,7.360000133514404,5.988523960113525,106300
7.349999904632568,7.389999866485596,7.300000190734863,7.389999866485596,6.012932777404785,59600
7.380000114440918,7.46999979019165,7.329999923706055,7.389999866485596,6.012932777404785,77100
7.400000095367432,7.400000095367432,7.269999980926514,7.309999942779541,5.947839736938477,66500
7.25,7.349999904632568,7.21999979019165,7.25,5.899020195007324,112900
7.269999980926514,7.269999980926514,7.21999979019165,7.230000019073486,5.882749080657959,76000
7.269999980926514,7.269999980926514,7.230000019073486,7.269999980926514,5.915295600891113,79300
7.269999980926514,7.309999942779541,7.190000057220459,7.210000038146973,5.8664751052856445,96800
7.230000019073486,7.239999771118164,7.199999809265137,7.21999979019165,5.874611854553223,56200
7.25,7.340000152587891,7.239999771118164,7.320000171661377,5.955976486206055,66900
7.329999923706055,7.389999866485596,7.260000228881836,7.28000020980835,5.923430442810059,163100
7.28000020980835,7.329999923706055,7.260000228881836,7.320000171661377,5.955976486206055,79100
7.329999923706055,7.369999885559082,7.300000190734863,7.360000133514404,5.988523960113525,94400
7.380000114440918,7.400000095367432,7.28000020980835,7.309999942779541,5.947839736938477,95800
7.360000133514404,7.519999980926514,7.349999904632568,7.519999980926514,6.11870813369751,138900
7.489999771118164,7.590000152587891,7.460000038146973,7.53000020980835,6.126844882965088,224900
7.519999980926514,7.570000171661377,7.429999828338623,7.429999828338623,6.045480728149414,153100
7.449999809265137,7.510000228881836,7.320000171661377,7.329999923706055,5.964114189147949,124600
7.309999942779541,7.349999904632568,7.28000020980835,7.300000190734863,5.965747833251953,159900
7.329999923706055,7.380000114440918,7.170000076293945,7.170000076293945,5.859508991241455,70500
7.179999828338623,7.239999771118164,7.090000152587891,7.179999828338623,5.86768102645874,135600
7.21999979019165,7.289999961853027,7.190000057220459,7.269999980926514,5.941231727600098,86400
7.300000190734863,7.349999904632568,7.269999980926514,7.309999942779541,5.97391939163208,90500
7.360000133514404,7.360000133514404,7.300000190734863,7.360000133514404,6.014781951904297,116800
7.369999885559082,7.389999866485596,7.199999809265137,7.210000038146973,5.8921990394592285,109800
7.230000019073486,7.369999885559082,7.230000019073486,7.340000152587891,5.998437404632568,79900
7.349999904632568,7.409999847412109,7.309999942779541,7.369999885559082,6.022953510284424,59600
7.380000114440918,7.380000114440918,7.210000038146973,7.210000038146973,5.8921990394592285,65900
7.28000020980835,7.449999809265137,7.260000228881836,7.449999809265137,6.08833122253418,103200
7.449999809265137,7.5,7.420000076293945,7.46999979019165,6.104675769805908,82800
7.489999771118164,7.539999961853027,7.480000019073486,7.5,6.129194736480713,47000
7.480000019073486,7.510000228881836,7.480000019073486,7.480000019073486,6.112848281860352,23700
7.480000019073486,7.539999961853027,7.460000038146973,7.5,6.129194736480713,56400
7.53000020980835,7.539999961853027,7.440000057220459,7.489999771118164,6.121021270751953,65900
7.5,7.53000020980835,7.46999979019165,7.480000019073486,6.112848281860352,42100
7.5,7.519999980926514,7.409999847412109,7.409999847412109,6.055643558502197,49100
7.449999809265137,7.489999771118164,7.409999847412109,7.429999828338623,6.071987628936768,92200
7.400000095367432,7.429999828338623,7.289999961853027,7.309999942779541,5.999760627746582,88000
7.320000171661377,7.360000133514404,7.300000190734863,7.309999942779541,5.999760627746582,98400
7.329999923706055,7.349999904632568,7.300000190734863,7.329999923706055,6.016175270080566,65600
7.329999923706055,7.349999904632568,7.309999942779541,7.320000171661377,6.007966995239258,57600
7.320000171661377,7.329999923706055,7.300000190734863,7.300000190734863,5.991552352905273,70400
7.300000190734863,7.429999828338623,7.28000020980835,7.400000095367432,6.073629856109619,87500
7.420000076293945,7.449999809265137,7.360000133514404,7.420000076293945,6.090044498443604,74200
7.440000057220459,7.46999979019165,7.380000114440918,7.380000114440918,6.057213306427002,52200
7.28000020980835,7.5,7.269999980926514,7.5,6.155704975128174,83500
7.519999980926514,7.550000190734863,7.460000038146973,7.460000038146973,6.122875213623047,87300
7.440000057220459,7.5,7.409999847412109,7.46999979019165,6.131082057952881,89600
7.460000038146973,7.480000019073486,7.429999828338623,7.449999809265137,6.114666938781738,61800
7.5,7.579999923706055,7.46999979019165,7.579999923706055,6.221365451812744,162200
7.599999904632568,7.619999885559082,7.570000171661377,7.610000133514404,6.245989799499512,100000
7.579999923706055,7.599999904632568,7.510000228881836,7.550000190734863,6.196742057800293,46900
7.53000020980835,7.570000171661377,7.5,7.5,6.155704975128174,91300
7.489999771118164,7.559999942779541,7.480000019073486,7.559999942779541,6.204951763153076,76900
7.579999923706055,7.619999885559082,7.539999961853027,7.619999885559082,6.254195690155029,75300
7.590000152587891,7.630000114440918,7.539999961853027,7.539999961853027,6.188534736633301,65900
7.53000020980835,7.559999942779541,7.5,7.5,6.155704975128174,105500
7.519999980926514,7.519999980926514,7.369999885559082,7.380000114440918,6.057213306427002,136000
7.409999847412109,7.409999847412109,7.28000020980835,7.300000190734863,5.991552352905273,96400
7.320000171661377,7.380000114440918,7.309999942779541,7.369999885559082,6.049006462097168,75000
7.400000095367432,7.519999980926514,7.400000095367432,7.5,6.155704975128174,66500
7.449999809265137,7.53000020980835,7.449999809265137,7.519999980926514,6.198567867279053,64400
7.5,7.559999942779541,7.480000019073486,7.489999771118164,6.173840045928955,35000
7.519999980926514,7.570000171661377,7.449999809265137,7.460000038146973,6.149112224578857,66900
7.449999809265137,7.46999979019165,7.440000057220459,7.460000038146973,6.149112224578857,34800
7.440000057220459,7.5,7.389999866485596,7.400000095367432,6.099653720855713,68500
7.440000057220459,7.46999979019165,7.400000095367432,7.429999828338623,6.124381065368652,60800
7.460000038146973,7.460000038146973,7.400000095367432,7.400000095367432,6.099653720855713,37200
7.440000057220459,7.460000038146973,7.400000095367432,7.409999847412109,6.107895851135254,64100
7.449999809265137,7.480000019073486,7.420000076293945,7.480000019073486,6.165596008300781,64300
7.449999809265137,7.53000020980835,7.420000076293945,7.519999980926514,6.198567867279053,68700
7.5,7.5,7.380000114440918,7.420000076293945,6.116137981414795,79500
7.409999847412109,7.489999771118164,7.409999847412109,7.489999771118164,6.173840045928955,57700
7.480000019073486,7.559999942779541,7.449999809265137,7.559999942779541,6.231537818908691,38800
7.559999942779541,7.559999942779541,7.46999979019165,7.53000020980835,6.206809997558594,49400
7.559999942779541,7.559999942779541,7.460000038146973,7.510000228881836,6.190324306488037,70500
7.53000020980835,7.539999961853027,7.46999979019165,7.46999979019165,6.15735387802124,43900
7.510000228881836,7.539999961853027,7.46999979019165,7.489999771118164,6.173840045928955,64900
7.510000228881836,7.519999980926514,7.46999979019165,7.489999771118164,6.173840045928955,59800
7.510000228881836,7.539999961853027,7.489999771118164,7.510000228881836,6.190324306488037,68600
7.5,7.519999980926514,7.429999828338623,7.429999828338623,6.124381065368652,38800
7.380000114440918,7.449999809265137,7.380000114440918,7.449999809265137,6.167428970336914,77400
7.460000038146973,7.460000038146973,7.429999828338623,7.429999828338623,6.150871753692627,46500
7.420000076293945,7.449999809265137,7.400000095367432,7.449999809265137,6.167428970336914,55500
7.420000076293945,7.480000019073486,7.389999866485596,7.480000019073486,6.192265510559082,81900
7.489999771118164,7.539999961853027,7.440000057220459,7.5,6.208822727203369,101100
7.480000019073486,7.510000228881836,7.460000038146973,7.480000019073486,6.192265510559082,60700
7.46999979019165,7.489999771118164,7.440000057220459,7.480000019073486,6.192265510559082,65000
7.46999979019165,7.5,7.449999809265137,7.480000019073486,6.192265510559082,86200
7.480000019073486,7.480000019073486,7.429999828338623,7.460000038146973,6.175710678100586,37600
7.46999979019165,7.46999979019165,7.400000095367432,7.409999847412109,6.134315490722656,52300
7.449999809265137,7.449999809265137,7.400000095367432,7.409999847412109,6.134315490722656,108600
7.429999828338623,7.429999828338623,7.340000152587891,7.340000152587891,6.076366424560547,100000
7.360000133514404,7.369999885559082,7.300000190734863,7.340000152587891,6.076366424560547,247800
7.309999942779541,7.329999923706055,7.289999961853027,7.289999961853027,6.034974575042725,62600
7.289999961853027,7.380000114440918,7.28000020980835,7.349999904632568,6.084646224975586,113200
7.380000114440918,7.409999847412109,7.349999904632568,7.360000133514404,6.092925548553467,105400
7.360000133514404,7.380000114440918,7.329999923706055,7.329999923706055,6.068089485168457,64400
7.329999923706055,7.340000152587891,7.199999809265137,7.25,6.001860618591309,140600
7.21999979019165,7.260000228881836,7.199999809265137,7.239999771118164,5.993584156036377,66300
7.239999771118164,7.28000020980835,7.21999979019165,7.28000020980835,6.026697158813477,111300
7.239999771118164,7.340000152587891,7.239999771118164,7.309999942779541,6.0515313148498535,49800
7.320000171661377,7.349999904632568,7.260000228881836,7.349999904632568,6.084646224975586,47000
7.320000171661377,7.340000152587891,7.28000020980835,7.340000152587891,6.076366424560547,26000
7.340000152587891,7.380000114440918,7.309999942779541,7.369999885559082,6.101202011108398,103300
7.340000152587891,7.360000133514404,7.28000020980835,7.28000020980835,6.052154064178467,73200
7.300000190734863,7.300000190734863,7.21999979019165,7.289999961853027,6.060464859008789,83700
7.320000171661377,7.349999904632568,7.300000190734863,7.300000190734863,6.068780422210693,64100
7.28000020980835,7.289999961853027,7.25,7.25,6.027213096618652,62500
7.289999961853027,7.309999942779541,7.269999980926514,7.289999961853027,6.060464859008789,56400
7.289999961853027,7.360000133514404,7.28000020980835,7.360000133514404,6.118661880493164,108200
7.349999904632568,7.440000057220459,7.349999904632568,7.400000095367432,6.151914596557617,92100
7.420000076293945,7.460000038146973,7.349999904632568,7.440000057220459,6.185166358947754,162200
7.449999809265137,7.489999771118164,7.420000076293945,7.489999771118164,6.2267351150512695,148400
7.480000019073486,7.480000019073486,7.409999847412109,7.46999979019165,6.210108280181885,48300
7.449999809265137,7.449999809265137,7.340000152587891,7.340000152587891,6.1020331382751465,93000
7.380000114440918,7.380000114440918,7.28000020980835,7.329999923706055,6.09372091293335,55300
7.320000171661377,7.400000095367432,7.309999942779541,7.360000133514404,6.118661880493164,82600
7.389999866485596,7.389999866485596,7.320000171661377,7.329999923706055,6.09372091293335,37300
7.329999923706055,7.360000133514404,7.260000228881836,7.300000190734863,6.068780422210693,59800
7.329999923706055,7.340000152587891,7.289999961853027,7.340000152587891,6.1020331382751465,49500
7.320000171661377,7.349999904632568,7.309999942779541,7.320000171661377,6.08540678024292,70600
7.340000152587891,7.340000152587891,7.190000057220459,7.28000020980835,6.052154064178467,116200
7.239999771118164,7.239999771118164,7.119999885559082,7.190000057220459,5.977330684661865,132600
7.179999828338623,7.190000057220459,6.940000057220459,6.96999979019165,5.794436931610107,196200
7.0,7.010000228881836,6.840000152587891,7.0,5.845375061035156,112100
7.010000228881836,7.139999866485596,7.010000228881836,7.119999885559082,5.945581912994385,98400
7.170000076293945,7.199999809265137,7.079999923706055,7.099999904632568,5.928882598876953,68900
7.090000152587891,7.230000019073486,7.03000020980835,7.099999904632568,5.928882598876953,166000
7.119999885559082,7.130000114440918,7.059999942779541,7.070000171661377,5.903829574584961,60400
7.059999942779541,7.130000114440918,7.03000020980835,7.079999923706055,5.912179946899414,92000
7.110000133514404,7.130000114440918,7.0,7.019999980926514,5.862078666687012,116200
7.0,7.0,6.909999847412109,6.929999828338623,5.786923885345459,85800
6.920000076293945,6.949999809265137,6.820000171661377,6.880000114440918,5.745170593261719,139300
6.949999809265137,6.96999979019165,6.579999923706055,6.880000114440918,5.745170593261719,133900
6.940000057220459,7.0,6.849999904632568,7.0,5.845375061035156,85900
7.03000020980835,7.03000020980835,6.949999809265137,7.010000228881836,5.8537278175354,79600
7.010000228881836,7.079999923706055,6.96999979019165,7.050000190734863,5.88712739944458,122400
7.079999923706055,7.079999923706055,6.96999979019165,7.03000020980835,5.870429039001465,61000
7.039999961853027,7.039999961853027,6.929999828338623,6.989999771118164,5.837027072906494,77400
7.03000020980835,7.03000020980835,6.960000038146973,6.980000019073486,5.828675270080566,110000
6.929999828338623,6.949999809265137,6.880000114440918,6.949999809265137,5.803624153137207,145600
6.949999809265137,6.949999809265137,6.679999828338623,6.730000019073486,5.619913578033447,334300
6.679999828338623,6.78000020980835,6.550000190734863,6.769999980926514,5.65331506729126,208200
6.670000076293945,6.71999979019165,6.539999961853027,6.610000133514404,5.519706726074219,240700
6.570000171661377,6.659999847412109,6.539999961853027,6.650000095367432,5.579273700714111,132500
6.650000095367432,6.699999809265137,6.599999904632568,6.650000095367432,5.579273700714111,157200
6.679999828338623,6.679999828338623,6.590000152587891,6.630000114440918,5.562493324279785,103000
6.659999847412109,6.659999847412109,6.53000020980835,6.559999942779541,5.503764152526856,89000
6.510000228881836,6.630000114440918,6.510000228881836,6.630000114440918,5.562493324279785,116900
6.630000114440918,6.670000076293945,6.630000114440918,6.670000076293945,5.5960540771484375,82800
6.639999866485596,6.650000095367432,6.610000133514404,6.650000095367432,5.579273700714111,81600
6.670000076293945,6.739999771118164,6.659999847412109,6.670000076293945,5.5960540771484375,50800
6.699999809265137,6.71999979019165,6.679999828338623,6.690000057220459,5.612833499908447,39100
6.699999809265137,6.730000019073486,6.630000114440918,6.659999847412109,5.587663650512695,130000
6.599999904632568,6.760000228881836,6.579999923706055,6.699999809265137,5.621222496032715,280400
6.699999809265137,6.699999809265137,6.570000171661377,6.570000171661377,5.512153625488281,112800
6.579999923706055,6.599999904632568,6.550000190734863,6.570000171661377,5.512153625488281,79000
6.610000133514404,6.619999885559082,6.550000190734863,6.590000152587891,5.52893590927124,96300
6.559999942779541,6.650000095367432,6.550000190734863,6.650000095367432,5.579273700714111,136700
6.630000114440918,6.78000020980835,6.630000114440918,6.78000020980835,5.688343048095703,152200
6.75,6.760000228881836,6.659999847412109,6.739999771118164,5.654782772064209,182100
6.730000019073486,6.75,6.630000114440918,6.630000114440918,5.562493324279785,143200
6.619999885559082,6.619999885559082,6.590000152587891,6.619999885559082,5.554103851318359,95700
6.670000076293945,6.699999809265137,6.630000114440918,6.699999809265137,5.621222496032715,73000
6.730000019073486,6.769999980926514,6.679999828338623,6.739999771118164,5.654782772064209,172400
6.71999979019165,6.760000228881836,6.659999847412109,6.760000228881836,5.671562194824219,194700
6.71999979019165,6.78000020980835,6.690000057220459,6.78000020980835,5.688343048095703,99400
6.75,6.78000020980835,6.699999809265137,6.71999979019165,5.638001918792725,105700
6.699999809265137,6.710000038146973,6.599999904632568,6.670000076293945,5.621987819671631,168000
6.699999809265137,6.739999771118164,6.630000114440918,6.630000114440918,5.588273048400879,144700
6.650000095367432,6.659999847412109,6.619999885559082,6.650000095367432,5.605130195617676,100300
6.650000095367432,6.690000057220459,6.610000133514404,6.639999866485596,5.596701622009277,151300
6.650000095367432,6.690000057220459,6.590000152587891,6.639999866485596,5.596701622009277,175600
6.670000076293945,6.670000076293945,6.599999904632568,6.650000095367432,5.605130195617676,148700
6.650000095367432,6.699999809265137,6.630000114440918,6.659999847412109,5.613559722900391,144700
6.659999847412109,6.670000076293945,6.619999885559082,6.630000114440918,5.588273048400879,118400
6.639999866485596,6.679999828338623,6.619999885559082,6.679999828338623,5.630414962768555,117100
6.679999828338623,6.75,6.679999828338623,6.75,5.689417362213135,44500
6.75,6.820000171661377,6.730000019073486,6.820000171661377,5.7484211921691895,117100
6.769999980926514,6.800000190734863,6.730000019073486,6.78000020980835,5.714704513549805,114200
6.800000190734863,6.880000114440918,6.789999961853027,6.829999923706055,5.756848335266113,94100
6.829999923706055,6.880000114440918,6.820000171661377,6.849999904632568,5.773705005645752,39400
6.849999904632568,6.880000114440918,6.840000152587891,6.880000114440918,5.798993110656738,92800
6.880000114440918,6.929999828338623,6.849999904632568,6.849999904632568,5.773705005645752,54500
6.849999904632568,6.880000114440918,6.809999942779541,6.880000114440918,5.798993110656738,62200
6.849999904632568,6.880000114440918,6.840000152587891,6.860000133514404,5.80830717086792,100800
6.860000133514404,6.869999885559082,6.829999923706055,6.860000133514404,5.80830717086792,95000
6.849999904632568,6.849999904632568,6.78000020980835,6.78000020980835,5.740569591522217,57200
6.760000228881836,6.800000190734863,6.760000228881836,6.800000190734863,5.757505893707275,37600
6.800000190734863,6.869999885559082,6.789999961853027,6.849999904632568,5.799838542938232,76700
6.869999885559082,6.880000114440918,6.829999923706055,6.849999904632568,5.799838542938232,48500
6.849999904632568,6.849999904632568,6.820000171661377,6.829999923706055,5.78290319442749,27500
6.849999904632568,6.880000114440918,6.840000152587891,6.849999904632568,5.799838542938232,86500
6.849999904632568,6.909999847412109,6.849999904632568,6.900000095367432,5.842174530029297,94700
6.920000076293945,6.949999809265137,6.900000095367432,6.940000057220459,5.876040458679199,79000
6.980000019073486,7.0,6.909999847412109,7.0,5.92684268951416,104500
6.980000019073486,6.980000019073486,6.909999847412109,6.920000076293945,5.85910701751709,123400
6.960000038146973,6.960000038146973,6.900000095367432,6.900000095367432,5.842174530029297,47000
6.940000057220459,6.960000038146973,6.929999828338623,6.960000038146973,5.892975330352783,50100
6.96999979019165,7.019999980926514,6.960000038146973,7.010000228881836,5.935309410095215,65900
6.980000019073486,7.039999961853027,6.929999828338623,6.929999828338623,5.8675737380981445,106700
6.949999809265137,6.980000019073486,6.880000114440918,6.900000095367432,5.842174530029297,103100
6.880000114440918,6.929999828338623,6.849999904632568,6.860000133514404,5.80830717086792,60900
6.849999904632568,6.920000076293945,6.849999904632568,6.860000133514404,5.80830717086792,121800
6.860000133514404,6.900000095367432,6.809999942779541,6.829999923706055,5.78290319442749,104000
6.789999961853027,6.840000152587891,6.769999980926514,6.789999961853027,5.775250434875488,122900
6.739999771118164,6.860000133514404,6.739999771118164,6.860000133514404,5.834789276123047,156700
6.829999923706055,6.949999809265137,6.800000190734863,6.949999809265137,5.911337375640869,100500
6.909999847412109,6.960000038146973,6.880000114440918,6.960000038146973,5.919844627380371,84800
6.940000057220459,6.949999809265137,6.869999885559082,6.869999885559082,5.843294143676758,110300
6.889999866485596,6.940000057220459,6.849999904632568,6.880000114440918,5.851799011230469,98600
6.880000114440918,6.989999771118164,6.880000114440918,6.980000019073486,5.936854362487793,98300
6.949999809265137,6.980000019073486,6.949999809265137,6.980000019073486,5.936854362487793,92600
6.960000038146973,6.980000019073486,6.929999828338623,6.980000019073486,5.936854362487793,66900
6.96999979019165,7.0,6.909999847412109,6.929999828338623,5.894327163696289,106300
6.920000076293945,6.920000076293945,6.869999885559082,6.920000076293945,5.885822296142578,77000
6.909999847412109,6.920000076293945,6.849999904632568,6.860000133514404,5.834789276123047,102400
6.869999885559082,6.900000095367432,6.829999923706055,6.880000114440918,5.851799011230469,109400
6.900000095367432,6.920000076293945,6.800000190734863,6.820000171661377,5.80076789855957,148400
6.829999923706055,6.889999866485596,6.829999923706055,6.840000152587891,5.817778587341309,71700
6.829999923706055,7.039999961853027,6.809999942779541,7.0,5.953866958618164,147800
6.980000019073486,6.989999771118164,6.800000190734863,6.860000133514404,5.834789276123047,118100
6.869999885559082,6.900000095367432,6.800000190734863,6.840000152587891,5.817778587341309,72100
6.820000171661377,6.840000152587891,6.800000190734863,6.800000190734863,5.783756732940674,67800
6.800000190734863,6.820000171661377,6.789999961853027,6.820000171661377,5.828194618225098,70800
6.800000190734863,6.900000095367432,6.769999980926514,6.900000095367432,5.89655876159668,57300
6.889999866485596,6.920000076293945,6.820000171661377,6.820000171661377,5.828194618225098,83400
6.829999923706055,6.880000114440918,6.789999961853027,6.829999923706055,5.836739540100098,85300
6.820000171661377,6.849999904632568,6.800000190734863,6.800000190734863,5.811103343963623,109000
6.809999942779541,6.920000076293945,6.800000190734863,6.920000076293945,5.913651466369629,82500
6.889999866485596,6.889999866485596,6.829999923706055,6.840000152587891,5.845285892486572,85400
6.869999885559082,6.889999866485596,6.809999942779541,6.869999885559082,5.870922088623047,131300
6.869999885559082,6.909999847412109,6.849999904632568,6.860000133514404,5.862377166748047,84400
6.860000133514404,6.940000057220459,6.860000133514404,6.940000057220459,5.930741786956787,111300
6.940000057220459,6.940000057220459,6.880000114440918,6.880000114440918,5.879467010498047,64100
6.889999866485596,6.909999847412109,6.860000133514404,6.909999847412109,5.905104637145996,60100
6.920000076293945,6.929999828338623,6.869999885559082,6.929999828338623,5.922196388244629,82500
6.929999828338623,6.949999809265137,6.909999847412109,6.949999809265137,5.939287185668945,54200
6.949999809265137,6.96999979019165,6.940000057220459,6.949999809265137,5.939287185668945,47100
6.960000038146973,7.039999961853027,6.960000038146973,7.039999961853027,6.016200542449951,63300
7.010000228881836,7.03000020980835,6.989999771118164,6.989999771118164,5.973472595214844,79700
7.0,7.090000152587891,7.0,7.079999923706055,6.0503830909729,123300
7.099999904632568,7.110000133514404,7.070000171661377,7.070000171661377,6.041837215423584,40100
7.070000171661377,7.130000114440918,7.050000190734863,7.130000114440918,6.093109607696533,56500
7.139999866485596,7.150000095367432,7.079999923706055,7.079999923706055,6.0503830909729,47800
7.099999904632568,7.130000114440918,7.039999961853027,7.079999923706055,6.0503830909729,92300
7.079999923706055,7.150000095367432,7.079999923706055,7.079999923706055,6.0503830909729,41500
7.110000133514404,7.150000095367432,7.090000152587891,7.130000114440918,6.093109607696533,46600
7.099999904632568,7.099999904632568,7.039999961853027,7.059999942779541,6.060491561889648,69700
7.079999923706055,7.099999904632568,7.039999961853027,7.059999942779541,6.060491561889648,75700
7.059999942779541,7.139999866485596,7.0,7.099999904632568,6.094829559326172,103000
7.099999904632568,7.110000133514404,7.019999980926514,7.019999980926514,6.026154041290283,110300
7.019999980926514,7.039999961853027,7.0,7.010000228881836,6.017570018768311,81000
7.0,7.010000228881836,6.940000057220459,6.980000019073486,5.991817951202393,62100
6.96999979019165,7.010000228881836,6.96999979019165,6.96999979019165,5.983233451843262,43300
6.96999979019165,7.050000190734863,6.96999979019165,7.019999980926514,6.026154041290283,61900
7.039999961853027,7.070000171661377,7.019999980926514,7.019999980926514,6.026154041290283,73200
7.03000020980835,7.059999942779541,7.019999980926514,7.059999942779541,6.060491561889648,74200
7.050000190734863,7.070000171661377,7.050000190734863,7.059999942779541,6.060491561889648,62100
7.079999923706055,7.119999885559082,7.050000190734863,7.119999885559082,6.111997127532959,105500
7.110000133514404,7.110000133514404,7.079999923706055,7.079999923706055,6.077660083770752,99600
7.099999904632568,7.139999866485596,7.059999942779541,7.099999904632568,6.094829559326172,32100
7.099999904632568,7.110000133514404,7.059999942779541,7.079999923706055,6.077660083770752,35900
7.070000171661377,7.139999866485596,7.039999961853027,7.139999866485596,6.129163265228272,88200
7.119999885559082,7.119999885559082,7.070000171661377,7.070000171661377,6.069077491760254,43500
7.070000171661377,7.150000095367432,7.070000171661377,7.079999923706055,6.077660083770752,45400
7.090000152587891,7.159999847412109,7.090000152587891,7.150000095367432,6.137750625610352,55500
7.159999847412109,7.230000019073486,7.130000114440918,7.199999809265137,6.180671691894531,65500
7.139999866485596,7.210000038146973,7.139999866485596,7.179999828338623,6.191883087158203,52300
7.179999828338623,7.269999980926514,7.159999847412109,7.159999847412109,6.174633502960205,56700
7.199999809265137,7.199999809265137,7.090000152587891,7.090000152587891,6.1142683029174805,38400
7.090000152587891,7.119999885559082,7.090000152587891,7.099999904632568,6.122891902923584,25900
7.150000095367432,7.159999847412109,7.099999904632568,7.119999885559082,6.140139579772949,41500
7.210000038146973,7.210000038146973,7.119999885559082,7.130000114440918,6.148763656616211,45600
7.139999866485596,7.159999847412109,7.110000133514404,7.119999885559082,6.140139579772949,61800
7.150000095367432,7.170000076293945,7.090000152587891,7.090000152587891,6.1142683029174805,75000
7.099999904632568,7.159999847412109,7.099999904632568,7.130000114440918,6.148763656616211,91000
7.150000095367432,7.190000057220459,7.119999885559082,7.139999866485596,6.157386779785156,90300
7.25,7.25,7.139999866485596,7.190000057220459,6.20050573348999,95200
7.21999979019165,7.239999771118164,7.190000057220459,7.199999809265137,6.209130764007568,73600
7.199999809265137,7.230000019073486,7.179999828338623,7.230000019073486,6.2350006103515625,68400
7.230000019073486,7.289999961853027,7.230000019073486,7.25,6.252248287200928,88200
7.269999980926514,7.309999942779541,7.25,7.269999980926514,6.269495964050293,47300
7.269999980926514,7.309999942779541,7.230000019073486,7.289999961853027,6.286743640899658,29300
7.320000171661377,7.329999923706055,7.239999771118164,7.300000190734863,6.295367240905762,53800
7.260000228881836,7.28000020980835,7.199999809265137,7.199999809265137,6.209130764007568,64400
7.260000228881836,7.260000228881836,7.170000076293945,7.199999809265137,6.209130764007568,114300
7.179999828338623,7.179999828338623,7.150000095367432,7.150000095367432,6.194403171539307,52500
7.150000095367432,7.179999828338623,7.070000171661377,7.110000133514404,6.159749031066895,363800
7.110000133514404,7.260000228881836,7.099999904632568,7.150000095367432,6.194403171539307,136700
7.150000095367432,7.21999979019165,7.150000095367432,7.150000095367432,6.194403171539307,86000
7.210000038146973,7.210000038146973,7.150000095367432,7.170000076293945,6.211729049682617,70500
7.21999979019165,7.21999979019165,7.150000095367432,7.179999828338623,6.220393657684326,46000
7.210000038146973,7.230000019073486,7.170000076293945,7.179999828338623,6.220393657684326,71400
7.239999771118164,7.25,7.179999828338623,7.190000057220459,6.229055404663086,45600
7.230000019073486,7.230000019073486,7.170000076293945,7.230000019073486,6.263710021972656,35500
7.230000019073486,7.230000019073486,7.170000076293945,7.170000076293945,6.211729049682617,62400
7.21999979019165,7.21999979019165,7.150000095367432,7.150000095367432,6.194403171539307,75300
7.190000057220459,7.190000057220459,7.150000095367432,7.159999847412109,6.203063488006592,62200
7.159999847412109,7.179999828338623,7.119999885559082,7.119999885559082,6.1684112548828125,78400
7.199999809265137,7.199999809265137,7.099999904632568,7.110000133514404,6.159749031066895,103400
7.150000095367432,7.199999809265137,7.150000095367432,7.199999809265137,6.237720012664795,32200
7.230000019073486,7.230000019073486,7.139999866485596,7.150000095367432,6.194403171539307,26100
7.159999847412109,7.179999828338623,7.090000152587891,7.130000114440918,6.177075386047363,102900
7.159999847412109,7.190000057220459,7.110000133514404,7.119999885559082,6.1684112548828125,208800
7.190000057220459,7.199999809265137,7.119999885559082,7.150000095367432,6.194403171539307,135500
7.150000095367432,7.190000057220459,7.150000095367432,7.190000057220459,6.229055404663086,72300
7.210000038146973,7.239999771118164,7.190000057220459,7.230000019073486,6.263710021972656,44700
7.230000019073486,7.380000114440918,7.230000019073486,7.369999885559082,6.384998321533203,119800
7.409999847412109,7.409999847412109,7.320000171661377,7.349999904632568,6.367671012878418,68900
7.369999885559082,7.369999885559082,7.300000190734863,7.300000190734863,6.32435417175293,40200
7.340000152587891,7.360000133514404,7.300000190734863,7.320000171661377,6.370478630065918,50600
7.320000171661377,7.340000152587891,7.260000228881836,7.260000228881836,6.318263053894043,43800
7.269999980926514,7.309999942779541,7.260000228881836,7.269999980926514,6.326964855194092,40900
7.260000228881836,7.309999942779541,7.260000228881836,7.28000020980835,6.335667610168457,64400
7.269999980926514,7.300000190734863,7.210000038146973,7.25,6.309558868408203,58500
7.269999980926514,7.28000020980835,7.159999847412109,7.159999847412109,6.231232166290283,72700
7.210000038146973,7.320000171661377,7.210000038146973,7.28000020980835,6.335667610168457,77800
7.289999961853027,7.289999961853027,7.21999979019165,7.230000019073486,6.292153835296631,45100
7.230000019073486,7.289999961853027,7.230000019073486,7.289999961853027,6.344370365142822,46900
7.320000171661377,7.329999923706055,7.28000020980835,7.28000020980835,6.335667610168457,78700
7.300000190734863,7.320000171661377,7.28000020980835,7.320000171661377,6.370478630065918,85700
7.309999942779541,7.329999923706055,7.289999961853027,7.289999961853027,6.344370365142822,15400
7.300000190734863,7.360000133514404,7.269999980926514,7.28000020980835,6.335667610168457,46800
7.309999942779541,7.329999923706055,7.289999961853027,7.329999923706055,6.379181861877441,29700
7.329999923706055,7.349999904632568,7.260000228881836,7.260000228881836,6.318263053894043,35300
7.320000171661377,7.320000171661377,7.25,7.260000228881836,6.318263053894043,61300
7.269999980926514,7.329999923706055,7.239999771118164,7.329999923706055,6.379181861877441,58000
7.320000171661377,7.329999923706055,7.239999771118164,7.260000228881836,6.318263053894043,31800
7.150000095367432,7.300000190734863,7.150000095367432,7.25,6.309558868408203,115800
7.28000020980835,7.300000190734863,7.210000038146973,7.25,6.309558868408203,39800
7.230000019073486,7.230000019073486,7.170000076293945,7.199999809265137,6.294695854187012,95800
7.210000038146973,7.239999771118164,7.179999828338623,7.21999979019165,6.31218147277832,57300
7.21999979019165,7.25,7.190000057220459,7.199999809265137,6.294695854187012,32200
7.210000038146973,7.230000019073486,7.179999828338623,7.179999828338623,6.277213096618652,61700
7.190000057220459,7.239999771118164,7.190000057220459,7.239999771118164,6.329668045043945,55600
7.239999771118164,7.260000228881836,7.199999809265137,7.199999809265137,6.294695854187012,35300
7.230000019073486,7.269999980926514,7.21999979019165,7.239999771118164,6.329668045043945,34500
7.25,7.25,7.199999809265137,7.25,6.338409900665283,40100
7.230000019073486,7.230000019073486,7.159999847412109,7.159999847412109,6.259726524353027,34800
7.190000057220459,7.210000038146973,7.170000076293945,7.190000057220459,6.285953521728516,66500
7.210000038146973,7.289999961853027,7.210000038146973,7.210000038146973,6.303440093994141,97800
7.210000038146973,7.25,7.179999828338623,7.179999828338623,6.277213096618652,72100
7.239999771118164,7.25,7.179999828338623,7.179999828338623,6.277213096618652,105100
7.239999771118164,7.239999771118164,7.199999809265137,7.199999809265137,6.294695854187012,67500
7.21999979019165,7.21999979019165,7.159999847412109,7.159999847412109,6.259726524353027,78800
7.170000076293945,7.210000038146973,7.170000076293945,7.190000057220459,6.285953521728516,143600
7.190000057220459,7.21999979019165,7.170000076293945,7.179999828338623,6.277213096618652,99600
7.190000057220459,7.210000038146973,7.179999828338623,7.210000038146973,6.303440093994141,60900
7.260000228881836,7.260000228881836,7.199999809265137,7.260000228881836,6.3471527099609375,70400
7.230000019073486,7.239999771118164,7.21999979019165,7.239999771118164,6.358570098876953,30600
7.239999771118164,7.269999980926514,7.230000019073486,7.269999980926514,6.384918212890625,27700
7.269999980926514,7.269999980926514,7.230000019073486,7.269999980926514,6.384918212890625,30800
7.269999980926514,7.269999980926514,7.21999979019165,7.269999980926514,6.384918212890625,47500
7.269999980926514,7.269999980926514,7.230000019073486,7.269999980926514,6.384918212890625,26800
7.239999771118164,7.269999980926514,7.230000019073486,7.230000019073486,6.349787712097168,24000
7.239999771118164,7.260000228881836,7.190000057220459,7.21999979019165,6.341004848480225,47900
7.199999809265137,7.21999979019165,7.190000057220459,7.199999809265137,6.323439598083496,38000
7.21999979019165,7.25,7.199999809265137,7.21999979019165,6.341004848480225,43500
7.25,7.25,7.199999809265137,7.25,6.36735200881958,36600
7.25,7.260000228881836,7.190000057220459,7.260000228881836,6.376134872436523,62500
7.260000228881836,7.260000228881836,7.110000133514404,7.170000076293945,6.297091960906982,64100
7.150000095367432,7.190000057220459,7.130000114440918,7.179999828338623,6.305876731872559,42100
7.230000019073486,7.230000019073486,7.139999866485596,7.199999809265137,6.323439598083496,76200
7.179999828338623,7.210000038146973,7.170000076293945,7.170000076293945,6.297091960906982,36100
7.21999979019165,7.21999979019165,7.159999847412109,7.179999828338623,6.305876731872559,36300
7.21999979019165,7.230000019073486,7.139999866485596,7.150000095367432,6.27952766418457,29200
7.139999866485596,7.159999847412109,7.130000114440918,7.130000114440918,6.261961936950684,24700
7.130000114440918,7.130000114440918,7.099999904632568,7.110000133514404,6.244397163391113,31200
7.110000133514404,7.150000095367432,7.099999904632568,7.150000095367432,6.27952766418457,42100
7.139999866485596,7.139999866485596,7.110000133514404,7.139999866485596,6.270744323730469,27200
7.119999885559082,7.150000095367432,7.110000133514404,7.150000095367432,6.27952766418457,78600
7.139999866485596,7.190000057220459,7.139999866485596,7.190000057220459,6.3146562576293945,44400
7.170000076293945,7.210000038146973,7.159999847412109,7.210000038146973,6.33222246170044,36500
7.210000038146973,7.210000038146973,7.130000114440918,7.139999866485596,6.270744323730469,95500
7.110000133514404,7.150000095367432,7.099999904632568,7.139999866485596,6.299860954284668,30100
7.110000133514404,7.130000114440918,7.090000152587891,7.130000114440918,6.291038990020752,30400
7.110000133514404,7.170000076293945,7.099999904632568,7.170000076293945,6.326331615447998,41200
7.130000114440918,7.150000095367432,7.110000133514404,7.119999885559082,6.282214641571045,29200
7.110000133514404,7.110000133514404,7.050000190734863,7.050000190734863,6.220451354980469,79400
7.059999942779541,7.070000171661377,7.039999961853027,7.039999961853027,6.211628437042236,44700
7.059999942779541,7.059999942779541,7.03000020980835,7.03000020980835,6.202805519104004,73600
7.010000228881836,7.03000020980835,6.989999771118164,7.019999980926514,6.193981647491455,76400
7.019999980926514,7.039999961853027,6.980000019073486,7.019999980926514,6.193981647491455,71000
7.010000228881836,7.039999961853027,7.0,7.039999961853027,6.211628437042236,57900
7.019999980926514,7.03000020980835,6.940000057220459,6.960000038146973,6.141042709350586,127600
6.96999979019165,6.989999771118164,6.929999828338623,6.989999771118164,6.167511463165283,99700
6.96999979019165,6.989999771118164,6.889999866485596,6.889999866485596,6.079278469085693,111500
6.869999885559082,6.900000095367432,6.849999904632568,6.900000095367432,6.088101387023926,142000
6.869999885559082,6.920000076293945,6.860000133514404,6.909999847412109,6.096925258636475,102500
6.900000095367432,6.920000076293945,6.869999885559082,6.900000095367432,6.088101387023926,116800
6.909999847412109,6.940000057220459,6.889999866485596,6.900000095367432,6.088101387023926,166700
6.900000095367432,6.920000076293945,6.860000133514404,6.869999885559082,6.06163215637207,92500
6.860000133514404,6.869999885559082,6.829999923706055,6.869999885559082,6.06163215637207,86700
6.869999885559082,6.909999847412109,6.869999885559082,6.889999866485596,6.079278469085693,78700
6.829999923706055,6.889999866485596,6.829999923706055,6.880000114440918,6.098781108856201,81900
6.869999885559082,6.940000057220459,6.869999885559082,6.900000095367432,6.1165080070495605,76300
6.889999866485596,6.960000038146973,6.889999866485596,6.940000057220459,6.151967525482178,126900
6.929999828338623,6.940000057220459,6.889999866485596,6.900000095367432,6.1165080070495605,70800
6.900000095367432,6.909999847412109,6.869999885559082,6.909999847412109,6.125373840332031,78900
6.889999866485596,6.929999828338623,6.889999866485596,6.900000095367432,6.1165080070495605,66700
6.900000095367432,6.929999828338623,6.840000152587891,6.869999885559082,6.089915752410889,177100
6.869999885559082,6.880000114440918,6.829999923706055,6.860000133514404,6.081051349639893,33200
6.889999866485596,6.889999866485596,6.840000152587891,6.869999885559082,6.089915752410889,83400
6.869999885559082,6.889999866485596,6.840000152587891,6.860000133514404,6.081051349639893,67700
6.840000152587891,6.880000114440918,6.840000152587891,6.880000114440918,6.098781108856201,83800
6.860000133514404,6.880000114440918,6.840000152587891,6.869999885559082,6.089915752410889,58900
6.880000114440918,6.889999866485596,6.840000152587891,6.889999866485596,6.1076436042785645,82400
6.869999885559082,6.869999885559082,6.820000171661377,6.869999885559082,6.089915752410889,111600
6.840000152587891,6.909999847412109,6.820000171661377,6.909999847412109,6.125373840332031,115700
6.889999866485596,6.949999809265137,6.889999866485596,6.929999828338623,6.143101215362549,88600
6.949999809265137,6.960000038146973,6.920000076293945,6.949999809265137,6.160830020904541,115900
6.940000057220459,6.949999809265137,6.920000076293945,6.920000076293945,6.134238243103027,105100
6.920000076293945,6.96999979019165,6.909999847412109,6.96999979019165,6.178561210632324,56500
6.920000076293945,6.949999809265137,6.909999847412109,6.920000076293945,6.134238243103027,90100
6.920000076293945,6.929999828338623,6.880000114440918,6.929999828338623,6.143101215362549,140200
6.920000076293945,6.940000057220459,6.900000095367432,6.900000095367432,6.1165080070495605,144800
6.949999809265137,6.949999809265137,6.900000095367432,6.929999828338623,6.143101215362549,106800
6.909999847412109,6.949999809265137,6.869999885559082,6.869999885559082,6.089915752410889,69400
6.849999904632568,6.880000114440918,6.739999771118164,6.760000228881836,6.020448684692383,288400
6.75,6.820000171661377,6.730000019073486,6.809999942779541,6.064978122711182,243200
6.78000020980835,6.849999904632568,6.78000020980835,6.809999942779541,6.064978122711182,129000
6.849999904632568,6.880000114440918,6.820000171661377,6.880000114440918,6.127321243286133,146000
6.860000133514404,6.900000095367432,6.840000152587891,6.860000133514404,6.109508514404297,144200
6.849999904632568,6.880000114440918,6.829999923706055,6.869999885559082,6.118415355682373,113000
6.849999904632568,6.880000114440918,6.829999923706055,6.840000152587891,6.091697216033936,105900
6.860000133514404,6.869999885559082,6.840000152587891,6.869999885559082,6.118415355682373,102800
6.889999866485596,6.889999866485596,6.849999904632568,6.860000133514404,6.109508514404297,117200
6.889999866485596,6.889999866485596,6.849999904632568,6.869999885559082,6.118415355682373,99200
6.889999866485596,6.900000095367432,6.869999885559082,6.889999866485596,6.136227130889893,108700
6.900000095367432,6.900000095367432,6.860000133514404,6.900000095367432,6.145132541656494,59100
6.920000076293945,6.949999809265137,6.860000133514404,6.909999847412109,6.154038429260254,175800
6.920000076293945,6.929999828338623,6.880000114440918,6.900000095367432,6.145132541656494,91300
6.900000095367432,6.900000095367432,6.840000152587891,6.869999885559082,6.118415355682373,152500
6.869999885559082,6.900000095367432,6.849999904632568,6.860000133514404,6.109508514404297,83600
6.860000133514404,6.900000095367432,6.840000152587891,6.849999904632568,6.100602626800537,153100
6.889999866485596,6.889999866485596,6.820000171661377,6.840000152587891,6.12028694152832,102100
6.869999885559082,6.880000114440918,6.809999942779541,6.809999942779541,6.093444347381592,63400
6.820000171661377,6.869999885559082,6.800000190734863,6.809999942779541,6.093444347381592,134500
6.840000152587891,6.849999904632568,6.809999942779541,6.820000171661377,6.102392196655273,53800
6.840000152587891,6.860000133514404,6.789999961853027,6.820000171661377,6.102392196655273,152900
6.849999904632568,6.869999885559082,6.820000171661377,6.860000133514404,6.138183116912842,139500
6.869999885559082,6.900000095367432,6.849999904632568,6.869999885559082,6.14713191986084,171200
6.889999866485596,6.889999866485596,6.840000152587891,6.880000114440918,6.1560797691345215,146900
6.880000114440918,6.880000114440918,6.809999942779541,6.880000114440918,6.1560797691345215,142300
6.840000152587891,6.840000152587891,6.730000019073486,6.730000019073486,6.021862506866455,198500
6.699999809265137,6.730000019073486,6.650000095367432,6.679999828338623,5.977123260498047,218500
6.71999979019165,6.760000228881836,6.650000095367432,6.670000076293945,5.968175888061523,141500
6.670000076293945,6.75,6.639999866485596,6.71999979019165,6.012915134429932,126200
6.690000057220459,6.760000228881836,6.659999847412109,6.699999809265137,5.995018482208252,159400
6.710000038146973,6.71999979019165,6.619999885559082,6.670000076293945,5.968175888061523,131000
6.699999809265137,6.75,6.630000114440918,6.670000076293945,5.968175888061523,219200
6.710000038146973,6.760000228881836,6.710000038146973,6.760000228881836,6.048705577850342,141400
6.800000190734863,6.800000190734863,6.710000038146973,6.769999980926514,6.057652950286865,58200
6.769999980926514,6.769999980926514,6.710000038146973,6.730000019073486,6.021862506866455,25200
6.71999979019165,6.78000020980835,6.699999809265137,6.730000019073486,6.021862506866455,80500
6.699999809265137,6.730000019073486,6.679999828338623,6.690000057220459,6.0137715339660645,47300
6.690000057220459,6.730000019073486,6.670000076293945,6.679999828338623,6.004782199859619,43000
6.699999809265137,6.699999809265137,6.639999866485596,6.670000076293945,5.99579381942749,91200
6.670000076293945,6.710000038146973,6.659999847412109,6.670000076293945,5.99579381942749,78000
6.699999809265137,6.730000019073486,6.619999885559082,6.630000114440918,5.959836483001709,118400
6.619999885559082,6.639999866485596,6.579999923706055,6.579999923706055,5.914891242980957,97000
6.610000133514404,6.630000114440918,6.570000171661377,6.630000114440918,5.959836483001709,47500
6.630000114440918,6.659999847412109,6.599999904632568,6.639999866485596,5.968825340270996,61600
6.630000114440918,6.670000076293945,6.630000114440918,6.659999847412109,5.98680305480957,47900
6.650000095367432,6.670000076293945,6.599999904632568,6.599999904632568,5.932868957519531,46200
6.630000114440918,6.630000114440918,6.590000152587891,6.590000152587891,5.923880100250244,53700
6.590000152587891,6.610000133514404,6.570000171661377,6.610000133514404,5.941858768463135,69100
6.590000152587891,6.610000133514404,6.579999923706055,6.599999904632568,5.932868957519531,27200
6.610000133514404,6.639999866485596,6.599999904632568,6.610000133514404,5.941858768463135,32700
6.599999904632568,6.610000133514404,6.579999923706055,6.590000152587891,5.923880100250244,139400
6.579999923706055,6.610000133514404,6.579999923706055,6.610000133514404,5.941858768463135,30600
6.590000152587891,6.610000133514404,6.570000171661377,6.599999904632568,5.932868957519531,135100
6.579999923706055,6.630000114440918,6.570000171661377,6.610000133514404,5.941858768463135,143100
6.610000133514404,6.650000095367432,6.610000133514404,6.610000133514404,5.941858768463135,42500
6.570000171661377,6.599999904632568,6.550000190734863,6.550000190734863,5.915667533874512,69200
6.579999923706055,6.599999904632568,6.559999942779541,6.590000152587891,5.951793670654297,50400
6.570000171661377,6.599999904632568,6.559999942779541,6.599999904632568,5.960824012756348,54700
6.570000171661377,6.610000133514404,6.570000171661377,6.599999904632568,5.960824012756348,91000
6.579999923706055,6.579999923706055,6.480000019073486,6.519999980926514,5.888572216033936,211300
6.519999980926514,6.539999961853027,6.489999771118164,6.489999771118164,5.861477851867676,56800
6.480000019073486,6.5,6.46999979019165,6.480000019073486,5.85244607925415,72800
6.460000038146973,6.519999980926514,6.460000038146973,6.510000228881836,5.87954044342041,67800
6.510000228881836,6.510000228881836,6.489999771118164,6.5,5.870508670806885,35300
6.5,6.519999980926514,6.460000038146973,6.519999980926514,5.888572216033936,76700
6.53000020980835,6.539999961853027,6.5,6.53000020980835,5.897603511810303,64100
6.510000228881836,6.559999942779541,6.510000228881836,6.53000020980835,5.897603511810303,66900
6.570000171661377,6.579999923706055,6.519999980926514,6.519999980926514,5.888572216033936,70800
6.53000020980835,6.550000190734863,6.5,6.5,5.870508670806885,58500
6.550000190734863,6.550000190734863,6.5,6.519999980926514,5.888572216033936,96000
6.510000228881836,6.550000190734863,6.489999771118164,6.550000190734863,5.915667533874512,50300
6.559999942779541,6.559999942779541,6.510000228881836,6.559999942779541,5.924698352813721,72800
6.599999904632568,6.659999847412109,6.570000171661377,6.599999904632568,5.960824012756348,144700
6.559999942779541,6.590000152587891,6.559999942779541,6.579999923706055,5.942761898040772,62900
6.619999885559082,6.630000114440918,6.570000171661377,6.570000171661377,5.933730125427246,87400
6.599999904632568,6.599999904632568,6.550000190734863,6.559999942779541,5.924698352813721,85600
6.550000190734863,6.570000171661377,6.519999980926514,6.519999980926514,5.888572216033936,69400
6.519999980926514,6.550000190734863,6.519999980926514,6.550000190734863,5.915667533874512,55700
6.53000020980835,6.550000190734863,6.510000228881836,6.510000228881836,5.87954044342041,62800
6.519999980926514,6.519999980926514,6.449999809265137,6.460000038146973,5.862298488616943,78600
6.449999809265137,6.489999771118164,6.449999809265137,6.480000019073486,5.880447864532471,178700
6.489999771118164,6.5,6.46999979019165,6.5,5.8985981941223145,168100
6.480000019073486,6.489999771118164,6.480000019073486,6.480000019073486,5.880447864532471,21900
6.480000019073486,6.5,6.46999979019165,6.5,5.8985981941223145,47000
6.489999771118164,6.489999771118164,6.449999809265137,6.480000019073486,5.880447864532471,89200
6.460000038146973,6.46999979019165,6.409999847412109,6.449999809265137,5.853222846984863,79700
6.480000019073486,6.5,6.46999979019165,6.489999771118164,5.889523029327393,73800
6.53000020980835,6.53000020980835,6.480000019073486,6.53000020980835,5.9258222579956055,47400
6.519999980926514,6.53000020980835,6.5,6.510000228881836,5.907672882080078,81900
6.5,6.550000190734863,6.480000019073486,6.539999961853027,5.9348978996276855,106600
6.510000228881836,6.53000020980835,6.480000019073486,6.53000020980835,5.9258222579956055,97100
6.510000228881836,6.550000190734863,6.5,6.550000190734863,5.943971157073975,110400
6.53000020980835,6.539999961853027,6.5,6.53000020980835,5.9258222579956055,70500
6.53000020980835,6.53000020980835,6.480000019073486,6.53000020980835,5.9258222579956055,63100
6.5,6.519999980926514,6.480000019073486,6.510000228881836,5.907672882080078,45200
6.489999771118164,6.539999961853027,6.46999979019165,6.510000228881836,5.907672882080078,94900
6.53000020980835,6.599999904632568,6.510000228881836,6.599999904632568,5.989345550537109,105500
6.570000171661377,6.570000171661377,6.5,6.5,5.8985981941223145,88300
6.539999961853027,6.570000171661377,6.53000020980835,6.559999942779541,5.953045845031738,67900
6.519999980926514,6.519999980926514,6.480000019073486,6.519999980926514,5.944839477539063,86500
6.519999980926514,6.53000020980835,6.5,6.519999980926514,5.944839477539063,70300
6.519999980926514,6.53000020980835,6.5,6.5,5.926605224609375,84000
6.489999771118164,6.539999961853027,6.489999771118164,6.539999961853027,5.963077068328857,62000
6.550000190734863,6.550000190734863,6.489999771118164,6.489999771118164,5.917486667633057,61200
6.53000020980835,6.53000020980835,6.489999771118164,6.519999980926514,5.944839477539063,56000
6.539999961853027,6.570000171661377,6.510000228881836,6.570000171661377,5.990431308746338,74200
6.599999904632568,6.599999904632568,6.539999961853027,6.579999923706055,5.999547004699707,53300
6.599999904632568,6.599999904632568,6.550000190734863,6.550000190734863,5.972194671630859,32300
6.610000133514404,6.610000133514404,6.590000152587891,6.599999904632568,6.017782688140869,91800
6.590000152587891,6.619999885559082,6.590000152587891,6.599999904632568,6.017782688140869,51100
6.639999866485596,6.670000076293945,6.619999885559082,6.659999847412109,6.072491645812988,98400
6.659999847412109,6.699999809265137,6.650000095367432,6.690000057220459,6.099843502044678,99600
6.710000038146973,6.710000038146973,6.670000076293945,6.699999809265137,6.10896110534668,58400
6.710000038146973,6.71999979019165,6.679999828338623,6.710000038146973,6.118080139160156,59600
6.710000038146973,6.710000038146973,6.690000057220459,6.699999809265137,6.10896110534668,38600
6.710000038146973,6.710000038146973,6.639999866485596,6.650000095367432,6.063372611999512,75800
6.659999847412109,6.679999828338623,6.639999866485596,6.650000095367432,6.063372611999512,52900
6.659999847412109,6.699999809265137,6.630000114440918,6.699999809265137,6.10896110534668,38300
6.659999847412109,6.670000076293945,6.619999885559082,6.619999885559082,6.06407642364502,131300
6.630000114440918,6.659999847412109,6.619999885559082,6.639999866485596,6.082396984100342,47900
6.650000095367432,6.679999828338623,6.610000133514404,6.610000133514404,6.054915904998779,57900
6.619999885559082,6.659999847412109,6.579999923706055,6.579999923706055,6.027435302734375,48900
6.590000152587891,6.659999847412109,6.559999942779541,6.659999847412109,6.100717544555664,69200
6.659999847412109,6.690000057220459,6.630000114440918,6.690000057220459,6.128197193145752,134200
6.690000057220459,6.699999809265137,6.650000095367432,6.670000076293945,6.109878540039063,43100
6.650000095367432,6.690000057220459,6.650000095367432,6.650000095367432,6.091557025909424,78200
6.670000076293945,6.690000057220459,6.639999866485596,6.639999866485596,6.082396984100342,26100
6.670000076293945,6.690000057220459,6.639999866485596,6.639999866485596,6.082396984100342,47500
6.650000095367432,6.659999847412109,6.599999904632568,6.610000133514404,6.054915904998779,38200
6.639999866485596,6.639999866485596,6.590000152587891,6.639999866485596,6.082396984100342,79200
6.630000114440918,6.659999847412109,6.579999923706055,6.579999923706055,6.027435302734375,77600
6.639999866485596,6.670000076293945,6.590000152587891,6.590000152587891,6.036594867706299,87500
6.659999847412109,6.730000019073486,6.610000133514404,6.730000019073486,6.164837837219238,166000
6.730000019073486,6.739999771118164,6.630000114440918,6.630000114440918,6.07323694229126,73400
6.670000076293945,6.679999828338623,6.579999923706055,6.599999904632568,6.045755863189697,87300
6.579999923706055,6.599999904632568,6.559999942779541,6.570000171661377,6.018274784088135,109500
6.570000171661377,6.590000152587891,6.559999942779541,6.579999923706055,6.027435302734375,41000
6.579999923706055,6.639999866485596,6.53000020980835,6.559999942779541,6.009114742279053,130000
6.570000171661377,6.650000095367432,6.559999942779541,6.650000095367432,6.091557025909424,86800
6.699999809265137,6.699999809265137,6.630000114440918,6.699999809265137,6.13735818862915,89700
6.670000076293945,6.699999809265137,6.639999866485596,6.670000076293945,6.109878540039063,87300
6.699999809265137,6.769999980926514,6.690000057220459,6.769999980926514,6.201480865478516,167500
6.760000228881836,6.800000190734863,6.75,6.78000020980835,6.238284587860107,33900
6.789999961853027,6.800000190734863,6.75,6.78000020980835,6.238284587860107,61900
6.789999961853027,6.809999942779541,6.730000019073486,6.760000228881836,6.219882011413574,67800
6.760000228881836,6.769999980926514,6.75,6.760000228881836,6.219882011413574,26500
6.820000171661377,6.820000171661377,6.75,6.789999961853027,6.247485637664795,42700
6.800000190734863,6.829999923706055,6.769999980926514,6.78000020980835,6.238284587860107,108400
6.820000171661377,6.820000171661377,6.769999980926514,6.78000020980835,6.238284587860107,49000
6.820000171661377,6.820000171661377,6.739999771118164,6.769999980926514,6.22908353805542,42400
6.809999942779541,6.860000133514404,6.760000228881836,6.820000171661377,6.275088787078857,64300
6.849999904632568,6.849999904632568,6.760000228881836,6.769999980926514,6.22908353805542,38500
6.849999904632568,6.849999904632568,6.75,6.760000228881836,6.219882011413574,71100
6.809999942779541,6.840000152587891,6.769999980926514,6.840000152587891,6.293490409851074,62600
6.880000114440918,6.880000114440918,6.789999961853027,6.800000190734863,6.256686687469482,90800
6.829999923706055,6.829999923706055,6.789999961853027,6.800000190734863,6.256686687469482,18800
6.809999942779541,6.829999923706055,6.789999961853027,6.789999961853027,6.247485637664795,51100
6.800000190734863,6.820000171661377,6.789999961853027,6.789999961853027,6.247485637664795,22900
6.789999961853027,6.809999942779541,6.78000020980835,6.789999961853027,6.247485637664795,34400
6.829999923706055,6.829999923706055,6.760000228881836,6.78000020980835,6.238284587860107,26900
6.769999980926514,6.800000190734863,6.769999980926514,6.800000190734863,6.256686687469482,29800
6.789999961853027,6.829999923706055,6.789999961853027,6.829999923706055,6.2842888832092285,31300
6.800000190734863,6.820000171661377,6.800000190734863,6.820000171661377,6.302772521972656,40000
6.820000171661377,6.849999904632568,6.789999961853027,6.829999923706055,6.312013626098633,61000
6.840000152587891,6.849999904632568,6.820000171661377,6.829999923706055,6.312013626098633,22900
6.820000171661377,6.820000171661377,6.739999771118164,6.78000020980835,6.265806198120117,87500
6.860000133514404,6.860000133514404,6.769999980926514,6.78000020980835,6.265806198120117,47000
6.829999923706055,6.829999923706055,6.760000228881836,6.809999942779541,6.29353141784668,27900
6.809999942779541,6.809999942779541,6.760000228881836,6.78000020980835,6.265806198120117,41100
6.769999980926514,6.800000190734863,6.769999980926514,6.789999961853027,6.275047302246094,8900
6.800000190734863,6.800000190734863,6.75,6.75,6.238081455230713,19000
6.769999980926514,6.789999961853027,6.75,6.75,6.238081455230713,63900
6.739999771118164,6.760000228881836,6.730000019073486,6.730000019073486,6.219597816467285,41100
6.739999771118164,6.760000228881836,6.71999979019165,6.730000019073486,6.219597816467285,39600
6.730000019073486,6.769999980926514,6.730000019073486,6.760000228881836,6.247323036193848,54300
6.760000228881836,6.78000020980835,6.739999771118164,6.760000228881836,6.247323036193848,83700
6.789999961853027,6.849999904632568,6.789999961853027,6.840000152587891,6.321255207061768,61400
6.820000171661377,6.840000152587891,6.78000020980835,6.78000020980835,6.265806198120117,70900
6.769999980926514,6.789999961853027,6.71999979019165,6.71999979019165,6.21035623550415,73900
6.71999979019165,6.789999961853027,6.699999809265137,6.699999809265137,6.191874027252197,44700
6.71999979019165,6.760000228881836,6.699999809265137,6.710000038146973,6.201114654541016,53600
6.71999979019165,6.730000019073486,6.679999828338623,6.71999979019165,6.21035623550415,87200
6.739999771118164,6.739999771118164,6.690000057220459,6.699999809265137,6.191874027252197,55600
6.690000057220459,6.710000038146973,6.619999885559082,6.619999885559082,6.1179399490356445,94900
6.619999885559082,6.690000057220459,6.579999923706055,6.579999923706055,6.080973148345947,96600
6.579999923706055,6.590000152587891,6.519999980926514,6.53000020980835,6.03476619720459,67200
6.5,6.510000228881836,6.429999828338623,6.440000057220459,5.979061126708984,152800
6.460000038146973,6.510000228881836,6.449999809265137,6.460000038146973,5.997629165649414,76800
6.449999809265137,6.519999980926514,6.440000057220459,6.5,6.03476619720459,84900
6.510000228881836,6.519999980926514,6.5,6.510000228881836,6.044051170349121,40200
6.489999771118164,6.5,6.440000057220459,6.440000057220459,5.979061126708984,69800
6.440000057220459,6.460000038146973,6.420000076293945,6.449999809265137,5.988344192504883,66700
6.440000057220459,6.460000038146973,6.389999866485596,6.429999828338623,5.969776153564453,99800
6.400000095367432,6.449999809265137,6.389999866485596,6.429999828338623,5.969776153564453,89500
6.440000057220459,6.489999771118164,6.409999847412109,6.489999771118164,6.025481700897217,58900
6.46999979019165,6.519999980926514,6.460000038146973,6.519999980926514,6.053335189819336,44100
6.5,6.519999980926514,6.449999809265137,6.449999809265137,5.988344192504883,65100
6.449999809265137,6.480000019073486,6.429999828338623,6.440000057220459,5.979061126708984,153200
6.409999847412109,6.449999809265137,6.360000133514404,6.420000076293945,5.9604926109313965,55600
6.320000171661377,6.400000095367432,6.320000171661377,6.340000152587891,5.8862175941467285,101200
6.369999885559082,6.389999866485596,6.300000190734863,6.320000171661377,5.867649555206299,116100
6.369999885559082,6.369999885559082,6.320000171661377,6.349999904632568,5.895501613616943,130100
6.320000171661377,6.369999885559082,6.320000171661377,6.369999885559082,5.914071083068848,64200
6.329999923706055,6.329999923706055,6.260000228881836,6.309999942779541,5.858365535736084,95500
6.329999923706055,6.329999923706055,6.289999961853027,6.329999923706055,5.876934051513672,53800
6.309999942779541,6.409999847412109,6.309999942779541,6.409999847412109,5.951208114624023,90600
6.349999904632568,6.360000133514404,6.320000171661377,6.320000171661377,5.895240783691406,43900
6.320000171661377,6.349999904632568,6.269999980926514,6.269999980926514,5.8486008644104,69900
6.269999980926514,6.28000020980835,6.21999979019165,6.269999980926514,5.8486008644104,142300
6.239999771118164,6.25,6.190000057220459,6.190000057220459,5.773977756500244,74300
6.210000038146973,6.25,6.190000057220459,6.239999771118164,5.820616722106934,51300
6.239999771118164,6.25,6.190000057220459,6.21999979019165,5.801961421966553,92900
6.21999979019165,6.25,6.090000152587891,6.21999979019165,5.801961421966553,173900
6.210000038146973,6.239999771118164,6.150000095367432,6.210000038146973,5.792633533477783,105200
6.199999809265137,6.25,6.170000076293945,6.170000076293945,5.755321025848389,85400
6.159999847412109,6.179999828338623,6.110000133514404,6.119999885559082,5.708682537078857,133900
6.099999904632568,6.119999885559082,6.059999942779541,6.079999923706055,5.671370029449463,177800
6.090000152587891,6.110000133514404,6.039999961853027,6.050000190734863,5.6433868408203125,181100
6.050000190734863,6.150000095367432,6.050000190734863,6.150000095367432,5.73666524887085,241100
6.119999885559082,6.210000038146973,6.119999885559082,6.190000057220459,5.773977756500244,159000
6.190000057220459,6.239999771118164,6.159999847412109,6.170000076293945,5.755321025848389,123300
6.159999847412109,6.190000057220459,6.159999847412109,6.170000076293945,5.755321025848389,57900
6.170000076293945,6.210000038146973,6.159999847412109,6.210000038146973,5.792633533477783,99000
6.190000057220459,6.260000228881836,6.190000057220459,6.230000019073486,5.811288833618164,103800
6.269999980926514,6.300000190734863,6.260000228881836,6.300000190734863,5.876584053039551,133900
6.340000152587891,6.349999904632568,6.320000171661377,6.340000152587891,5.913896083831787,127400
6.320000171661377,6.360000133514404,6.28000020980835,6.300000190734863,5.9045233726501465,95000
6.309999942779541,6.309999942779541,6.25,6.260000228881836,5.867035388946533,126400
6.28000020980835,6.28000020980835,6.239999771118164,6.269999980926514,5.876407146453857,105900
6.260000228881836,6.289999961853027,6.230000019073486,6.28000020980835,5.88577938079834,140300
6.300000190734863,6.300000190734863,6.260000228881836,6.289999961853027,5.895151138305664,49800
6.28000020980835,6.289999961853027,6.239999771118164,6.269999980926514,5.876407146453857,55000
6.28000020980835,6.28000020980835,6.190000057220459,6.190000057220459,5.801429271697998,66800
6.199999809265137,6.25,6.199999809265137,6.25,5.857663154602051,27100
6.28000020980835,6.28000020980835,6.210000038146973,6.269999980926514,5.876407146453857,78000
6.28000020980835,6.309999942779541,6.25,6.309999942779541,5.913897037506104,97300
6.269999980926514,6.289999961853027,6.21999979019165,6.239999771118164,5.848289966583252,142900
6.260000228881836,6.300000190734863,6.260000228881836,6.300000190734863,5.9045233726501465,80300
6.329999923706055,6.369999885559082,6.289999961853027,6.369999885559082,5.97012996673584,111300
6.369999885559082,6.420000076293945,6.360000133514404,6.409999847412109,6.007619380950928,102300
6.440000057220459,6.46999979019165,6.400000095367432,6.46999979019165,6.063852310180664,138900
6.420000076293945,6.510000228881836,6.409999847412109,6.5,6.091968536376953,167300
6.46999979019165,6.559999942779541,6.46999979019165,6.559999942779541,6.148202896118164,84500
6.570000171661377,6.599999904632568,6.53000020980835,6.590000152587891,6.176319599151611,143400
6.590000152587891,6.599999904632568,6.559999942779541,6.599999904632568,6.185691833496094,30400
6.639999866485596,6.639999866485596,6.420000076293945,6.440000057220459,6.035736083984375,103900
6.429999828338623,6.480000019073486,6.349999904632568,6.360000133514404,5.960757732391357,146800
6.380000114440918,6.409999847412109,6.360000133514404,6.380000114440918,5.9795026779174805,93500
6.329999923706055,6.400000095367432,6.329999923706055,6.340000152587891,5.942012786865234,133000
6.309999942779541,6.380000114440918,6.25,6.309999942779541,5.942013263702393,166300
6.300000190734863,6.360000133514404,6.230000019073486,6.230000019073486,5.866678237915039,179700
6.25,6.269999980926514,6.159999847412109,6.21999979019165,5.8572611808776855,213800
6.21999979019165,6.230000019073486,6.159999847412109,6.190000057220459,5.829011917114258,112100
6.190000057220459,6.260000228881836,6.130000114440918,6.199999809265137,5.83842658996582,118000
6.230000019073486,6.25,6.159999847412109,6.159999847412109,5.800760269165039,94000
6.190000057220459,6.260000228881836,6.119999885559082,6.159999847412109,5.800760269165039,183000
6.170000076293945,6.199999809265137,6.119999885559082,6.159999847412109,5.800760269165039,214500
6.150000095367432,6.179999828338623,6.130000114440918,6.139999866485596,5.781927108764648,254100
6.150000095367432,6.349999904632568,6.150000095367432,6.349999904632568,5.979680061340332,119400
6.380000114440918,6.409999847412109,6.349999904632568,6.409999847412109,6.03618049621582,46100
6.409999847412109,6.429999828338623,6.369999885559082,6.409999847412109,6.03618049621582,90600
6.449999809265137,6.449999809265137,6.389999866485596,6.440000057220459,6.064432621002197,111900
6.489999771118164,6.610000133514404,6.440000057220459,6.5,6.120932102203369,196200
6.5,6.5,6.429999828338623,6.440000057220459,6.064432621002197,92100
6.46999979019165,6.53000020980835,6.440000057220459,6.519999980926514,6.139765739440918,83700
6.579999923706055,6.599999904632568,6.550000190734863,6.570000171661377,6.1868510246276855,51900
6.559999942779541,6.599999904632568,6.460000038146973,6.480000019073486,6.102097988128662,104900
6.46999979019165,6.5,6.380000114440918,6.409999847412109,6.063315391540527,146400
6.400000095367432,6.420000076293945,6.360000133514404,6.369999885559082,6.025479316711426,144600
6.380000114440918,6.429999828338623,6.360000133514404,6.429999828338623,6.082235336303711,107700
6.429999828338623,6.440000057220459,6.380000114440918,6.389999866485596,6.044398307800293,100000
6.400000095367432,6.460000038146973,6.380000114440918,6.449999809265137,6.101152420043945,98600
6.460000038146973,6.590000152587891,6.449999809265137,6.590000152587891,6.233581066131592,230500
6.590000152587891,6.75,6.579999923706055,6.730000019073486,6.366008758544922,244700
6.75,6.75,6.670000076293945,6.739999771118164,6.375468730926514,91100
6.75,6.75,6.659999847412109,6.679999828338623,6.318714618682861,31800
6.699999809265137,6.710000038146973,6.539999961853027,6.550000190734863,6.195744037628174,156400
6.570000171661377,6.630000114440918,6.510000228881836,6.539999961853027,6.186285018920898,97600
6.570000171661377,6.630000114440918,6.570000171661377,6.610000133514404,6.252500057220459,143100
6.610000133514404,6.699999809265137,6.610000133514404,6.670000076293945,6.3092546463012695,100400
6.670000076293945,6.690000057220459,6.610000133514404,6.630000114440918,6.27141809463501,67700
6.619999885559082,6.639999866485596,6.619999885559082,6.630000114440918,6.27141809463501,49100
6.619999885559082,6.630000114440918,6.559999942779541,6.610000133514404,6.252500057220459,91900
6.599999904632568,6.619999885559082,6.590000152587891,6.619999885559082,6.261958122253418,35700
6.619999885559082,6.730000019073486,6.619999885559082,6.71999979019165,6.356548309326172,63800
6.71999979019165,6.75,6.690000057220459,6.710000038146973,6.347089767456055,90700
6.71999979019165,6.71999979019165,6.630000114440918,6.650000095367432,6.31764030456543,98200
6.639999866485596,6.659999847412109,6.630000114440918,6.659999847412109,6.327139377593994,34500
6.670000076293945,6.699999809265137,6.659999847412109,6.690000057220459,6.3556413650512695,74500
6.679999828338623,6.690000057220459,6.659999847412109,6.690000057220459,6.3556413650512695,45800
6.679999828338623,6.710000038146973,6.670000076293945,6.710000038146973,6.374641418457031,36000
6.730000019073486,6.730000019073486,6.699999809265137,6.730000019073486,6.393641948699951,37100
6.739999771118164,6.75,6.730000019073486,6.75,6.412642002105713,40100
6.769999980926514,6.800000190734863,6.75,6.800000190734863,6.460144519805908,83100
6.800000190734863,6.800000190734863,6.730000019073486,6.730000019073486,6.393641948699951,65500
6.75,6.769999980926514,6.739999771118164,6.75,6.412642002105713,32400
6.760000228881836,6.840000152587891,6.760000228881836,6.840000152587891,6.498143196105957,77500
6.849999904632568,6.889999866485596,6.809999942779541,6.840000152587891,6.498143196105957,95800
6.849999904632568,6.900000095367432,6.849999904632568,6.880000114440918,6.536145687103272,95100
6.880000114440918,6.889999866485596,6.829999923706055,6.829999923706055,6.488643169403076,48500
6.840000152587891,6.869999885559082,6.800000190734863,6.809999942779541,6.469643592834473,31500
6.809999942779541,6.820000171661377,6.800000190734863,6.800000190734863,6.460144519805908,48900
6.820000171661377,6.889999866485596,6.800000190734863,6.820000171661377,6.479144096374512,108200
6.840000152587891,6.849999904632568,6.800000190734863,6.800000190734863,6.460144519805908,58600
6.800000190734863,6.809999942779541,6.789999961853027,6.789999961853027,6.4506425857543945,41000
6.800000190734863,6.800000190734863,6.739999771118164,6.75,6.440147399902344,40800
6.789999961853027,6.800000190734863,6.739999771118164,6.760000228881836,6.4496893882751465,76900
6.78000020980835,6.78000020980835,6.75,6.75,6.440147399902344,37700
6.78000020980835,6.789999961853027,6.71999979019165,6.730000019073486,6.421065330505371,42200
6.739999771118164,6.800000190734863,6.730000019073486,6.739999771118164,6.430606842041016,105500
6.789999961853027,6.840000152587891,6.769999980926514,6.840000152587891,6.5260162353515625,93400
6.829999923706055,6.869999885559082,6.800000190734863,6.869999885559082,6.55463981628418,73100
6.880000114440918,6.900000095367432,6.849999904632568,6.860000133514404,6.545098781585693,62200
6.889999866485596,6.900000095367432,6.869999885559082,6.900000095367432,6.583261966705322,19100
6.900000095367432,6.920000076293945,6.889999866485596,6.900000095367432,6.583261966705322,56600
6.900000095367432,6.900000095367432,6.880000114440918,6.880000114440918,6.564180850982666,27600
6.900000095367432,6.940000057220459,6.880000114440918,6.909999847412109,6.592803955078125,97900
6.929999828338623,6.940000057220459,6.909999847412109,6.929999828338623,6.611885070800781,69900
6.929999828338623,6.929999828338623,6.909999847412109,6.920000076293945,6.602344036102295,77600
6.929999828338623,6.960000038146973,6.900000095367432,6.940000057220459,6.621426582336426,111700
6.949999809265137,6.96999979019165,6.829999923706055,6.840000152587891,6.5260162353515625,288100
6.840000152587891,6.860000133514404,6.829999923706055,6.840000152587891,6.5260162353515625,52100
6.840000152587891,6.860000133514404,6.820000171661377,6.849999904632568,6.535556793212891,48500
6.840000152587891,6.849999904632568,6.829999923706055,6.829999923706055,6.516474723815918,42300
6.849999904632568,6.869999885559082,6.840000152587891,6.869999885559082,6.55463981628418,45900
6.869999885559082,6.909999847412109,6.869999885559082,6.909999847412109,6.592803955078125,18800
6.900000095367432,6.940000057220459,6.900000095367432,6.909999847412109,6.592803955078125,37300
6.900000095367432,6.920000076293945,6.900000095367432,6.920000076293945,6.602344036102295,39200
6.909999847412109,6.949999809265137,6.900000095367432,6.929999828338623,6.611885070800781,54600
6.940000057220459,6.960000038146973,6.920000076293945,6.949999809265137,6.630966663360596,105900
6.920000076293945,6.929999828338623,6.800000190734863,6.809999942779541,6.524619102478027,121700
6.829999923706055,6.849999904632568,6.800000190734863,6.820000171661377,6.534199237823486,60000
6.809999942779541,6.829999923706055,6.800000190734863,6.800000190734863,6.51503849029541,62600
6.800000190734863,6.809999942779541,6.769999980926514,6.769999980926514,6.486295223236084,36500
6.789999961853027,6.820000171661377,6.769999980926514,6.800000190734863,6.51503849029541,38200
6.809999942779541,6.840000152587891,6.78000020980835,6.789999961853027,6.505456924438477,79600
6.789999961853027,6.840000152587891,6.730000019073486,6.730000019073486,6.447971343994141,185800
6.760000228881836,6.809999942779541,6.75,6.769999980926514,6.486295223236084,78600
6.78000020980835,6.800000190734863,6.760000228881836,6.78000020980835,6.495875835418701,70600
6.78000020980835,6.800000190734863,6.78000020980835,6.78000020980835,6.495875835418701,65500
6.800000190734863,6.840000152587891,6.800000190734863,6.809999942779541,6.524619102478027,80400
6.820000171661377,6.820000171661377,6.800000190734863,6.800000190734863,6.51503849029541,32400
6.820000171661377,6.869999885559082,6.809999942779541,6.860000133514404,6.572523593902588,100700
6.869999885559082,6.889999866485596,6.840000152587891,6.840000152587891,6.553361415863037,74400
6.860000133514404,6.889999866485596,6.849999904632568,6.889999866485596,6.601265907287598,51600
6.880000114440918,6.909999847412109,6.869999885559082,6.909999847412109,6.620428085327148,27900
6.920000076293945,6.929999828338623,6.889999866485596,6.889999866485596,6.601265907287598,33100
6.889999866485596,6.909999847412109,6.860000133514404,6.880000114440918,6.591685771942139,48700
6.900000095367432,6.900000095367432,6.869999885559082,6.889999866485596,6.601265907287598,60300
6.860000133514404,6.869999885559082,6.840000152587891,6.849999904632568,6.589722156524658,41300
6.860000133514404,6.909999847412109,6.849999904632568,6.860000133514404,6.5993428230285645,70700
6.860000133514404,6.880000114440918,6.840000152587891,6.840000152587891,6.58010196685791,69100
6.860000133514404,6.860000133514404,6.829999923706055,6.849999904632568,6.589722156524658,30700
6.840000152587891,6.860000133514404,6.809999942779541,6.809999942779541,6.551242351531982,52400
6.820000171661377,6.840000152587891,6.809999942779541,6.820000171661377,6.560862064361572,28800
6.809999942779541,6.840000152587891,6.809999942779541,6.829999923706055,6.57048225402832,41300
6.840000152587891,6.860000133514404,6.800000190734863,6.820000171661377,6.560862064361572,75800
6.840000152587891,6.849999904632568,6.829999923706055,6.849999904632568,6.589722156524658,39800
6.840000152587891,6.909999847412109,6.840000152587891,6.889999866485596,6.628201961517334,91500
6.900000095367432,6.96999979019165,6.900000095367432,6.96999979019165,6.705162048339844,62700
6.96999979019165,6.96999979019165,6.840000152587891,6.869999885559082,6.608962535858154,191800
6.889999866485596,6.920000076293945,6.880000114440918,6.909999847412109,6.647442817687988,56900
6.909999847412109,6.929999828338623,6.889999866485596,6.889999866485596,6.628201961517334,89700
6.900000095367432,6.900000095367432,6.840000152587891,6.849999904632568,6.589722156524658,61400
6.860000133514404,6.900000095367432,6.829999923706055,6.840000152587891,6.58010196685791,73200
6.840000152587891,6.900000095367432,6.840000152587891,6.869999885559082,6.608962535858154,147600
6.889999866485596,6.920000076293945,6.869999885559082,6.900000095367432,6.637822151184082,95900
6.889999866485596,6.909999847412109,6.889999866485596,6.889999866485596,6.628201961517334,54600
6.909999847412109,6.920000076293945,6.889999866485596,6.909999847412109,6.647442817687988,56000
6.920000076293945,6.920000076293945,6.889999866485596,6.909999847412109,6.647442817687988,47900
6.909999847412109,7.050000190734863,6.909999847412109,7.050000190734863,6.782122611999512,138800
7.03000020980835,7.130000114440918,7.0,7.079999923706055,6.81098222732544,129900
7.130000114440918,7.139999866485596,7.050000190734863,7.070000171661377,6.801362991333008,105600
7.079999923706055,7.079999923706055,6.960000038146973,6.96999979019165,6.7308669090271,84000
6.980000019073486,7.03000020980835,6.960000038146973,6.960000038146973,6.72121000289917,85700
6.980000019073486,6.989999771118164,6.940000057220459,6.940000057220459,6.701897144317627,65600
6.960000038146973,6.989999771118164,6.940000057220459,6.980000019073486,6.740524768829346,14100
6.989999771118164,7.03000020980835,6.989999771118164,7.019999980926514,6.779151439666748,117900
7.0,7.039999961853027,6.989999771118164,7.03000020980835,6.788808345794678,60500
7.039999961853027,7.070000171661377,6.989999771118164,7.010000228881836,6.769495010375977,54400
7.010000228881836,7.03000020980835,6.989999771118164,7.010000228881836,6.769495010375977,42100
7.019999980926514,7.03000020980835,6.96999979019165,6.980000019073486,6.740524768829346,76800
7.010000228881836,7.050000190734863,6.980000019073486,7.010000228881836,6.769495010375977,84300
7.050000190734863,7.079999923706055,7.010000228881836,7.019999980926514,6.779151439666748,89600
7.050000190734863,7.050000190734863,7.010000228881836,7.010000228881836,6.769495010375977,60000
7.019999980926514,7.019999980926514,6.980000019073486,6.989999771118164,6.750180721282959,77900
6.989999771118164,7.0,6.96999979019165,6.989999771118164,6.750180721282959,81200
6.980000019073486,7.010000228881836,6.980000019073486,7.0,6.759838104248047,27400
7.010000228881836,7.010000228881836,6.96999979019165,6.989999771118164,6.750180721282959,135900
6.96999979019165,7.0,6.96999979019165,6.980000019073486,6.740524768829346,61900
6.989999771118164,7.019999980926514,6.980000019073486,7.019999980926514,6.779151439666748,96700
7.019999980926514,7.050000190734863,6.989999771118164,7.0,6.759838104248047,81700
6.980000019073486,7.0,6.949999809265137,6.989999771118164,6.776318073272705,77300
6.980000019073486,6.989999771118164,6.960000038146973,6.960000038146973,6.74723482131958,34200
6.960000038146973,6.980000019073486,6.949999809265137,6.960000038146973,6.74723482131958,41300
6.960000038146973,6.989999771118164,6.949999809265137,6.96999979019165,6.756929397583008,46100
6.96999979019165,6.980000019073486,6.960000038146973,6.960000038146973,6.74723482131958,33600
6.960000038146973,7.0,6.960000038146973,7.0,6.786012649536133,78800
7.0,7.010000228881836,6.980000019073486,7.010000228881836,6.795707702636719,90000
7.019999980926514,7.090000152587891,7.019999980926514,7.090000152587891,6.873261451721191,134200
7.050000190734863,7.139999866485596,7.050000190734863,7.079999923706055,6.863567352294922,103700
7.079999923706055,7.150000095367432,7.079999923706055,7.130000114440918,6.912038803100586,59200
7.110000133514404,7.130000114440918,7.070000171661377,7.079999923706055,6.863567352294922,74600
7.079999923706055,7.150000095367432,7.079999923706055,7.090000152587891,6.873261451721191,72400
7.079999923706055,7.179999828338623,7.079999923706055,7.119999885559082,6.90234375,96000
7.119999885559082,7.190000057220459,7.119999885559082,7.170000076293945,6.950815200805664,69400
7.159999847412109,7.199999809265137,7.159999847412109,7.159999847412109,6.941121578216553,45200
7.159999847412109,7.199999809265137,7.139999866485596,7.170000076293945,6.950815200805664,57100
7.170000076293945,7.199999809265137,7.119999885559082,7.119999885559082,6.90234375,61600
7.130000114440918,7.179999828338623,7.130000114440918,7.159999847412109,6.941121578216553,21600
7.139999866485596,7.199999809265137,7.130000114440918,7.150000095367432,6.931427478790283,81200
7.179999828338623,7.199999809265137,7.159999847412109,7.199999809265137,6.979898452758789,34700
7.170000076293945,7.170000076293945,7.119999885559082,7.119999885559082,6.928325176239014,40300
7.139999866485596,7.179999828338623,7.070000171661377,7.070000171661377,6.879672050476074,106700
7.059999942779541,7.090000152587891,7.039999961853027,7.050000190734863,6.860210418701172,66700
7.050000190734863,7.099999904632568,7.050000190734863,7.079999923706055,6.889402389526367,145800
7.070000171661377,7.099999904632568,7.070000171661377,7.099999904632568,6.908863544464111,60000
7.079999923706055,7.099999904632568,7.079999923706055,7.090000152587891,6.899133205413818,34300
7.079999923706055,7.090000152587891,7.050000190734863,7.050000190734863,6.860210418701172,89200
7.050000190734863,7.070000171661377,7.019999980926514,7.039999961853027,6.8504791259765625,87400
7.039999961853027,7.059999942779541,7.039999961853027,7.050000190734863,6.860210418701172,58400
7.050000190734863,7.099999904632568,7.039999961853027,7.099999904632568,6.908863544464111,69200
7.110000133514404,7.110000133514404,7.090000152587891,7.110000133514404,6.918594837188721,57600
7.119999885559082,7.130000114440918,7.099999904632568,7.110000133514404,6.918594837188721,38400
7.119999885559082,7.139999866485596,7.110000133514404,7.119999885559082,6.928325176239014,77700
7.130000114440918,7.150000095367432,7.099999904632568,7.099999904632568,6.908863544464111,88800
7.119999885559082,7.150000095367432,7.099999904632568,7.139999866485596,6.947786808013916,48600
7.119999885559082,7.159999847412109,7.119999885559082,7.139999866485596,6.947786808013916,63900
7.130000114440918,7.139999866485596,7.099999904632568,7.119999885559082,6.928325176239014,79200
7.110000133514404,7.139999866485596,7.110000133514404,7.110000133514404,6.918594837188721,26700
7.110000133514404,7.110000133514404,7.079999923706055,7.099999904632568,6.908863544464111,61500
7.079999923706055,7.090000152587891,7.070000171661377,7.070000171661377,6.879672050476074,49600
7.070000171661377,7.079999923706055,7.059999942779541,7.070000171661377,6.879672050476074,22700
7.050000190734863,7.070000171661377,7.019999980926514,7.019999980926514,6.83101749420166,77800
7.019999980926514,7.019999980926514,6.900000095367432,6.920000076293945,6.733709812164307,119100
6.920000076293945,6.980000019073486,6.900000095367432,6.920000076293945,6.733709812164307,55600
6.909999847412109,6.909999847412109,6.849999904632568,6.889999866485596,6.73077917098999,178100
6.900000095367432,6.940000057220459,6.880000114440918,6.920000076293945,6.760085582733154,205800
6.929999828338623,6.949999809265137,6.920000076293945,6.920000076293945,6.760085582733154,82700
6.920000076293945,6.949999809265137,6.920000076293945,6.940000057220459,6.779623508453369,30400
6.949999809265137,6.980000019073486,6.940000057220459,6.960000038146973,6.799160957336426,60100
6.96999979019165,6.989999771118164,6.949999809265137,6.96999979019165,6.808930397033691,91800
6.96999979019165,6.980000019073486,6.960000038146973,6.980000019073486,6.818698883056641,48000
6.96999979019165,7.0,6.96999979019165,6.989999771118164,6.82846736907959,61600
6.980000019073486,7.010000228881836,6.980000019073486,7.0,6.838236808776856,37700
7.010000228881836,7.039999961853027,7.0,7.039999961853027,6.877312660217285,65600
7.03000020980835,7.070000171661377,7.019999980926514,7.050000190734863,6.887081146240234,85500
7.050000190734863,7.070000171661377,7.03000020980835,7.050000190734863,6.887081146240234,113400
7.050000190734863,7.059999942779541,7.050000190734863,7.059999942779541,6.8968505859375,14800
7.059999942779541,7.059999942779541,7.03000020980835,7.059999942779541,6.8968505859375,46200
7.070000171661377,7.070000171661377,7.019999980926514,7.019999980926514,6.85777473449707,74200
7.03000020980835,7.039999961853027,7.0,7.010000228881836,6.848006248474121,74900
7.010000228881836,7.050000190734863,7.010000228881836,7.03000020980835,6.867544174194336,24000
7.019999980926514,7.03000020980835,7.010000228881836,7.010000228881836,6.848006248474121,30500
7.019999980926514,7.03000020980835,7.0,7.03000020980835,6.867544174194336,58700
7.03000020980835,7.050000190734863,7.010000228881836,7.050000190734863,6.887081146240234,33400
7.019999980926514,7.039999961853027,7.0,7.019999980926514,6.884139537811279,44300
7.010000228881836,7.019999980926514,6.980000019073486,6.980000019073486,6.844913482666016,31800
6.989999771118164,6.989999771118164,6.909999847412109,6.929999828338623,6.795881271362305,86200
6.929999828338623,6.949999809265137,6.920000076293945,6.929999828338623,6.795881271362305,50200
6.929999828338623,6.929999828338623,6.900000095367432,6.909999847412109,6.776268005371094,41700
6.920000076293945,6.940000057220459,6.889999866485596,6.929999828338623,6.795881271362305,63400
6.940000057220459,6.949999809265137,6.909999847412109,6.929999828338623,6.795881271362305,31100
6.940000057220459,6.949999809265137,6.909999847412109,6.940000057220459,6.80568790435791,53500
6.949999809265137,6.960000038146973,6.909999847412109,6.920000076293945,6.786074638366699,58300
6.920000076293945,6.920000076293945,6.869999885559082,6.889999866485596,6.756655216217041,49400
6.880000114440918,6.900000095367432,6.869999885559082,6.869999885559082,6.737042427062988,51900
6.889999866485596,6.960000038146973,6.869999885559082,6.960000038146973,6.825300216674805,84800
7.0,7.010000228881836,6.960000038146973,7.010000228881836,6.874333381652832,73100
7.0,7.019999980926514,7.0,7.019999980926514,6.884139537811279,76200
7.010000228881836,7.03000020980835,6.960000038146973,6.960000038146973,6.825300216674805,45700
6.960000038146973,7.019999980926514,6.960000038146973,7.019999980926514,6.884139537811279,84100
7.019999980926514,7.079999923706055,7.019999980926514,7.079999923706055,6.9429779052734375,96500
7.070000171661377,7.079999923706055,7.010000228881836,7.059999942779541,6.923365592956543,87100
7.019999980926514,7.079999923706055,7.019999980926514,7.059999942779541,6.923365592956543,32400
7.070000171661377,7.079999923706055,7.059999942779541,7.079999923706055,6.9429779052734375,56300
7.050000190734863,7.050000190734863,7.010000228881836,7.019999980926514,6.910492897033691,39500
7.03000020980835,7.059999942779541,7.0,7.059999942779541,6.949869632720947,64700
7.050000190734863,7.079999923706055,7.050000190734863,7.079999923706055,6.96955680847168,36500
7.090000152587891,7.090000152587891,7.039999961853027,7.059999942779541,6.949869632720947,33200
7.059999942779541,7.070000171661377,7.03000020980835,7.059999942779541,6.949869632720947,47100
7.070000171661377,7.079999923706055,7.059999942779541,7.079999923706055,6.96955680847168,19600
7.090000152587891,7.099999904632568,7.079999923706055,7.099999904632568,6.989245414733887,48700
7.110000133514404,7.119999885559082,7.090000152587891,7.090000152587891,6.979401111602783,28900
7.119999885559082,7.119999885559082,7.090000152587891,7.099999904632568,6.989245414733887,38900
7.110000133514404,7.119999885559082,7.039999961853027,7.099999904632568,6.989245414733887,57300
7.110000133514404,7.119999885559082,7.059999942779541,7.059999942779541,6.949869632720947,43900
7.079999923706055,7.110000133514404,7.059999942779541,7.090000152587891,6.979401111602783,46200
7.099999904632568,7.139999866485596,7.070000171661377,7.070000171661377,6.959713459014893,44200
7.099999904632568,7.099999904632568,7.03000020980835,7.039999961853027,6.93018102645874,65600
7.079999923706055,7.119999885559082,7.03000020980835,7.050000190734863,6.9400248527526855,85000
7.050000190734863,7.070000171661377,7.03000020980835,7.050000190734863,6.9400248527526855,58500
7.050000190734863,7.059999942779541,7.03000020980835,7.03000020980835,6.920337677001953,108800
7.039999961853027,7.050000190734863,6.980000019073486,7.019999980926514,6.910492897033691,172400
7.010000228881836,7.050000190734863,7.0,7.019999980926514,6.910492897033691,78400
7.010000228881836,7.03000020980835,7.0,7.019999980926514,6.910492897033691,68500
7.03000020980835,7.059999942779541,7.019999980926514,7.039999961853027,6.93018102645874,68200
7.03000020980835,7.050000190734863,6.989999771118164,7.010000228881836,6.900649547576904,51100
7.0,7.03000020980835,6.989999771118164,7.010000228881836,6.900649547576904,51900
7.010000228881836,7.039999961853027,7.0,7.039999961853027,6.93018102645874,66700
7.019999980926514,7.070000171661377,7.0,7.070000171661377,6.986507892608643,65200
7.070000171661377,7.130000114440918,7.039999961853027,7.110000133514404,7.026035308837891,49700
7.119999885559082,7.130000114440918,7.110000133514404,7.130000114440918,7.045799255371094,84300
7.130000114440918,7.139999866485596,7.079999923706055,7.079999923706055,6.996389389038086,61400
7.110000133514404,7.139999866485596,7.099999904632568,7.130000114440918,7.045799255371094,63500
7.139999866485596,7.150000095367432,7.130000114440918,7.139999866485596,7.055680751800537,39900
7.150000095367432,7.150000095367432,7.070000171661377,7.070000171661377,6.986507892608643,38800
7.090000152587891,7.110000133514404,7.039999961853027,7.059999942779541,6.976625919342041,88500
7.050000190734863,7.070000171661377,7.03000020980835,7.070000171661377,6.986507892608643,51800
7.079999923706055,7.139999866485596,7.050000190734863,7.070000171661377,6.986507892608643,59200
7.070000171661377,7.119999885559082,7.059999942779541,7.110000133514404,7.026035308837891,79500
7.110000133514404,7.130000114440918,7.090000152587891,7.090000152587891,7.006271839141846,53000
7.099999904632568,7.119999885559082,7.050000190734863,7.050000190734863,6.96674394607544,100500
7.059999942779541,7.139999866485596,7.059999942779541,7.139999866485596,7.055680751800537,45100
7.150000095367432,7.170000076293945,7.110000133514404,7.130000114440918,7.045799255371094,95700
7.150000095367432,7.159999847412109,7.130000114440918,7.139999866485596,7.055680751800537,61100
7.150000095367432,7.159999847412109,7.130000114440918,7.150000095367432,7.065563201904297,101000
7.150000095367432,7.150000095367432,7.130000114440918,7.150000095367432,7.065563201904297,64200
7.119999885559082,7.179999828338623,7.119999885559082,7.170000076293945,7.112184047698975,46800
7.170000076293945,7.170000076293945,7.119999885559082,7.150000095367432,7.092345714569092,96100
7.159999847412109,7.159999847412109,7.130000114440918,7.139999866485596,7.082426071166992,45400
7.130000114440918,7.190000057220459,7.130000114440918,7.159999847412109,7.102264881134033,137900
7.179999828338623,7.179999828338623,7.150000095367432,7.150000095367432,7.092345714569092,49100
7.159999847412109,7.170000076293945,7.150000095367432,7.159999847412109,7.102264881134033,34500
7.159999847412109,7.190000057220459,7.159999847412109,7.190000057220459,7.132023334503174,40400
7.190000057220459,7.210000038146973,7.179999828338623,7.190000057220459,7.132023334503174,81600
7.21999979019165,7.239999771118164,7.179999828338623,7.190000057220459,7.132023334503174,57700
7.179999828338623,7.239999771118164,7.170000076293945,7.210000038146973,7.151861667633057,75900
7.230000019073486,7.25,7.190000057220459,7.210000038146973,7.151861667633057,73000
7.21999979019165,7.239999771118164,7.199999809265137,7.210000038146973,7.151861667633057,58200
7.230000019073486,7.239999771118164,7.199999809265137,7.230000019073486,7.171700477600098,65600
7.21999979019165,7.239999771118164,7.190000057220459,7.210000038146973,7.151861667633057,55600
7.210000038146973,7.21999979019165,7.199999809265137,7.21999979019165,7.161780834197998,37000
7.230000019073486,7.309999942779541,7.21999979019165,7.309999942779541,7.251055240631103,97600
7.309999942779541,7.309999942779541,7.289999961853027,7.300000190734863,7.241136074066162,28900
7.320000171661377,7.349999904632568,7.28000020980835,7.329999923706055,7.270894050598144,85200
7.340000152587891,7.349999904632568,7.340000152587891,7.349999904632568,7.2907328605651855,35000
7.360000133514404,7.400000095367432,7.329999923706055,7.389999866485596,7.330410480499268,57000
7.369999885559082,7.409999847412109,7.369999885559082,7.389999866485596,7.330410480499268,40200
7.389999866485596,7.420000076293945,7.389999866485596,7.409999847412109,7.35024881362915,30700
7.389999866485596,7.449999809265137,7.380000114440918,7.449999809265137,7.389926433563232,29100
7.449999809265137,7.460000038146973,7.360000133514404,7.380000114440918,7.346622943878174,84300
7.380000114440918,7.420000076293945,7.380000114440918,7.380000114440918,7.346622943878174,57000
7.409999847412109,7.5,7.349999904632568,7.349999904632568,7.316758632659912,63000
7.369999885559082,7.460000038146973,7.300000190734863,7.300000190734863,7.266984939575195,104100
7.360000133514404,7.369999885559082,7.309999942779541,7.320000171661377,7.286894798278809,67400
7.329999923706055,7.420000076293945,7.309999942779541,7.320000171661377,7.286894798278809,68700
7.360000133514404,7.409999847412109,7.260000228881836,7.260000228881836,7.227166175842285,104500
7.260000228881836,7.340000152587891,7.210000038146973,7.25,7.21721076965332,80500
7.289999961853027,7.289999961853027,6.980000019073486,6.980000019073486,6.948431968688965,137100
7.0,7.170000076293945,6.980000019073486,7.150000095367432,7.117663383483887,116600
7.150000095367432,7.25,7.150000095367432,7.25,7.21721076965332,103000
7.260000228881836,7.429999828338623,7.21999979019165,7.349999904632568,7.316758632659912,94900
7.300000190734863,7.349999904632568,7.289999961853027,7.309999942779541,7.276939392089844,54100
7.28000020980835,7.340000152587891,7.28000020980835,7.340000152587891,7.306804180145264,67000
6.210000038146973,7.260000228881836,6.210000038146973,7.079999923706055,7.047979831695557,149200
7.070000171661377,7.079999923706055,6.940000057220459,6.949999809265137,6.918567657470703,131300
6.860000133514404,6.880000114440918,6.559999942779541,6.630000114440918,6.600015163421631,249400
5.539999961853027,6.179999828338623,5.5,5.809999942779541,5.7837233543396,388300
6.010000228881836,6.440000057220459,5.96999979019165,6.110000133514404,6.082366943359375,448100
5.909999847412109,6.010000228881836,5.579999923706055,5.96999979019165,5.942999839782715,328200
5.980000019073486,6.059999942779541,5.849999904632568,6.010000228881836,6.010000228881836,188800
5.940000057220459,5.940000057220459,5.150000095367432,5.21999979019165,5.21999979019165,306300
5.179999828338623,5.380000114440918,4.849999904632568,5.340000152587891,5.340000152587891,239300
5.239999771118164,5.71999979019165,5.239999771118164,5.539999961853027,5.539999961853027,294000
5.579999923706055,5.579999923706055,5.150000095367432,5.239999771118164,5.239999771118164,253800
5.400000095367432,5.539999961853027,5.309999942779541,5.539999961853027,5.539999961853027,218800
5.599999904632568,5.980000019073486,5.550000190734863,5.840000152587891,5.840000152587891,219900
5.900000095367432,6.190000057220459,5.900000095367432,6.190000057220459,6.190000057220459,211300
6.139999866485596,6.300000190734863,6.079999923706055,6.230000019073486,6.230000019073486,178700
6.320000171661377,6.369999885559082,6.239999771118164,6.360000133514404,6.360000133514404,82800
6.46999979019165,6.46999979019165,6.25,6.389999866485596,6.389999866485596,138400
6.320000171661377,6.320000171661377,6.059999942779541,6.179999828338623,6.179999828338623,104600
