24.950000762939453,24.950000762939453,24.899999618530277,24.899999618530277,18.740140914916992,3100
25.0,25.0,24.770000457763672,24.950000762939453,18.77777099609375,6900
24.950000762939453,24.950000762939453,24.850000381469727,24.895999908447266,18.73712539672852,6600
24.96999931335449,24.96999931335449,24.850000381469727,24.950000762939453,18.77777099609375,3800
24.947999954223636,24.950000762939453,24.947999954223636,24.950000762939453,18.77777099609375,1400
24.950000762939453,24.950000762939453,24.950000762939453,24.950000762939453,18.77777099609375,400
24.979999542236328,24.979999542236328,24.899999618530277,24.950000762939453,18.77777099609375,18300
24.899999618530277,24.926000595092773,24.5,24.86000061035156,18.710037231445312,12100
24.86000061035156,24.940000534057617,24.86000061035156,24.940000534057617,18.77024269104004,3600
24.899999618530277,24.899999618530277,24.854999542236328,24.899999618530277,18.740140914916992,13000
24.940000534057617,25.0,24.93400001525879,25.0,18.815401077270508,9200
24.93000030517578,25.049999237060547,24.920000076293945,24.94300079345703,18.77250099182129,11800
24.90999984741211,25.14900016784668,24.90999984741211,25.14900016784668,18.927539825439453,2700
25.030000686645508,25.09600067138672,24.992000579833984,25.049999237060547,18.85302734375,19500
24.899999618530277,25.100000381469727,24.899999618530277,25.100000381469727,18.890663146972656,6200
25.46999931335449,25.46999931335449,25.100000381469727,25.100000381469727,18.890663146972656,4100
25.18000030517578,25.200000762939453,25.01099967956543,25.04800033569336,18.85152816772461,5300
25.25,25.25,25.1299991607666,25.190000534057617,18.958396911621094,2000
25.15999984741211,25.15999984741211,24.950000762939453,24.950000762939453,18.77777099609375,14500
24.940000534057617,25.0049991607666,24.600000381469727,24.75,18.62724494934082,16700
24.25,25.0,24.25,25.0,18.815401077270508,8100
24.989999771118164,25.0,24.989999771118164,25.0,18.815401077270508,1100
24.878999710083008,25.420000076293945,24.75,25.100000381469727,18.890663146972656,6600
25.020000457763672,25.43899917602539,25.01000022888184,25.149999618530277,18.92828941345215,12200
25.030000686645508,25.030000686645508,24.959999084472656,25.020000457763672,18.8304500579834,3300
24.989999771118164,25.0,24.989999771118164,25.0,18.815401077270508,1300
25.09000015258789,25.100000381469727,25.0,25.0,18.815401077270508,500
24.850000381469727,24.999000549316406,24.850000381469727,24.999000549316406,18.81464958190918,2500
25.0,25.0,24.959999084472656,24.959999084472656,18.78529357910156,500
24.899999618530277,24.950000762939453,24.649999618530277,24.850000381469727,18.702505111694336,1100
24.84000015258789,24.84000015258789,24.799999237060547,24.799999237060547,18.664878845214844,800
24.8799991607666,25.218000411987305,24.770000457763672,24.899999618530277,18.740140914916992,17900
24.899999618530277,24.899999618530277,24.899999618530277,24.899999618530277,18.740140914916992,0
24.799999237060547,24.799999237060547,24.799999237060547,24.799999237060547,18.664878845214844,500
24.700000762939453,24.700000762939453,24.01000022888184,24.18000030517578,18.19825553894043,5600
24.100000381469727,24.149999618530277,24.100000381469727,24.136999130249023,18.1658935546875,4500
23.899999618530277,23.899999618530277,23.899999618530277,23.899999618530277,17.987524032592773,100
24.00200080871582,24.049999237060547,24.000999450683597,24.049999237060547,18.10041618347168,1400
24.299999237060547,24.489999771118164,24.299999237060547,24.489999771118164,18.431568145751957,2500
24.26099967956543,24.420000076293945,24.26099967956543,24.309999465942383,18.29609489440918,1700
24.41900062561035,24.41900062561035,24.25,24.25,18.250938415527344,1500
24.229999542236328,24.238000869750977,23.832000732421875,23.832000732421875,17.93634796142578,7400
24.18000030517578,24.200000762939453,24.030000686645508,24.049999237060547,18.10041618347168,2700
24.01000022888184,24.15699958801269,23.93600082397461,23.940000534057617,18.017627716064453,7300
23.979999542236328,24.479999542236328,23.75,24.209999084472656,18.22083282470703,6300
24.489999771118164,24.57999992370605,24.489999771118164,24.57999992370605,18.499305725097656,2400
24.149999618530277,24.299999237060547,23.600000381469727,24.299999237060547,18.2885684967041,6200
24.25,24.459999084472656,23.96999931335449,24.030000686645508,18.08536148071289,27400
24.09000015258789,24.75,24.09000015258789,24.71999931335449,18.604665756225582,12700
25.25,25.5,24.649999618530277,24.82999992370605,18.687456130981445,4000
24.799999237060547,25.0,24.549999237060547,24.559999465942383,18.484251022338867,9300
24.75,24.75,24.739999771118164,24.739999771118164,18.619718551635746,800
24.6200008392334,24.799999237060547,24.6200008392334,24.799999237060547,18.664878845214844,3200
24.600000381469727,24.99799919128418,24.549999237060547,24.988000869750977,18.806373596191406,1500
24.729999542236328,25.709999084472656,24.729999542236328,25.25,19.003551483154297,2600
25.0,25.209999084472656,24.959999084472656,25.18000030517578,18.950870513916016,11200
24.81999969482422,25.13999938964844,24.450000762939453,24.6200008392334,18.906328201293945,22500
24.459999084472656,24.479999542236328,24.200000762939453,24.350000381469727,18.698993682861328,3400
24.309999465942383,24.489999771118164,24.25,24.489999771118164,18.806501388549805,3100
24.299999237060547,24.489999771118164,24.299999237060547,24.489999771118164,18.806501388549805,200
24.566999435424805,24.75,24.31399917602539,24.489999771118164,18.806501388549805,6800
24.81999969482422,24.84000015258789,24.601999282836918,24.65999984741211,18.937049865722656,2800
24.899999618530277,25.0,24.850000381469727,24.850000381469727,19.08295440673828,3800
24.76000022888184,24.799999237060547,24.76000022888184,24.799999237060547,19.04455947875977,3100
24.75,24.75,24.670000076293945,24.75,19.00615882873535,4600
24.520000457763672,24.749000549316406,24.520000457763672,24.749000549316406,19.00539207458496,800
24.75,24.75,24.54199981689453,24.75,19.00615882873535,3300
24.75,24.75,24.549999237060547,24.75,19.00615882873535,1200
25.0,25.0,24.649999618530277,24.649999618530277,18.92936897277832,9200
24.649999618530277,24.71999931335449,24.649999618530277,24.649999618530277,18.92936897277832,5400
24.600000381469727,24.88999938964844,24.600000381469727,24.88999938964844,19.113670349121094,5200
24.63999938964844,25.0,24.63999938964844,24.899999618530277,19.121353149414062,3700
24.959999084472656,24.959999084472656,24.950000762939453,24.950000762939453,19.159748077392575,1500
24.81999969482422,24.81999969482422,24.75,24.780000686645508,19.029197692871094,3000
24.94300079345703,25.049999237060547,24.739999771118164,24.739999771118164,18.99848175048828,8700
24.790000915527344,24.799999237060547,24.701000213623047,24.799999237060547,19.04455947875977,3900
24.799999237060547,24.799999237060547,24.731000900268555,24.75,19.00615882873535,9800
24.700000762939453,24.770000457763672,24.65999984741211,24.770000457763672,19.021520614624023,11300
24.770000457763672,24.770000457763672,24.670000076293945,24.670000076293945,18.944726943969727,18600
24.75,24.979999542236328,24.739999771118164,24.979999542236328,19.182785034179688,2200
24.75,24.76000022888184,24.649999618530277,24.76000022888184,19.013843536376957,3200
24.75,24.75,24.6299991607666,24.700000762939453,18.96776580810547,2800
24.75,24.75,24.559999465942383,24.6299991607666,18.91400909423828,16600
24.75,24.8700008392334,24.65999984741211,24.8700008392334,19.09831428527832,10500
24.75,24.989999771118164,24.600000381469727,24.989999771118164,19.190467834472656,3300
24.739999771118164,24.75,24.649999618530277,24.700000762939453,18.96776580810547,12000
24.75,24.989999771118164,24.68000030517578,24.68000030517578,18.95240592956543,5600
24.75,24.799999237060547,24.600000381469727,24.600000381469727,18.890974044799805,27100
24.729999542236328,24.75,24.63999938964844,24.63999938964844,18.921689987182617,4400
24.75,24.790000915527344,24.746000289916992,24.75,19.00615882873535,2700
24.75,24.790000915527344,24.75,24.790000915527344,19.036880493164062,6300
24.812000274658203,24.88999938964844,24.812000274658203,24.88999938964844,19.113670349121094,2500
24.790000915527344,24.88999938964844,24.790000915527344,24.88999938964844,19.113670349121094,800
24.850000381469727,24.88999938964844,24.850000381469727,24.850000381469727,19.08295440673828,2500
24.88999938964844,24.88999938964844,24.88999938964844,24.88999938964844,19.113670349121094,6500
24.88999938964844,24.989999771118164,24.88999938964844,24.989999771118164,19.190467834472656,1600
24.88999938964844,25.0,24.88999938964844,25.0,19.19814109802246,5500
25.0,25.0,25.0,25.0,19.19814109802246,400
25.0,25.059999465942383,24.854999542236328,25.059999465942383,19.24422264099121,5800
25.09000015258789,25.100000381469727,25.0,25.0,19.19814109802246,7400
24.950000762939453,24.950000762939453,24.71199989318848,24.950000762939453,19.159748077392575,700
24.948999404907227,25.059999465942383,24.82999992370605,25.049999237060547,19.23653793334961,11600
24.8799991607666,25.040000915527344,24.809999465942383,24.82999992370605,19.06759452819824,12800
24.989999771118164,25.07999992370605,24.93000030517578,25.07999992370605,19.259578704833984,11500
25.049999237060547,25.059999465942383,25.049999237060547,25.059999465942383,19.24422264099121,1400
25.049999237060547,25.100000381469727,24.90999984741211,25.07999992370605,19.259578704833984,3800
25.09000015258789,25.09000015258789,25.09000015258789,25.09000015258789,19.267263412475582,200
25.09000015258789,25.649999618530277,25.09000015258789,25.1299991607666,19.297975540161133,3300
25.11000061035156,25.1200008392334,25.100000381469727,25.1200008392334,19.2902946472168,1400
25.1200008392334,25.1200008392334,25.1200008392334,25.1200008392334,19.2902946472168,0
25.0,25.34000015258789,25.0,25.242000579833984,19.38397979736328,3700
25.299999237060547,25.34000015258789,24.979999542236328,25.200000762939453,19.35172843933105,6700
25.200000762939453,25.200000762939453,25.200000762939453,25.200000762939453,19.35172843933105,400
25.34000015258789,25.34000015258789,25.200000762939453,25.34000015258789,19.45923614501953,4600
25.34000015258789,25.34000015258789,25.34000015258789,25.34000015258789,19.45923614501953,0
25.420000076293945,25.420000076293945,25.399999618530277,25.399999618530277,19.505311965942383,3000
25.440000534057617,25.5939998626709,25.440000534057617,25.5939998626709,19.65429306030273,2600
25.670000076293945,25.670000076293945,25.5,25.65999984741211,19.704973220825195,1400
25.670000076293945,25.670000076293945,25.670000076293945,25.670000076293945,19.71265411376953,900
25.5,25.93199920654297,25.5,25.93199920654297,19.91384696960449,1600
25.8700008392334,25.8700008392334,25.440000534057617,25.5,19.90604019165039,700
25.5,25.5,25.040000915527344,25.059999465942383,19.56256866455078,2900
25.25,25.489999771118164,25.170000076293945,25.2189998626709,19.68668365478516,7100
25.3799991607666,26.049999237060547,25.280000686645508,25.700000762939453,20.062166213989254,13700
25.700000762939453,25.700000762939453,25.200000762939453,25.700000762939453,20.062166213989254,1700
25.700000762939453,25.700000762939453,25.549999237060547,25.549999237060547,19.9450740814209,500
25.600000381469727,25.600000381469727,25.5,25.5,19.90604019165039,700
25.46299934387207,25.600000381469727,25.46299934387207,25.600000381469727,19.98410415649414,2400
25.649999618530277,25.649999618530277,25.440000534057617,25.530000686645508,19.92946052551269,2700
25.450000762939453,25.450000762939453,25.450000762939453,25.450000762939453,19.867015838623047,300
25.6299991607666,25.63999938964844,25.549999237060547,25.549999237060547,19.9450740814209,1100
25.551000595092773,25.562000274658203,25.549999237060547,25.562000274658203,19.95444107055664,2700
25.799999237060547,25.799999237060547,25.25,25.38999938964844,19.82017135620117,9700
25.479999542236328,25.729999542236328,25.09000015258789,25.09000015258789,19.58599090576172,14200
25.290000915527344,25.46999931335449,25.190000534057617,25.299999237060547,19.74991607666016,5400
25.479999542236328,25.479999542236328,25.399999618530277,25.399999618530277,19.827978134155277,800
25.399999618530277,25.399999618530277,25.399999618530277,25.399999618530277,19.827978134155277,100
25.459999084472656,25.459999084472656,25.299999237060547,25.309999465942383,19.757720947265625,7200
25.46999931335449,25.65999984741211,25.399999618530277,25.600000381469727,19.98410415649414,4000
25.780000686645508,26.06999969482422,25.780000686645508,26.0,20.296356201171875,2200
25.7549991607666,25.88999938964844,25.7549991607666,25.88999938964844,20.210485458374023,1700
25.799999237060547,25.96999931335449,25.649999618530277,25.649999618530277,20.02313804626465,4400
25.75,26.01000022888184,25.3799991607666,25.709999084472656,20.069976806640625,5900
25.95400047302246,25.989999771118164,25.826000213623047,25.989999771118164,20.288551330566406,2400
26.01000022888184,26.01000022888184,26.01000022888184,26.01000022888184,20.30416488647461,200
26.0,26.0,25.26000022888184,25.40999984741211,19.835786819458008,3900
25.58799934387207,25.58799934387207,25.450000762939453,25.4950008392334,19.90214157104492,2100
25.56999969482422,26.34000015258789,25.56999969482422,26.0,20.296356201171875,15300
26.25,26.25,26.0049991607666,26.100000381469727,20.37442398071289,1300
26.0,26.0,25.76000022888184,25.76000022888184,20.10901260375977,500
25.799999237060547,25.799999237060547,25.63999938964844,25.63999938964844,20.01533508300781,600
25.799999237060547,25.799999237060547,25.3700008392334,25.399999618530277,19.827978134155277,3300
25.549999237060547,25.600000381469727,25.459999084472656,25.459999084472656,19.874818801879883,800
25.51000022888184,25.65999984741211,25.5,25.649999618530277,20.02313804626465,5000
25.649999618530277,26.489999771118164,25.649999618530277,26.489999771118164,20.678869247436523,5200
26.399999618530277,26.399999618530277,26.0,26.0,20.296356201171875,900
25.809999465942383,26.00900077819824,25.809999465942383,25.93000030517578,20.24171257019043,2400
25.950000762939453,25.959999084472656,25.950000762939453,25.950000762939453,20.257328033447266,600
26.100000381469727,26.100000381469727,25.700000762939453,25.700000762939453,20.062166213989254,1900
25.799999237060547,25.799999237060547,25.700000762939453,25.70400047302246,20.06529235839844,2100
25.600000381469727,25.667999267578125,25.350000381469727,25.667999267578125,20.037189483642575,8900
25.5,25.68000030517578,25.5,25.660999298095703,20.031721115112305,2900
25.660999298095703,25.660999298095703,25.660999298095703,25.660999298095703,20.031721115112305,0
25.673999786376957,25.71999931335449,25.65999984741211,25.65999984741211,20.03094291687012,4000
25.57999992370605,25.649999618530277,25.57999992370605,25.600000381469727,19.98410415649414,2100
25.57999992370605,25.799999237060547,25.57999992370605,25.65800094604492,20.02938270568848,5700
25.700000762939453,25.75,25.700000762939453,25.75,20.10120391845703,3700
25.75,25.75,25.746999740600582,25.746999740600582,20.098857879638672,1500
25.75,25.799999237060547,25.709999084472656,25.709999084472656,20.069976806640625,3000
25.850000381469727,25.850000381469727,25.799999237060547,25.799999237060547,20.14023208618164,1300
25.850000381469727,26.229999542236328,25.850000381469727,26.229999542236328,20.475902557373047,4600
26.100000381469727,26.100000381469727,26.100000381469727,26.100000381469727,20.37442398071289,1000
25.950000762939453,25.950000762939453,25.950000762939453,25.950000762939453,20.257328033447266,600
26.100000381469727,26.15999984741211,26.07999992370605,26.149999618530277,20.413448333740234,2600
26.299999237060547,26.299999237060547,26.170000076293945,26.170000076293945,20.429065704345703,1800
26.350000381469727,26.399999618530277,26.350000381469727,26.399999618530277,20.60860824584961,500
26.399999618530277,26.399999618530277,26.399999618530277,26.399999618530277,20.60860824584961,100
25.979999542236328,26.36000061035156,25.979999542236328,26.36000061035156,20.57738304138184,1900
26.25,26.25,26.01300048828125,26.01300048828125,20.306509017944336,1200
25.979999542236328,26.299999237060547,25.979999542236328,26.06999969482422,20.351001739501957,4200
26.100000381469727,26.100000381469727,26.01000022888184,26.020000457763672,20.31196975708008,1400
26.020000457763672,26.040000915527344,26.01000022888184,26.040000915527344,20.327585220336918,700
26.100000381469727,26.309999465942383,26.0,26.25,20.49151611328125,1200
26.07999992370605,26.350000381469727,26.07999992370605,26.200000762939453,20.45248413085937,5800
26.0,26.309999465942383,26.0,26.309999465942383,20.87457656860352,2100
26.020000457763672,26.299999237060547,26.020000457763672,26.15999984741211,20.755565643310547,1200
26.030000686645508,26.309999465942383,26.0,26.290000915527344,20.85870742797852,1100
26.15999984741211,26.299999237060547,25.959999084472656,26.239999771118164,20.81903839111328,1700
26.149999618530277,26.299999237060547,26.030000686645508,26.280000686645508,20.85077476501465,700
26.38999938964844,26.38999938964844,26.25,26.299999237060547,20.866640090942383,1600
26.100000381469727,26.309999465942383,26.100000381469727,26.280000686645508,20.85077476501465,1900
26.15999984741211,26.31999969482422,26.149999618530277,26.290000915527344,20.85870742797852,3000
26.13999938964844,26.13999938964844,25.959999084472656,25.959999084472656,20.59688377380371,2300
26.229999542236328,26.239999771118164,26.01000022888184,26.030000686645508,20.652423858642575,6300
26.09000015258789,26.18000030517578,25.950000762939453,26.06999969482422,20.684158325195312,1600
26.0,26.0,26.0,26.0,20.62862014770508,200
26.0,26.18000030517578,26.0,26.01000022888184,20.636554718017575,2200
26.01000022888184,26.01000022888184,26.0,26.0,20.62862014770508,1200
26.049999237060547,26.049999237060547,26.049999237060547,26.049999237060547,20.668289184570312,100
26.049999237060547,26.049999237060547,26.049999237060547,26.049999237060547,20.668289184570312,0
26.049999237060547,26.049999237060547,26.0,26.040000915527344,20.66035842895508,2900
26.040000915527344,26.040000915527344,26.040000915527344,26.040000915527344,20.66035842895508,0
26.040000915527344,26.040000915527344,26.040000915527344,26.040000915527344,20.66035842895508,0
26.0,26.136999130249023,26.0,26.0,20.62862014770508,1800
26.200000762939453,26.200000762939453,26.0,26.16200065612793,20.75715065002441,900
26.01000022888184,26.01000022888184,25.809999465942383,25.809999465942383,20.47786903381348,1900
25.809999465942383,25.809999465942383,25.5,25.5,20.231914520263672,700
25.520000457763672,25.600000381469727,25.520000457763672,25.549999237060547,20.271583557128903,4600
25.399999618530277,25.489999771118164,25.399999618530277,25.489999771118164,20.223981857299805,10400
25.51000022888184,25.600000381469727,25.354999542236328,25.51000022888184,20.239850997924805,4000
25.63999938964844,25.63999938964844,25.520000457763672,25.520000457763672,20.24778175354004,1500
25.549999237060547,25.549999237060547,25.40999984741211,25.46999931335449,20.208112716674805,5000
25.5,25.51300048828125,25.400999069213867,25.420000076293945,20.16844367980957,4000
25.479999542236328,25.479999542236328,25.47100067138672,25.47100067138672,20.208904266357425,2300
25.5,25.5,25.496999740600582,25.5,20.231914520263672,3100
25.5,25.5,25.5,25.5,20.231914520263672,0
25.559999465942383,25.59000015258789,25.5,25.59000015258789,20.303321838378903,2600
25.63999938964844,25.63999938964844,25.5,25.5,20.231914520263672,1800
25.59000015258789,25.59000015258789,25.5,25.59000015258789,20.303321838378903,1700
25.399999618530277,25.5,25.399999618530277,25.5,20.231914520263672,1600
25.450000762939453,25.450000762939453,25.450000762939453,25.450000762939453,20.19224548339844,1000
25.450000762939453,25.450000762939453,25.450000762939453,25.450000762939453,20.19224548339844,0
25.5,25.530000686645508,25.5,25.530000686645508,20.25571823120117,500
25.559999465942383,25.57999992370605,25.458999633789062,25.458999633789062,20.199386596679688,1800
25.545000076293945,25.700000762939453,25.545000076293945,25.62299919128418,20.329504013061523,2000
25.200000762939453,25.690000534057617,25.200000762939453,25.600000381469727,20.311256408691406,2700
25.415000915527344,25.690000534057617,25.415000915527344,25.690000534057617,20.38266372680664,400
25.690000534057617,25.690000534057617,25.25,25.600000381469727,20.311256408691406,4000
25.170000076293945,25.632999420166016,25.170000076293945,25.632999420166016,20.337438583374023,1900
25.40999984741211,25.40999984741211,25.399999618530277,25.399999618530277,20.15257453918457,600
25.239999771118164,25.34000015258789,25.0,25.31999969482422,20.08910369873047,8700
25.350000381469727,25.350000381469727,25.194000244140625,25.350000381469727,20.112903594970703,31600
25.350000381469727,25.350000381469727,25.25,25.32999992370605,20.097034454345703,7200
25.350000381469727,25.350000381469727,25.299999237060547,25.350000381469727,20.112903594970703,4000
25.350000381469727,25.38999938964844,25.309999465942383,25.3700008392334,20.128774642944336,8100
25.26000022888184,25.46999931335449,25.25,25.40999984741211,20.16050720214844,7300
25.399999618530277,25.440000534057617,25.299999237060547,25.395999908447266,20.14940071105957,1600
25.440000534057617,25.440000534057617,25.170000076293945,25.33699989318848,20.10259056091309,8900
25.3799991607666,25.399999618530277,25.239999771118164,25.399999618530277,20.15257453918457,9100
25.350000381469727,25.399999618530277,25.25,25.38999938964844,20.14463996887207,4100
25.399999618530277,25.399999618530277,25.35400009155273,25.399999618530277,20.15257453918457,4700
25.280000686645508,25.399999618530277,25.15999984741211,25.3700008392334,20.128774642944336,14200
25.3700008392334,25.450000762939453,25.350000381469727,25.440000534057617,20.184310913085938,6500
25.32999992370605,25.415000915527344,25.29400062561035,25.415000915527344,20.16447639465332,22700
25.4379997253418,25.440000534057617,25.290000915527344,25.43000030517578,20.17637825012207,5700
25.299999237060547,25.538000106811523,25.299999237060547,25.399999618530277,20.15257453918457,11300
25.440000534057617,25.51000022888184,25.440000534057617,25.450000762939453,20.19224548339844,3700
25.44499969482422,25.780000686645508,25.429000854492188,25.780000686645508,20.45406913757324,8700
25.350000381469727,25.350000381469727,25.200000762939453,25.290000915527344,20.399219512939453,10700
25.149999618530277,25.399999618530277,25.149999618530277,25.399999618530277,20.487945556640625,7200
25.200000762939453,25.3799991607666,25.200000762939453,25.268999099731445,20.38227653503418,1300
25.3700008392334,25.3700008392334,25.11400032043457,25.13500022888184,20.27419662475586,3700
25.25,25.520000457763672,25.200000762939453,25.309999465942383,20.41535186767578,6600
25.479999542236328,25.479999542236328,25.34000015258789,25.34000015258789,20.43954849243164,1700
25.299999237060547,25.299999237060547,25.200000762939453,25.25,20.366952896118164,12300
25.200000762939453,25.32999992370605,25.1299991607666,25.25,20.366952896118164,7000
25.190000534057617,25.315000534057617,25.190000534057617,25.315000534057617,20.41938591003418,3900
25.25,25.27899932861328,25.1299991607666,25.1299991607666,20.27016258239746,5500
25.198999404907227,25.26000022888184,25.059999465942383,25.200000762939453,20.32662773132324,5500
25.25,25.40999984741211,25.149999618530277,25.3700008392334,20.4637508392334,6100
25.299999237060547,25.399999618530277,25.299999237060547,25.38999938964844,20.479881286621094,7500
25.36000061035156,25.450000762939453,25.36000061035156,25.450000762939453,20.52827835083008,300
25.450000762939453,25.57999992370605,25.26000022888184,25.57999992370605,20.63313865661621,13200
25.36000061035156,25.549999237060547,25.36000061035156,25.549999237060547,20.60893821716309,6800
25.48600006103516,25.53199958801269,25.299999237060547,25.31999969482422,20.423419952392575,4300
25.32999992370605,25.440000534057617,25.32999992370605,25.440000534057617,20.520212173461918,1800
25.479999542236328,26.34000015258789,25.479999542236328,25.600000381469727,20.64927101135254,17000
25.600000381469727,25.600000381469727,25.600000381469727,25.600000381469727,20.64927101135254,0
25.65699958801269,25.690000534057617,25.36000061035156,25.36000061035156,20.4556827545166,11600
25.38999938964844,25.593000411987305,25.38999938964844,25.593000411987305,20.64362525939941,2100
25.520000457763672,25.670000076293945,25.5,25.5,20.568607330322266,7300
25.5,25.6200008392334,25.5,25.600000381469727,20.64927101135254,13300
25.790000915527344,25.790000915527344,25.600000381469727,25.600000381469727,20.64927101135254,1200
25.61000061035156,25.75,25.600000381469727,25.600000381469727,20.64927101135254,4900
25.61000061035156,25.61000061035156,25.56999969482422,25.597000122070312,20.6468505859375,2000
25.600000381469727,25.68099975585937,25.600000381469727,25.68099975585937,20.714609146118164,200
25.61000061035156,25.61000061035156,25.61000061035156,25.61000061035156,20.65733337402344,300
25.69499969482422,25.69499969482422,25.650999069213867,25.650999069213867,20.69040870666504,700
25.600000381469727,26.11000061035156,25.600000381469727,25.700000762939453,20.72993278503418,2200
25.799999237060547,25.92300033569336,25.71999931335449,25.871999740600582,20.86867332458496,4000
25.959999084472656,26.0,25.87700080871582,25.899999618530277,20.89125633239746,3400
25.65999984741211,25.68000030517578,25.65999984741211,25.68000030517578,20.71380424499512,600
25.649999618530277,25.8700008392334,25.649999618530277,25.84000015258789,20.842857360839844,3200
25.96500015258789,26.07999992370605,25.96500015258789,26.07999992370605,21.03644561767578,500
25.899999618530277,25.899999618530277,25.670000076293945,25.74399948120117,20.76542282104492,2900
25.54599952697754,25.54599952697754,25.54599952697754,25.54599952697754,20.605712890625,600
25.6200008392334,25.799999237060547,25.6200008392334,25.767000198364254,20.78397750854492,2300
25.88999938964844,25.940000534057617,25.850000381469727,25.850000381469727,20.850923538208008,4500
25.75,25.850000381469727,25.729999542236328,25.729999542236328,20.754125595092773,2700
25.68199920654297,25.75,25.68199920654297,25.75,20.770267486572266,3000
25.554000854492188,25.554000854492188,25.554000854492188,25.554000854492188,20.61216926574707,1400
25.81999969482422,25.871999740600582,25.799999237060547,25.799999237060547,20.810592651367188,6000
25.94499969482422,25.94499969482422,25.57200050354004,25.8700008392334,20.8670597076416,9500
25.71199989318848,25.71199989318848,25.709999084472656,25.709999084472656,20.73799705505371,1400
25.649999618530277,25.75,25.649999618530277,25.739999771118164,20.76219749450684,4800
25.649999618530277,25.65999984741211,25.57200050354004,25.642000198364254,20.68314743041992,19000
25.700000762939453,25.8799991607666,25.65999984741211,25.700000762939453,20.72993278503418,9500
25.700000762939453,25.799999237060547,25.600000381469727,25.690000534057617,20.721866607666016,10100
25.700000762939453,25.899999618530277,25.700000762939453,25.899999618530277,20.89125633239746,1800
25.700000762939453,25.700000762939453,25.700000762939453,25.700000762939453,20.72993278503418,1000
25.804000854492188,25.881000518798828,25.804000854492188,25.850000381469727,20.850923538208008,2000
25.84000015258789,25.850000381469727,25.700000762939453,25.850000381469727,20.850923538208008,1700
25.79400062561035,25.84000015258789,25.700000762939453,25.84000015258789,20.842857360839844,600
25.850000381469727,25.850000381469727,25.799999237060547,25.799999237060547,20.810592651367188,3000
25.799999237060547,25.86100006103516,25.739999771118164,25.739999771118164,20.76219749450684,4000
25.874000549316406,25.874000549316406,25.874000549316406,25.874000549316406,20.87027931213379,300
25.768999099731445,25.899999618530277,25.768999099731445,25.899999618530277,20.89125633239746,700
25.899999618530277,25.899999618530277,25.649999618530277,25.899999618530277,20.89125633239746,5200
25.68000030517578,25.700000762939453,25.631000518798828,25.700000762939453,21.073287963867188,5400
25.549999237060547,25.700000762939453,25.549999237060547,25.690000534057617,21.065086364746094,6200
25.799999237060547,25.81999969482422,25.56999969482422,25.799999237060547,21.15528678894043,11100
25.81999969482422,25.81999969482422,25.799999237060547,25.799999237060547,21.15528678894043,3300
25.81999969482422,25.81999969482422,25.649999618530277,25.799999237060547,21.15528678894043,5400
25.81999969482422,25.81999969482422,25.81999969482422,25.81999969482422,21.17168617248535,800
25.81999969482422,25.81999969482422,25.75,25.75,21.11428642272949,3100
25.809999465942383,26.1200008392334,25.809999465942383,26.007999420166016,21.325838088989254,8200
25.96999931335449,25.96999931335449,25.8799991607666,25.899999618530277,21.237281799316406,700
26.040000915527344,26.149999618530277,25.950000762939453,26.149999618530277,21.44227409362793,1300
26.0,26.0,25.75,25.940000534057617,21.27008056640625,4100
26.0,26.073999404907227,25.700000762939453,25.96999931335449,21.294679641723636,3600
26.12299919128418,26.12299919128418,25.893999099731445,26.0,21.319276809692383,2100
25.850000381469727,26.290000915527344,25.850000381469727,26.0,21.319276809692383,3700
25.989999771118164,26.270000457763672,25.940000534057617,26.040000915527344,21.35207748413086,3300
26.0,26.0,25.780000686645508,25.780000686645508,21.138885498046875,1400
25.8799991607666,25.950000762939453,25.8799991607666,25.950000762939453,21.27827835083008,3500
25.93000030517578,25.93000030517578,25.709999084472656,25.780000686645508,21.138885498046875,3600
25.799999237060547,25.899999618530277,25.799999237060547,25.802000045776367,21.156923294067383,2200
25.722000122070312,26.040000915527344,25.722000122070312,26.0,21.319276809692383,5700
26.229999542236328,26.229999542236328,26.229999542236328,26.229999542236328,21.507871627807617,100
26.030000686645508,26.030000686645508,26.0,26.0,21.319276809692383,1800
26.0,26.0,26.0,26.0,21.319276809692383,0
26.270000457763672,26.270000457763672,26.270000457763672,26.270000457763672,21.540672302246094,1100
26.26000022888184,26.26000022888184,26.058000564575195,26.26000022888184,21.532470703125,1500
26.049999237060547,26.575000762939453,26.049999237060547,26.575000762939453,21.79076194763184,1400
26.200000762939453,26.621000289916992,25.93000030517578,25.93000030517578,21.261882781982425,8500
26.049999237060547,26.049999237060547,25.84000015258789,25.84000015258789,21.188085556030277,2600
26.01000022888184,26.049999237060547,25.809999465942383,25.809999465942383,21.163482666015625,4700
25.86000061035156,25.8700008392334,25.799999237060547,25.833999633789062,21.18316650390625,10500
25.799999237060547,25.899999618530277,25.799999237060547,25.899999618530277,21.237281799316406,2500
25.899999618530277,25.899999618530277,25.86000061035156,25.8799991607666,21.22088432312012,6800
25.899999618530277,25.899999618530277,25.799999237060547,25.799999237060547,21.15528678894043,12800
25.799999237060547,26.200000762939453,25.799999237060547,26.06999969482422,21.37667465209961,6500
26.209999084472656,26.209999084472656,25.93400001525879,25.950000762939453,21.27827835083008,1700
25.989999771118164,25.989999771118164,25.86899948120117,25.8700008392334,21.212684631347656,900
25.8700008392334,25.8700008392334,25.8700008392334,25.8700008392334,21.212684631347656,600
26.07200050354004,26.07200050354004,26.049999237060547,26.049999237060547,21.36027717590332,600
25.850000381469727,25.915000915527344,25.850000381469727,25.915000915527344,21.24958038330078,1500
25.899999618530277,25.899999618530277,25.899999618530277,25.899999618530277,21.237281799316406,100
26.173999786376957,26.173999786376957,26.173999786376957,26.173999786376957,21.46195411682129,400
26.0,26.0,25.8700008392334,25.8700008392334,21.212684631347656,1200
25.8700008392334,25.899999618530277,25.8700008392334,25.899999618530277,21.237281799316406,300
25.899999618530277,25.899999618530277,25.899999618530277,25.899999618530277,21.237281799316406,0
25.899999618530277,25.899999618530277,25.899999618530277,25.899999618530277,21.237281799316406,0
26.01000022888184,26.01000022888184,26.0,26.0,21.319276809692383,500
25.97599983215332,25.97599983215332,25.850000381469727,25.850000381469727,21.1962833404541,3800
26.309999465942383,26.309999465942383,25.83300018310547,26.13999938964844,21.4340763092041,800
26.150999069213867,26.18000030517578,25.84499931335449,25.84499931335449,21.192184448242188,1200
26.2549991607666,26.2549991607666,25.850000381469727,25.950000762939453,21.27827835083008,500
25.832000732421875,25.832000732421875,25.832000732421875,25.832000732421875,21.18152236938477,300
25.8700008392334,25.8799991607666,25.86000061035156,25.875,21.216781616210938,1800
26.059999465942383,26.059999465942383,25.86000061035156,25.86000061035156,21.204484939575195,6700
25.924999237060547,25.940000534057617,25.924999237060547,25.924999237060547,21.25778007507324,500
25.86000061035156,25.8799991607666,25.86000061035156,25.8799991607666,21.22088432312012,5600
25.899999618530277,26.01000022888184,25.88999938964844,25.899999618530277,21.237281799316406,8600
25.989999771118164,25.989999771118164,25.950000762939453,25.950000762939453,21.27827835083008,1300
26.0,26.003999710083008,26.0,26.003999710083008,21.32255744934082,700
26.020000457763672,26.11000061035156,25.881999969482425,25.899999618530277,21.237281799316406,10800
25.8700008392334,25.989999771118164,25.81999969482422,25.96999931335449,21.294679641723636,12200
25.899999618530277,26.0,25.899999618530277,26.0,21.319276809692383,500
26.0,26.0,26.0,26.0,21.319276809692383,500
25.96999931335449,26.040000915527344,25.950000762939453,26.040000915527344,21.35207748413086,2300
25.96999931335449,26.049999237060547,25.96999931335449,26.049999237060547,21.36027717590332,2700
25.940000534057617,25.940000534057617,25.799999237060547,25.799999237060547,21.503637313842773,11400
25.73900032043457,25.850000381469727,25.73900032043457,25.770999908447266,21.47946548461914,3200
25.75,25.81599998474121,25.75,25.81599998474121,21.516969680786133,1600
25.850000381469727,25.850000381469727,25.850000381469727,25.850000381469727,21.54530906677246,600
25.799999237060547,25.799999237060547,25.799999237060547,25.799999237060547,21.503637313842773,1100
25.850000381469727,25.899999618530277,25.850000381469727,25.850000381469727,21.54530906677246,3100
25.850000381469727,25.850000381469727,25.850000381469727,25.850000381469727,21.54530906677246,0
25.825000762939453,25.86000061035156,25.825000762939453,25.86000061035156,21.55364418029785,1300
25.780000686645508,25.82200050354004,25.780000686645508,25.82200050354004,21.521970748901367,600
25.878999710083008,25.959999084472656,25.75,25.75,21.46196174621582,2600
25.799999237060547,26.097000122070312,25.799999237060547,26.097000122070312,21.751176834106445,9600
26.170000076293945,26.190000534057617,26.0,26.0,21.67032814025879,4800
26.0,26.190000534057617,26.0,26.100000381469727,21.753677368164062,5700
26.100000381469727,26.15999984741211,26.100000381469727,26.100000381469727,21.753677368164062,4600
26.187000274658203,26.200000762939453,26.0,26.0,21.67032814025879,2200
26.3799991607666,26.3799991607666,26.13999938964844,26.36000061035156,21.97038078308105,1800
26.23500061035156,26.25,26.149999618530277,26.149999618530277,21.79534912109375,6400
26.16699981689453,26.440000534057617,26.16699981689453,26.302000045776367,21.92203712463379,8600
26.100000381469727,26.100000381469727,26.100000381469727,26.100000381469727,21.753677368164062,400
26.030000686645508,26.030000686645508,26.030000686645508,26.030000686645508,21.69533348083496,1000
26.125,26.125,25.854999542236328,25.959999084472656,21.63699150085449,2300
25.84000015258789,26.020000457763672,25.84000015258789,26.01000022888184,21.678667068481445,800
26.01000022888184,26.01000022888184,25.950000762939453,25.950000762939453,21.62865447998047,1400
25.950000762939453,26.049999237060547,25.85300064086914,25.93000030517578,21.611988067626957,3800
25.8700008392334,26.0,25.8700008392334,26.0,21.67032814025879,3100
26.0,26.0,26.0,26.0,21.67032814025879,0
26.200000762939453,26.200000762939453,26.200000762939453,26.200000762939453,21.83702278137207,400
26.0,26.100000381469727,26.0,26.100000381469727,21.753677368164062,300
26.0,26.450000762939453,26.0,26.450000762939453,22.045392990112305,800
26.0,26.25,26.0,26.25,21.87869453430176,500
26.25,26.25,26.25,26.25,21.87869453430176,0
26.113000869750977,26.113000869750977,25.82999992370605,25.90999984741211,21.595314025878903,11100
25.86400032043457,26.07999992370605,25.86400032043457,25.90999984741211,21.595314025878903,2100
25.93899917602539,26.040000915527344,25.920000076293945,25.920000076293945,21.60365295410156,1600
25.965999603271484,25.965999603271484,25.950000762939453,25.950000762939453,21.62865447998047,900
25.93000030517578,26.030000686645508,25.93000030517578,26.030000686645508,21.69533348083496,2200
25.979999542236328,26.13999938964844,25.959999084472656,26.13999938964844,21.787017822265625,1500
26.100000381469727,26.209999084472656,26.089000701904297,26.089000701904297,21.7445068359375,1600
26.11000061035156,26.1200008392334,26.0,26.0,21.67032814025879,1200
26.0,26.049999237060547,25.920000076293945,26.0,21.67032814025879,3200
25.950000762939453,25.95400047302246,25.799999237060547,25.933000564575195,21.614486694335938,5900
25.950000762939453,25.950000762939453,25.809999465942383,25.809999465942383,21.5119686126709,2000
25.809999465942383,25.809999465942383,25.809999465942383,25.809999465942383,21.5119686126709,0
25.770000457763672,25.81999969482422,25.770000457763672,25.809999465942383,21.5119686126709,4400
25.790000915527344,25.809999465942383,25.780000686645508,25.809999465942383,21.5119686126709,2200
25.93000030517578,26.05500030517578,25.90999984741211,26.020000457763672,21.687000274658203,5200
26.049999237060547,26.097999572753903,25.86000061035156,26.06999969482422,21.728670120239254,3100
26.06999969482422,26.06999969482422,26.06999969482422,26.06999969482422,21.728670120239254,0
26.06999969482422,26.06999969482422,26.06999969482422,26.06999969482422,21.728670120239254,0
25.899999618530277,26.040000915527344,25.780000686645508,25.8700008392334,21.56197929382324,3500
25.88999938964844,25.88999938964844,25.88999938964844,25.88999938964844,21.578643798828125,800
25.950000762939453,26.06100082397461,25.850000381469727,26.06100082397461,21.72117042541504,4400
25.86000061035156,26.020000457763672,25.86000061035156,25.8700008392334,21.56197929382324,4200
26.0,26.030000686645508,25.8799991607666,25.8799991607666,21.570314407348636,1700
26.0,26.15999984741211,26.0,26.15999984741211,21.803688049316406,6700
26.09000015258789,26.0939998626709,25.947999954223636,26.0939998626709,21.748676300048828,1000
26.01000022888184,26.15999984741211,25.959999084472656,26.020000457763672,21.687000274658203,1700
25.96999931335449,25.989999771118164,25.96999931335449,25.989999771118164,21.6619930267334,600
25.950000762939453,25.950000762939453,25.950000762939453,25.950000762939453,21.62865447998047,400
25.940000534057617,25.940000534057617,25.940000534057617,25.940000534057617,21.62032127380371,300
25.96999931335449,26.049999237060547,25.940000534057617,25.959999084472656,21.63699150085449,2400
26.0,26.0,26.0,26.0,21.67032814025879,100
26.0,26.13999938964844,26.0,26.13999938964844,21.787017822265625,2700
26.059999465942383,26.059999465942383,26.059999465942383,26.059999465942383,21.72034072875977,200
26.059999465942383,26.13999938964844,26.049999237060547,26.11000061035156,21.762012481689453,3000
25.71999931335449,25.75,25.63999938964844,25.63999938964844,21.721349716186523,2600
25.799999237060547,25.799999237060547,25.68099975585937,25.68099975585937,21.75608253479004,1600
25.68099975585937,25.68099975585937,25.68099975585937,25.68099975585937,21.75608253479004,0
25.700000762939453,25.790000915527344,25.700000762939453,25.790000915527344,21.848424911499023,2000
25.799999237060547,25.839000701904297,25.799999237060547,25.839000701904297,21.88993453979492,1600
25.75,25.799999237060547,25.6200008392334,25.77899932861328,21.83910179138184,9000
25.799999237060547,25.799999237060547,25.799999237060547,25.799999237060547,21.856895446777344,800
25.799999237060547,25.799999237060547,25.799999237060547,25.799999237060547,21.856895446777344,0
25.850000381469727,25.850000381469727,25.850000381469727,25.850000381469727,21.89925575256348,500
25.850000381469727,25.850000381469727,25.850000381469727,25.850000381469727,21.89925575256348,0
25.822999954223636,25.850000381469727,25.68000030517578,25.850000381469727,21.89925575256348,3200
25.850000381469727,25.850000381469727,25.799999237060547,25.847999572753903,21.89755630493164,1000
25.76000022888184,25.8799991607666,25.75,25.799999237060547,21.856895446777344,1500
25.71999931335449,25.826000213623047,25.709999084472656,25.729999542236328,21.797588348388672,2300
25.709999084472656,25.709999084472656,25.709999084472656,25.709999084472656,21.780651092529297,500
25.799999237060547,25.832000732421875,25.76000022888184,25.81999969482422,21.87384033203125,2900
25.81999969482422,25.849000930786133,25.71999931335449,25.849000930786133,21.89840507507324,3100
25.739999771118164,25.834999084472656,25.700000762939453,25.834999084472656,21.88654136657715,1400
25.815000534057617,25.81999969482422,25.790000915527344,25.790000915527344,21.848424911499023,4700
25.81999969482422,25.850000381469727,25.81999969482422,25.81999969482422,21.87384033203125,400
25.81999969482422,25.81999969482422,25.81999969482422,25.81999969482422,21.87384033203125,0
25.809999465942383,25.84000015258789,25.799999237060547,25.84000015258789,21.89078140258789,1800
25.84000015258789,25.84000015258789,25.84000015258789,25.84000015258789,21.89078140258789,200
25.834999084472656,25.899999618530277,25.799999237060547,25.88800048828125,21.931446075439453,2800
25.899999618530277,25.899999618530277,25.85700035095215,25.85700035095215,21.905181884765625,300
25.85700035095215,25.85700035095215,25.85700035095215,25.85700035095215,21.905181884765625,0
25.85700035095215,25.85700035095215,25.85700035095215,25.85700035095215,21.905181884765625,0
25.85700035095215,25.85700035095215,25.85700035095215,25.85700035095215,21.905181884765625,0
25.84000015258789,25.893999099731445,25.82999992370605,25.88999938964844,21.933141708374023,1700
25.850000381469727,25.850000381469727,25.82999992370605,25.82999992370605,21.88231086730957,400
25.84000015258789,25.88999938964844,25.739999771118164,25.88999938964844,21.933141708374023,1600
25.809999465942383,25.89900016784668,25.809999465942383,25.89900016784668,21.94076156616211,1800
25.89900016784668,25.89900016784668,25.89900016784668,25.89900016784668,21.94076156616211,0
25.899999618530277,25.899999618530277,25.899999618530277,25.899999618530277,21.941612243652344,800
25.93000030517578,25.93000030517578,25.93000030517578,25.93000030517578,21.967025756835938,100
25.770000457763672,25.940000534057617,25.770000457763672,25.940000534057617,21.975496292114254,400
25.920000076293945,26.40999984741211,25.790000915527344,26.0,22.02632713317871,1500
26.07999992370605,26.177000045776367,26.049999237060547,26.11000061035156,22.119516372680664,1600
25.850000381469727,25.850000381469727,25.850000381469727,25.850000381469727,21.89925575256348,200
25.850000381469727,25.850000381469727,25.850000381469727,25.850000381469727,21.89925575256348,0
25.850000381469727,25.850000381469727,25.850000381469727,25.850000381469727,21.89925575256348,0
25.86000061035156,26.06999969482422,25.76000022888184,26.048999786376957,22.06783866882324,3400
25.96999931335449,25.96999931335449,25.68000030517578,25.81999969482422,21.87384033203125,7000
25.875999450683597,25.88999938964844,25.875999450683597,25.88999938964844,21.933141708374023,400
25.850000381469727,25.87800025939941,25.790000915527344,25.87800025939941,21.9229736328125,800
25.87800025939941,25.87800025939941,25.87800025939941,25.87800025939941,21.9229736328125,0
25.75,25.850000381469727,25.75,25.850000381469727,21.89925575256348,1400
25.709999084472656,25.888999938964844,25.709999084472656,25.888999938964844,21.93229103088379,1100
25.729999542236328,25.8799991607666,25.725000381469727,25.8799991607666,21.92466735839844,2000
25.75,25.88999938964844,25.75,25.881000518798828,21.925514221191406,1100
25.881000518798828,25.881000518798828,25.881000518798828,25.881000518798828,21.925514221191406,0
25.790000915527344,25.88999938964844,25.790000915527344,25.799999237060547,21.856895446777344,400
25.82999992370605,25.82999992370605,25.82999992370605,25.82999992370605,21.88231086730957,700
25.8700008392334,25.8700008392334,25.81999969482422,25.81999969482422,21.87384033203125,1200
25.81999969482422,25.81999969482422,25.81999969482422,25.81999969482422,21.87384033203125,100
25.864999771118164,26.16699981689453,25.864999771118164,26.0,22.02632713317871,4400
26.059999465942383,26.059999465942383,25.850000381469727,26.059999465942383,22.077157974243164,600
25.8700008392334,25.959999084472656,25.86000061035156,25.959999084472656,21.99243927001953,1800
25.86100006103516,26.0,25.86100006103516,26.0,22.02632713317871,1400
26.00300025939941,26.170000076293945,25.90999984741211,26.06999969482422,22.08562660217285,3200
26.07999992370605,26.07999992370605,25.899999618530277,25.899999618530277,21.941612243652344,1100
25.93000030517578,26.0,25.899999618530277,26.0,22.02632713317871,2500
25.950000762939453,26.07999992370605,25.950000762939453,25.989999771118164,22.01785469055176,1400
25.93000030517578,26.09000015258789,25.93000030517578,26.09000015258789,22.10257339477539,300
25.84000015258789,25.84000015258789,25.71500015258789,25.82999992370605,22.2420711517334,300
25.82999992370605,25.82999992370605,25.82999992370605,25.82999992370605,22.2420711517334,0
25.940000534057617,25.940000534057617,25.75200080871582,25.9379997253418,22.335065841674805,1400
25.940000534057617,25.940000534057617,25.940000534057617,25.940000534057617,22.3367919921875,100
25.799999237060547,25.799999237060547,25.799999237060547,25.799999237060547,22.216236114501957,1100
25.88999938964844,25.88999938964844,25.88999938964844,25.88999938964844,22.293737411499023,100
25.799999237060547,26.024999618530277,25.799999237060547,26.024999618530277,22.40998077392578,600
26.979999542236328,26.979999542236328,25.950000762939453,25.950000762939453,22.345401763916016,400
25.950000762939453,25.950000762939453,25.950000762939453,25.950000762939453,22.345401763916016,0
25.948999404907227,25.948999404907227,25.780000686645508,25.92799949645996,22.32645606994629,1600
25.92799949645996,25.92799949645996,25.92799949645996,25.92799949645996,22.32645606994629,0
25.86199951171875,25.920000076293945,25.780000686645508,25.920000076293945,22.319568634033203,800
25.770000457763672,25.90999984741211,25.75,25.899999618530277,22.30234718322754,2700
25.989999771118164,25.989999771118164,25.989999771118164,25.989999771118164,22.379844665527344,100
25.770000457763672,25.770000457763672,25.75,25.770000457763672,22.190406799316406,1500
25.76000022888184,25.76000022888184,25.75,25.75,22.17318344116211,1000
25.75,25.82999992370605,25.71999931335449,25.82999992370605,22.2420711517334,2300
25.82999992370605,25.82999992370605,25.82999992370605,25.82999992370605,22.2420711517334,0
25.82999992370605,25.82999992370605,25.82999992370605,25.82999992370605,22.2420711517334,0
25.799999237060547,25.899999618530277,25.670000076293945,25.8700008392334,22.276514053344727,2000
25.75,25.86000061035156,25.649999618530277,25.86000061035156,22.267902374267575,2600
25.86000061035156,25.86000061035156,25.86000061035156,25.86000061035156,22.267902374267575,0
25.65999984741211,25.709999084472656,25.65999984741211,25.700000762939453,22.130130767822266,1200
25.75,25.75,25.670000076293945,25.700000762939453,22.130130767822266,1400
25.75,25.75,25.670000076293945,25.71999931335449,22.147350311279297,5900
25.700000762939453,25.700000762939453,25.670000076293945,25.700000762939453,22.130130767822266,3500
25.82999992370605,25.82999992370605,25.82999992370605,25.82999992370605,22.2420711517334,200
25.71999931335449,25.82900047302246,25.670000076293945,25.82900047302246,22.241209030151367,2200
25.68000030517578,25.79800033569336,25.68000030517578,25.79199981689453,22.209348678588867,900
25.79199981689453,25.79199981689453,25.79199981689453,25.79199981689453,22.209348678588867,0
25.670000076293945,25.75,25.670000076293945,25.75,22.17318344116211,2800
25.670000076293945,25.700000762939453,25.670000076293945,25.700000762939453,22.130130767822266,2000
25.670000076293945,25.71699905395508,25.670000076293945,25.71699905395508,22.14476585388184,2100
25.649999618530277,25.82999992370605,25.649999618530277,25.82999992370605,22.2420711517334,2600
25.649999618530277,25.670000076293945,25.489999771118164,25.670000076293945,22.104297637939453,13400
25.5,25.75,25.5,25.75,22.17318344116211,7800
25.780000686645508,25.780000686645508,25.75,25.75,22.17318344116211,2700
25.75,25.75,25.75,25.75,22.17318344116211,0
25.75,25.75,25.75,25.75,22.17318344116211,0
25.59000015258789,25.788000106811523,25.59000015258789,25.788000106811523,22.20590209960937,400
25.641000747680664,25.780000686645508,25.600000381469727,25.780000686645508,22.199012756347656,2700
25.549999237060547,25.75,25.549999237060547,25.75,22.17318344116211,1900
25.56999969482422,25.75,25.5,25.530000686645508,21.983741760253903,2700
25.549999237060547,25.729999542236328,25.549999237060547,25.604999542236328,22.048322677612305,2300
25.62299919128418,25.62299919128418,25.62299919128418,25.62299919128418,22.06382369995117,400
25.670000076293945,25.670000076293945,25.56999969482422,25.600000381469727,22.044021606445312,2400
25.690000534057617,25.690000534057617,25.57999992370605,25.57999992370605,22.02679443359375,1900
25.57999992370605,25.739999771118164,25.56999969482422,25.739999771118164,22.16457176208496,600
25.729999542236328,25.75,25.666000366210938,25.666000366210938,22.10085105895996,1800
25.6200008392334,25.63999938964844,25.59000015258789,25.59000015258789,22.03540802001953,2400
25.59000015258789,25.59000015258789,25.59000015258789,25.59000015258789,22.03540802001953,0
25.690000534057617,25.724000930786133,25.690000534057617,25.724000930786133,22.15079498291016,800
25.724000930786133,25.724000930786133,25.724000930786133,25.724000930786133,22.15079498291016,0
25.6200008392334,25.780000686645508,25.6200008392334,25.780000686645508,22.199012756347656,2000
25.66399955749512,25.69300079345703,25.63999938964844,25.690000534057617,22.121517181396484,3000
25.65999984741211,25.739999771118164,25.600000381469727,25.739999771118164,22.16457176208496,3700
25.631999969482425,25.739999771118164,25.631999969482425,25.739999771118164,22.16457176208496,500
25.700000762939453,25.799999237060547,25.700000762939453,25.780000686645508,22.199012756347656,2100
25.780000686645508,25.780000686645508,25.780000686645508,25.780000686645508,22.199012756347656,0
25.71999931335449,25.780000686645508,25.61000061035156,25.780000686645508,22.199012756347656,3000
25.489999771118164,25.489999771118164,25.399999618530277,25.459999084472656,22.28830909729004,4500
25.459999084472656,25.474000930786133,25.399999618530277,25.399999618530277,22.235782623291016,2200
25.399999618530277,25.399999618530277,25.399999618530277,25.399999618530277,22.235782623291016,0
25.399999618530277,25.399999618530277,25.399999618530277,25.399999618530277,22.235782623291016,0
25.46999931335449,25.46999931335449,25.459999084472656,25.459999084472656,22.28830909729004,200
25.440000534057617,25.479999542236328,25.399999618530277,25.479999542236328,22.305818557739254,10300
25.540000915527344,25.59000015258789,25.479999542236328,25.488000869750977,22.312822341918945,500
25.479999542236328,25.479999542236328,25.440000534057617,25.440000534057617,22.270801544189453,2100
25.399999618530277,25.690000534057617,25.399999618530277,25.690000534057617,22.48965835571289,2000
25.670000076293945,25.670000076293945,25.451000213623047,25.459999084472656,22.28830909729004,800
25.46999931335449,25.489999771118164,25.46999931335449,25.489999771118164,22.314573287963867,800
25.649999618530277,25.649999618530277,25.649999618530277,25.649999618530277,22.45463752746582,200
25.600000381469727,25.700000762939453,25.600000381469727,25.700000762939453,22.498409271240234,500
25.700000762939453,25.700000762939453,25.700000762939453,25.700000762939453,22.498409271240234,0
25.489999771118164,25.63599967956543,25.46999931335449,25.59000015258789,22.40211677551269,2800
25.600000381469727,25.600000381469727,25.600000381469727,25.600000381469727,22.410871505737305,400
25.520000457763672,25.520000457763672,25.520000457763672,25.520000457763672,22.34083366394043,1700
25.5629997253418,25.569000244140625,25.520000457763672,25.569000244140625,22.38372802734375,4400
25.63999938964844,25.739999771118164,25.51000022888184,25.51000022888184,22.33207893371582,3600
25.540000915527344,25.540000915527344,25.540000915527344,25.540000915527344,22.35834312438965,100
25.540000915527344,25.540000915527344,25.540000915527344,25.540000915527344,22.35834312438965,0
25.559999465942383,25.600000381469727,25.559999465942383,25.600000381469727,22.410871505737305,400
25.61000061035156,25.68000030517578,25.61000061035156,25.68000030517578,22.48090171813965,200
25.77899932861328,25.77899932861328,25.77899932861328,25.77899932861328,22.567569732666016,100
25.6200008392334,25.70599937438965,25.6200008392334,25.70599937438965,22.503662109375,4800
25.600000381469727,25.70499992370605,25.600000381469727,25.70499992370605,22.50278663635254,4600
25.70499992370605,25.70499992370605,25.70499992370605,25.70499992370605,22.50278663635254,0
25.70499992370605,25.70499992370605,25.70499992370605,25.70499992370605,22.50278663635254,0
25.70499992370605,25.70499992370605,25.70499992370605,25.70499992370605,22.50278663635254,0
25.70499992370605,25.70499992370605,25.70499992370605,25.70499992370605,22.50278663635254,0
25.700000762939453,25.700000762939453,25.700000762939453,25.700000762939453,22.498409271240234,1900
25.650999069213867,25.65900039672852,25.649999618530277,25.649999618530277,22.45463752746582,500
25.8700008392334,25.8700008392334,25.700000762939453,25.700000762939453,22.498409271240234,1800
25.65999984741211,25.670000076293945,25.649999618530277,25.649999618530277,22.45463752746582,600
25.649999618530277,25.649999618530277,25.649999618530277,25.649999618530277,22.45463752746582,300
25.56999969482422,25.649999618530277,25.559999465942383,25.649999618530277,22.45463752746582,2500
25.499000549316406,25.64900016784668,25.496999740600582,25.64900016784668,22.453765869140625,2600
25.57999992370605,25.59000015258789,25.575000762939453,25.575000762939453,22.38898086547852,400
25.559999465942383,25.6299991607666,25.559999465942383,25.6299991607666,22.437129974365234,300
25.600000381469727,25.600000381469727,25.600000381469727,25.600000381469727,22.410871505737305,1500
25.600000381469727,25.600000381469727,25.600000381469727,25.600000381469727,22.410871505737305,0
25.461000442504883,25.63500022888184,25.459999084472656,25.63500022888184,22.441511154174805,1300
25.649999618530277,25.649999618530277,25.649999618530277,25.649999618530277,22.45463752746582,500
25.492000579833984,25.63999938964844,25.492000579833984,25.63999938964844,22.44588661193848,1600
25.5,25.61100006103516,25.5,25.61100006103516,22.42049598693848,1000
25.600000381469727,25.600000381469727,25.600000381469727,25.600000381469727,22.410871505737305,200
25.51000022888184,25.628999710083008,25.51000022888184,25.628999710083008,22.436254501342773,2600
25.549999237060547,25.61899948120117,25.549999237060547,25.61400032043457,22.42312240600586,800
25.6200008392334,25.649999618530277,25.6200008392334,25.649999618530277,22.45463752746582,1200
25.559999465942383,25.649999618530277,25.559999465942383,25.649999618530277,22.45463752746582,700
25.649999618530277,25.649999618530277,25.649999618530277,25.649999618530277,22.45463752746582,0
25.65999984741211,25.726999282836918,25.59199905395508,25.665000915527344,22.467771530151367,1300
25.76000022888184,25.76000022888184,25.76000022888184,25.76000022888184,22.550935745239254,200
25.76000022888184,25.76000022888184,25.76000022888184,25.76000022888184,22.550935745239254,0
25.76000022888184,25.76000022888184,25.75,25.75,22.54218101501465,200
25.75,25.75,25.75,25.75,22.54218101501465,0
25.733999252319336,25.733999252319336,25.709999084472656,25.709999084472656,22.507164001464844,800
25.75,25.799999237060547,25.75,25.799999237060547,22.58595466613769,1200
25.850000381469727,25.850000381469727,25.850000381469727,25.850000381469727,22.62972450256348,200
25.850000381469727,25.850000381469727,25.850000381469727,25.850000381469727,22.62972450256348,0
25.850000381469727,25.850000381469727,25.850000381469727,25.850000381469727,22.62972450256348,0
25.863000869750977,25.881000518798828,25.850000381469727,25.881000518798828,22.65686416625977,2900
25.881000518798828,25.881000518798828,25.881000518798828,25.881000518798828,22.65686416625977,0
25.920000076293945,25.920000076293945,25.8799991607666,25.882999420166016,22.65861320495605,2300
25.51000022888184,25.540000915527344,25.51000022888184,25.540000915527344,22.728918075561523,1400
25.520000457763672,25.600000381469727,25.5,25.500999450683597,22.694210052490234,3400
25.55299949645996,25.601999282836918,25.549999237060547,25.57999992370605,22.764514923095703,2000
25.549999237060547,25.64900016784668,25.549999237060547,25.57999992370605,22.764514923095703,800
25.549999237060547,25.62700080871582,25.5,25.6200008392334,22.800111770629883,4300
25.5,25.549999237060547,25.5,25.549999237060547,22.737815856933597,1800
25.57999992370605,25.65699958801269,25.57999992370605,25.57999992370605,22.764514923095703,1100
25.57999992370605,25.57999992370605,25.57999992370605,25.57999992370605,22.764514923095703,0
25.68899917602539,25.68899917602539,25.652999877929688,25.652999877929688,22.82948112487793,200
25.51000022888184,25.549999237060547,25.5,25.525999069213867,22.71645736694336,1900
25.450000762939453,25.450000762939453,25.450000762939453,25.450000762939453,22.64882469177246,300
25.46999931335449,25.46999931335449,25.46999931335449,25.46999931335449,22.6666202545166,200
25.46999931335449,25.46999931335449,25.46999931335449,25.46999931335449,22.6666202545166,100
25.479999542236328,25.479999542236328,25.479999542236328,25.479999542236328,22.675519943237305,200
25.479999542236328,25.479999542236328,25.479999542236328,25.479999542236328,22.675519943237305,0
25.479999542236328,25.479999542236328,25.479999542236328,25.479999542236328,22.675519943237305,0
25.577999114990234,25.577999114990234,25.479999542236328,25.479999542236328,22.675519943237305,1300
25.479999542236328,25.6200008392334,25.46999931335449,25.57999992370605,22.764514923095703,3500
25.489999771118164,25.618000030517575,25.489999771118164,25.617000579833984,22.797441482543945,500
25.43000030517578,25.597000122070312,25.43000030517578,25.597000122070312,22.779645919799805,1100
25.597000122070312,25.597000122070312,25.597000122070312,25.597000122070312,22.779645919799805,0
25.46999931335449,25.589000701904297,25.46999931335449,25.589000701904297,22.77252578735352,1500
25.56999969482422,25.56999969482422,25.56999969482422,25.56999969482422,22.755615234375,200
25.59000015258789,25.600000381469727,25.549999237060547,25.600000381469727,22.78231430053711,1900
25.549999237060547,25.549999237060547,25.46999931335449,25.54700088500977,22.735145568847656,6000
25.479999542236328,25.479999542236328,25.479999542236328,25.479999542236328,22.675519943237305,1500
25.549999237060547,25.549999237060547,25.549999237060547,25.549999237060547,22.737815856933597,200
25.541000366210938,25.541000366210938,25.541000366210938,25.541000366210938,22.729808807373047,500
25.549999237060547,25.607999801635746,25.541000366210938,25.607999801635746,22.78943252563477,1100
25.530000686645508,25.62299919128418,25.530000686645508,25.62299919128418,22.80278205871582,600
25.520000457763672,25.63999938964844,25.46999931335449,25.6200008392334,22.800111770629883,4700
25.6200008392334,25.6200008392334,25.6200008392334,25.6200008392334,22.800111770629883,0
25.6200008392334,25.6200008392334,25.6200008392334,25.6200008392334,22.800111770629883,0
25.51000022888184,25.59000015258789,25.51000022888184,25.569000244140625,22.75472450256348,700
25.600000381469727,25.63999938964844,25.600000381469727,25.63999938964844,22.81791305541992,600
25.63999938964844,25.63999938964844,25.63999938964844,25.63999938964844,22.81791305541992,0
25.5310001373291,25.5310001373291,25.5310001373291,25.5310001373291,22.720909118652344,1000
25.549999237060547,25.549999237060547,25.549999237060547,25.549999237060547,22.737815856933597,400
25.621999740600582,25.621999740600582,25.6200008392334,25.6200008392334,22.800111770629883,1000
25.6200008392334,25.6200008392334,25.6200008392334,25.6200008392334,22.800111770629883,100
25.6200008392334,25.6200008392334,25.6200008392334,25.6200008392334,22.800111770629883,100
25.6200008392334,25.6200008392334,25.6200008392334,25.6200008392334,22.800111770629883,200
25.621000289916992,25.790000915527344,25.549999237060547,25.780000686645508,22.942502975463867,6900
26.11000061035156,26.11000061035156,26.11000061035156,26.11000061035156,23.23617935180664,300
25.770000457763672,25.770000457763672,25.770000457763672,25.770000457763672,22.933603286743164,100
25.770000457763672,25.770000457763672,25.63999938964844,25.63999938964844,22.81791305541992,800
25.63999938964844,25.63999938964844,25.63999938964844,25.63999938964844,22.81791305541992,0
25.63999938964844,25.63999938964844,25.63999938964844,25.63999938964844,22.81791305541992,0
25.6200008392334,25.700000762939453,25.6200008392334,25.700000762939453,22.871307373046875,400
25.81999969482422,25.81999969482422,25.69700050354004,25.69700050354004,22.868637084960938,300
25.850000381469727,25.850000381469727,25.6299991607666,25.6299991607666,22.809011459350582,2500
25.68199920654297,25.87299919128418,25.68199920654297,25.700000762939453,22.871307373046875,10300
25.75,25.75,25.670000076293945,25.670000076293945,22.8446102142334,2900
25.790000915527344,25.790000915527344,25.690000534057617,25.690000534057617,22.862409591674805,500
25.690000534057617,25.738000869750977,25.690000534057617,25.738000869750977,22.905128479003903,200
25.690000534057617,25.738000869750977,25.690000534057617,25.73600006103516,22.903345108032227,600
25.73900032043457,25.790000915527344,25.73900032043457,25.790000915527344,22.951404571533203,3600
25.799999237060547,25.799999237060547,25.71999931335449,25.71999931335449,22.889108657836918,1000
25.65999984741211,25.798999786376957,25.65999984741211,25.780000686645508,22.942502975463867,800
25.799999237060547,25.799999237060547,25.799999237060547,25.799999237060547,22.96030044555664,100
25.799999237060547,25.799999237060547,25.799999237060547,25.799999237060547,22.96030044555664,300
25.799999237060547,25.799999237060547,25.799999237060547,25.799999237060547,22.96030044555664,100
25.799999237060547,25.8700008392334,25.77300071716309,25.8700008392334,23.02259826660156,1200
25.540000915527344,25.540000915527344,25.540000915527344,25.540000915527344,23.1058292388916,500
25.459999084472656,25.459999084472656,25.450000762939453,25.450000762939453,23.02440643310547,800
25.450000762939453,25.450000762939453,25.450000762939453,25.450000762939453,23.02440643310547,0
25.459999084472656,25.46299934387207,25.450000762939453,25.450000762939453,23.02440643310547,2100
25.450000762939453,25.450000762939453,25.450000762939453,25.450000762939453,23.02440643310547,0
25.299999237060547,25.488000869750977,25.299999237060547,25.488000869750977,23.058786392211918,400
25.450000762939453,25.450000762939453,25.399999618530277,25.399999618530277,22.97916984558105,2000
25.38999938964844,25.399999618530277,25.38999938964844,25.399999618530277,22.97916984558105,1400
25.34000015258789,25.39299964904785,25.334999084472656,25.334999084472656,22.92036437988281,2500
25.368000030517575,25.3700008392334,25.34000015258789,25.34000015258789,22.92489051818848,800
25.322999954223636,25.322999954223636,25.18000030517578,25.18000030517578,22.78013801574707,17500
25.25,25.25,25.200000762939453,25.222999572753903,22.81903839111328,2700
25.21999931335449,25.267000198364254,25.21999931335449,25.267000198364254,22.858848571777344,1000
25.233999252319336,25.23900032043457,25.21999931335449,25.23900032043457,22.833515167236328,2100
25.200000762939453,25.239999771118164,25.200000762939453,25.209999084472656,22.80727767944336,3400
25.200000762939453,25.22100067138672,25.170000076293945,25.18000030517578,22.78013801574707,5500
25.170000076293945,25.21199989318848,25.145000457763672,25.21199989318848,22.8090877532959,3100
25.200000762939453,25.200000762939453,25.149999618530277,25.200000762939453,22.79823303222656,600
25.21999931335449,25.21999931335449,25.200000762939453,25.200000762939453,22.79823303222656,1100
25.211000442504883,25.238000869750977,25.202999114990234,25.238000869750977,22.83261108398437,900
25.21999931335449,25.238000869750977,25.184999465942383,25.201000213623047,22.79913711547852,2600
25.170000076293945,25.200000762939453,25.170000076293945,25.18199920654297,22.78194808959961,4900
25.22100067138672,25.229999542236328,25.18000030517578,25.18000030517578,22.78013801574707,1900
25.268999099731445,25.270000457763672,25.21999931335449,25.21999931335449,22.81632423400879,2700
25.19300079345703,25.26000022888184,25.19300079345703,25.25,22.843467712402344,2900
25.26000022888184,25.26000022888184,25.26000022888184,25.26000022888184,22.85251235961914,800
25.21999931335449,25.21999931335449,25.21999931335449,25.21999931335449,22.81632423400879,500
25.190000534057617,25.26000022888184,25.190000534057617,25.26000022888184,22.85251235961914,1200
25.200000762939453,25.222999572753903,25.190000534057617,25.222999572753903,22.81903839111328,2500
25.22100067138672,25.22100067138672,25.21999931335449,25.21999931335449,22.81632423400879,200
25.280000686645508,25.280000686645508,25.22100067138672,25.22100067138672,22.817232131958008,1000
25.21999931335449,25.239999771118164,25.200000762939453,25.232999801635746,22.828086853027344,3300
25.27400016784668,25.280000686645508,25.209999084472656,25.256000518798828,22.848896026611328,3300
25.229999542236328,25.280000686645508,25.209999084472656,25.257999420166016,22.850704193115234,6900
25.280000686645508,25.290000915527344,25.246999740600582,25.246999740600582,22.84075355529785,1400
25.229999542236328,25.290000915527344,25.229999542236328,25.267000198364254,22.858848571777344,700
25.290000915527344,25.290000915527344,25.270000457763672,25.27899932861328,22.86970329284668,4200
25.28300094604492,25.34000015258789,25.280000686645508,25.280000686645508,22.870607376098636,3900
25.31999969482422,25.34000015258789,25.31999969482422,25.34000015258789,22.92489051818848,2400
25.31999969482422,25.399999618530277,25.31999969482422,25.399999618530277,22.97916984558105,1800
25.35700035095215,25.399999618530277,25.31999969482422,25.363000869750977,22.945697784423828,3500
25.301000595092773,25.301000595092773,25.299999237060547,25.299999237060547,22.88870048522949,1100
25.3700008392334,25.3700008392334,25.299999237060547,25.363000869750977,22.945697784423828,1900
25.363000869750977,25.363000869750977,25.363000869750977,25.363000869750977,22.945697784423828,0
25.309999465942383,25.309999465942383,25.309999465942383,25.309999465942383,22.897748947143555,1300
25.309999465942383,25.37800025939941,25.309999465942383,25.37800025939941,22.95926856994629,1600
25.31999969482422,25.38999938964844,25.309999465942383,25.38999938964844,22.970123291015625,1700
25.38999938964844,25.38999938964844,25.38999938964844,25.38999938964844,22.970123291015625,700
25.38999938964844,25.440000534057617,25.371999740600582,25.371999740600582,22.953838348388672,3800
25.3700008392334,25.3700008392334,25.325000762939453,25.325000762939453,22.911319732666016,300
25.325000762939453,25.325000762939453,25.325000762939453,25.325000762939453,22.911319732666016,0
25.399999618530277,25.399999618530277,25.309999465942383,25.309999465942383,22.897748947143555,1100
25.34000015258789,25.36000061035156,25.309999465942383,25.36000061035156,22.94297981262207,2600
25.325000762939453,25.325000762939453,25.325000762939453,25.325000762939453,22.911319732666016,500
25.325000762939453,25.325000762939453,25.325000762939453,25.325000762939453,22.911319732666016,1000
25.3700008392334,25.3700008392334,25.31999969482422,25.31999969482422,22.906795501708984,1300
25.3700008392334,25.450000762939453,25.3700008392334,25.450000762939453,23.02440643310547,200
25.38500022888184,25.450000762939453,25.31999969482422,25.41399955749512,22.99183654785156,600
25.31999969482422,25.31999969482422,25.31999969482422,25.31999969482422,22.906795501708984,1500
25.4060001373291,25.4060001373291,25.34000015258789,25.36199951171875,22.94479179382324,2500
25.350000381469727,25.420000076293945,25.350000381469727,25.40800094604492,22.986408233642575,2300
25.40800094604492,25.40800094604492,25.40800094604492,25.40800094604492,22.986408233642575,0
25.51000022888184,25.51000022888184,25.51000022888184,25.51000022888184,23.07868766784668,100
25.030000686645508,25.04199981689453,25.01000022888184,25.04199981689453,23.03636932373047,2100
25.149999618530277,25.149999618530277,25.11000061035156,25.11000061035156,23.09892463684082,700
25.131999969482425,25.309999465942383,25.07999992370605,25.07999992370605,23.071327209472656,5200
25.042999267578125,25.049999237060547,24.959999084472656,24.959999084472656,22.960935592651367,12300
25.049999237060547,25.125999450683597,24.90699958801269,25.0,22.99773406982422,11100
25.0,25.02899932861328,24.75,25.02899932861328,23.02441024780273,4900
25.0,25.0,24.670000076293945,24.670000076293945,22.694164276123047,7700
24.739999771118164,24.78400039672852,24.56999969482422,24.780000686645508,22.79535675048828,3900
24.790000915527344,24.899999618530277,24.56999969482422,24.815000534057617,22.82755279541016,1800
24.63999938964844,25.040000915527344,24.63999938964844,24.788000106811523,22.80271339416504,3800
24.799999237060547,25.43000030517578,24.694000244140625,25.43000030517578,23.393295288085938,3400
25.332000732421875,25.332000732421875,24.746999740600582,25.0,22.99773406982422,1700
25.030000686645508,25.100000381469727,24.738000869750977,25.100000381469727,23.08972549438477,8900
24.950000762939453,25.049999237060547,24.93000030517578,25.020999908447266,23.017051696777344,8300
25.15999984741211,25.15999984741211,25.03400039672852,25.049999237060547,23.04372978210449,7200
25.049999237060547,25.049999237060547,24.992000579833984,25.030000686645508,23.025331497192383,61800
25.049999237060547,25.100000381469727,25.0,25.03199958801269,23.02717399597168,61700
25.142000198364254,25.18000030517578,25.142000198364254,25.165000915527344,23.14952087402344,600
25.13999938964844,25.13999938964844,25.0,25.049999237060547,23.04372978210449,57700
25.01000022888184,25.104999542236328,25.01000022888184,25.059999465942383,23.052928924560547,54100
25.030000686645508,25.05900001525879,25.020000457763672,25.030000686645508,23.025331497192383,26700
25.09000015258789,25.09000015258789,25.01000022888184,25.049999237060547,23.04372978210449,36700
25.1200008392334,25.149999618530277,25.020000457763672,25.049999237060547,23.04372978210449,22600
25.086000442504883,25.099000930786133,25.01000022888184,25.01000022888184,23.006935119628903,42200
25.083999633789062,25.09000015258789,25.040000915527344,25.076000213623047,23.06764793395996,1600
25.08099937438965,25.17799949645996,25.08099937438965,25.17799949645996,23.16147804260254,900
25.07999992370605,25.21999931335449,25.07999992370605,25.21999931335449,23.20011329650879,1800
25.11000061035156,25.183000564575195,25.11000061035156,25.183000564575195,23.166078567504883,500
25.170000076293945,25.31999969482422,25.11000061035156,25.1200008392334,23.108123779296875,8800
25.27400016784668,25.27400016784668,25.249000549316406,25.249000549316406,23.22679328918457,500
25.200000762939453,25.274999618530277,25.200000762939453,25.26300048828125,23.239669799804688,2700
25.299999237060547,25.299999237060547,25.25300025939941,25.25300025939941,23.230472564697266,3100
25.25,25.290000915527344,25.18000030517578,25.290000915527344,23.26450729370117,2600
25.299999237060547,25.299999237060547,25.25,25.299999237060547,23.27370834350586,1600
25.299999237060547,25.31999969482422,25.229999542236328,25.229999542236328,23.20931434631348,2900
25.33799934387207,25.33799934387207,25.28499984741211,25.28499984741211,23.25990867614746,700
25.229999542236328,25.229999542236328,25.229999542236328,25.229999542236328,23.20931434631348,500
25.229999542236328,25.229999542236328,25.229999542236328,25.229999542236328,23.20931434631348,0
25.239999771118164,25.34000015258789,25.239999771118164,25.34000015258789,23.31050491333008,300
25.270000457763672,25.315000534057617,25.270000457763672,25.292999267578125,23.26726722717285,1300
25.292999267578125,25.34000015258789,25.292999267578125,25.339000701904297,23.309585571289062,800
25.299999237060547,25.299999237060547,25.299999237060547,25.299999237060547,23.27370834350586,500
25.290000915527344,25.319000244140625,25.290000915527344,25.299999237060547,23.27370834350586,1300
25.319000244140625,25.339000701904297,25.30599975585937,25.339000701904297,23.309585571289062,3800
25.367000579833984,25.367000579833984,25.367000579833984,25.367000579833984,23.33534240722656,400
25.375,25.375,25.3700008392334,25.3700008392334,23.33810043334961,600
25.350000381469727,25.3799991607666,25.350000381469727,25.3799991607666,23.347299575805664,800
25.3700008392334,25.3700008392334,25.3700008392334,25.3700008392334,23.33810043334961,400
25.3700008392334,25.3700008392334,25.3700008392334,25.3700008392334,23.33810043334961,0
25.382999420166016,25.434999465942383,25.350000381469727,25.350000381469727,23.319704055786133,1500
25.350000381469727,25.350000381469727,25.350000381469727,25.350000381469727,23.319704055786133,1100
25.35300064086914,25.415000915527344,25.35300064086914,25.36000061035156,23.328901290893555,500
25.36000061035156,25.450000762939453,25.36000061035156,25.450000762939453,23.41169548034668,2200
25.450000762939453,25.450000762939453,25.450000762939453,25.450000762939453,23.41169548034668,100
25.450000762939453,25.450000762939453,25.450000762939453,25.450000762939453,23.41169548034668,0
25.475000381469727,25.475000381469727,25.448999404907227,25.45499992370605,23.41629219055176,1300
25.450000762939453,25.489999771118164,25.450000762939453,25.489999771118164,23.448490142822266,1700
25.5,25.5,25.450000762939453,25.492000579833984,23.450328826904297,2400
25.5,25.5,25.5,25.5,23.457687377929688,600
25.450000762939453,25.51000022888184,25.450000762939453,25.51000022888184,23.46688842773437,1400
25.535999298095703,25.535999298095703,25.51000022888184,25.51000022888184,23.46688842773437,2600
25.21999931335449,25.21999931335449,25.155000686645508,25.197999954223636,23.56978225708008,6300
25.183000564575195,25.25,25.183000564575195,25.239999771118164,23.60906791687012,5200
25.225000381469727,25.280000686645508,25.225000381469727,25.280000686645508,23.646482467651367,1100
25.170000076293945,25.20599937438965,25.170000076293945,25.20599937438965,23.5772647857666,500
25.25,25.25,25.15999984741211,25.165000915527344,23.538911819458008,1700
25.23900032043457,25.274999618530277,25.15999984741211,25.25,23.61842155456543,6800
25.173999786376957,25.25,25.173999786376957,25.25,23.61842155456543,1000
25.25,25.29400062561035,25.19099998474121,25.19099998474121,23.563234329223636,4100
25.200000762939453,25.202999114990234,25.200000762939453,25.200000762939453,23.571653366088867,600
25.25,25.25,25.25,25.25,23.61842155456543,400
25.229999542236328,25.25,25.18000030517578,25.18000030517578,23.55294609069824,6200
25.209999084472656,25.299999237060547,25.209999084472656,25.209999084472656,23.581005096435547,13800
25.21999931335449,25.280000686645508,25.209999084472656,25.280000686645508,23.646482467651367,2900
25.280000686645508,25.280000686645508,25.280000686645508,25.280000686645508,23.646482467651367,0
25.26300048828125,25.26300048828125,25.26300048828125,25.26300048828125,23.63058280944824,400
25.25,25.28700065612793,25.25,25.25,23.61842155456543,4100
25.290000915527344,25.290000915527344,25.25,25.25,23.61842155456543,4900
25.26000022888184,25.26000022888184,25.25,25.25,23.61842155456543,3400
25.246999740600582,25.299999237060547,25.246999740600582,25.299999237060547,23.665189743041992,1700
25.299999237060547,25.299999237060547,25.299999237060547,25.299999237060547,23.665189743041992,100
25.299999237060547,25.34000015258789,25.239999771118164,25.299999237060547,23.665189743041992,5400
25.34000015258789,25.34000015258789,25.239999771118164,25.25300025939941,23.62122917175293,2500
25.26000022888184,25.299999237060547,25.26000022888184,25.299999237060547,23.665189743041992,1600
25.34199905395508,25.349000930786133,25.30699920654297,25.349000930786133,23.71102523803711,1200
25.3700008392334,25.3799991607666,25.351999282836918,25.3799991607666,23.740020751953125,7300
25.38500022888184,25.38500022888184,25.350000381469727,25.350000381469727,23.711959838867188,1600
25.309999465942383,25.343000411987305,25.309999465942383,25.34000015258789,23.70260429382324,2700
25.299999237060547,25.375,25.26000022888184,25.290000915527344,23.65583610534668,1600
25.38999938964844,25.38999938964844,25.38999938964844,25.38999938964844,23.749372482299805,300
25.38999938964844,25.38999938964844,25.38999938964844,25.38999938964844,23.749372482299805,0
25.270000457763672,25.36000061035156,25.26000022888184,25.270000457763672,23.637130737304688,4400
25.280000686645508,25.280000686645508,25.280000686645508,25.280000686645508,23.646482467651367,300
25.28300094604492,25.28300094604492,25.28300094604492,25.28300094604492,23.649290084838867,400
25.34000015258789,25.440000534057617,25.323999404907227,25.440000534057617,23.796144485473636,3700
25.440000534057617,25.440000534057617,25.364999771118164,25.364999771118164,23.72599029541016,800
25.402999877929688,25.489999771118164,25.358999252319336,25.371000289916992,23.731603622436523,13400
25.42099952697754,25.42099952697754,25.350000381469727,25.42099952697754,23.77837181091309,700
25.44099998474121,25.459999084472656,25.426000595092773,25.426000595092773,23.78305053710937,2600
25.426000595092773,25.426000595092773,25.426000595092773,25.426000595092773,23.78305053710937,0
25.36000061035156,25.363000869750977,25.36000061035156,25.36000061035156,23.7213134765625,3000
25.363000869750977,25.363000869750977,25.36000061035156,25.36000061035156,23.7213134765625,1000
25.40999984741211,25.40999984741211,25.36000061035156,25.40999984741211,23.76808357238769,600
25.405000686645508,25.405000686645508,25.405000686645508,25.405000686645508,23.76340675354004,100
25.46999931335449,25.46999931335449,25.280000686645508,25.299999237060547,23.665189743041992,19900
25.450000762939453,25.450000762939453,25.299999237060547,25.31100082397461,23.67548179626465,8800
25.350000381469727,25.459999084472656,25.31999969482422,25.459999084472656,23.814851760864254,4600
25.36000061035156,25.450000762939453,25.34000015258789,25.36000061035156,23.7213134765625,3200
25.3799991607666,25.3799991607666,25.30900001525879,25.309999465942383,23.674543380737305,7900
25.38999938964844,25.38999938964844,25.31999969482422,25.367000579833984,23.727863311767575,700
25.31999969482422,25.36000061035156,25.31999969482422,25.35700035095215,23.718507766723636,4300
25.399999618530277,25.41399955749512,25.36000061035156,25.36000061035156,23.7213134765625,1400
25.3700008392334,25.450000762939453,25.3700008392334,25.3799991607666,23.740020751953125,2600
25.3700008392334,25.450000762939453,25.36000061035156,25.36000061035156,23.7213134765625,14600
25.36000061035156,25.36000061035156,25.36000061035156,25.36000061035156,23.7213134765625,0
25.459999084472656,25.46999931335449,25.3799991607666,25.46999931335449,23.824203491210938,1600
25.46999931335449,25.489999771118164,25.440000534057617,25.47599983215332,23.829818725585938,1500
25.489999771118164,25.489999771118164,25.391000747680664,25.489999771118164,23.842914581298828,2600
25.43000030517578,25.493000030517575,25.43000030517578,25.43000030517578,23.786792755126957,3800
25.5,25.520000457763672,25.5,25.51099967956543,23.86255645751953,1800
25.468000411987305,25.489999771118164,25.46500015258789,25.488000869750977,23.84104347229004,1600
25.5,25.540000915527344,25.4689998626709,25.540000915527344,23.889684677124023,4800
25.549999237060547,25.549999237060547,25.538000106811523,25.540000915527344,23.889684677124023,4000
25.54599952697754,25.59000015258789,25.54599952697754,25.59000015258789,23.936450958251957,5000
25.21999931335449,25.21999931335449,25.15999984741211,25.200000762939453,23.966886520385746,9600
25.214000701904297,25.270000457763672,25.214000701904297,25.270000457763672,24.03346061706543,4500
25.290000915527344,25.299999237060547,25.270000457763672,25.299999237060547,24.061992645263672,1300
25.299999237060547,25.309999465942383,25.239999771118164,25.301000595092773,24.062944412231445,3100
25.299999237060547,25.31999969482422,25.25,25.309999465942383,24.071502685546875,3500
25.299999237060547,25.32999992370605,25.299999237060547,25.32999992370605,24.09052276611328,2600
25.38999938964844,25.38999938964844,25.36100006103516,25.36100006103516,24.12000846862793,600
25.301000595092773,25.301000595092773,25.301000595092773,25.301000595092773,24.062944412231445,600
25.299999237060547,25.38999938964844,25.299999237060547,25.350000381469727,24.10954475402832,2100
25.33799934387207,25.38999938964844,25.33799934387207,25.378999710083008,24.137126922607425,6000
25.3799991607666,25.3799991607666,25.290000915527344,25.34000015258789,24.10003471374512,5400
25.38999938964844,25.38999938964844,25.350000381469727,25.3700008392334,24.12856674194336,500
25.38999938964844,25.399999618530277,25.358999252319336,25.358999252319336,24.118104934692383,2200
25.395999908447266,25.43000030517578,25.3799991607666,25.43000030517578,24.18563270568848,1900
25.32999992370605,25.479999542236328,25.32999992370605,25.43400001525879,24.189437866210938,1000
25.43400001525879,25.43400001525879,25.43400001525879,25.43400001525879,24.189437866210938,0
25.32999992370605,25.46999931335449,25.299999237060547,25.434999465942383,24.190385818481445,2400
25.31999969482422,25.31999969482422,25.31999969482422,25.31999969482422,24.08101272583008,200
25.34199905395508,25.367000579833984,25.34199905395508,25.367000579833984,24.125715255737305,1500
25.51000022888184,25.51000022888184,25.51000022888184,25.51000022888184,24.261716842651367,800
25.51000022888184,25.51000022888184,25.51000022888184,25.51000022888184,24.261716842651367,0
25.520000457763672,25.520000457763672,25.520000457763672,25.520000457763672,24.27122688293457,200
25.3700008392334,25.520000457763672,25.3700008392334,25.46199989318848,24.216066360473636,2200
25.40999984741211,25.472999572753903,25.40999984741211,25.459999084472656,24.21416282653809,1500
25.51000022888184,25.51000022888184,25.420000076293945,25.420000076293945,24.176122665405277,1800
25.450000762939453,25.450000762939453,25.42300033569336,25.42300033569336,24.178974151611328,2200
25.420000076293945,25.420000076293945,25.420000076293945,25.420000076293945,24.176122665405277,300
25.450000762939453,25.450000762939453,25.420000076293945,25.434999465942383,24.190385818481445,1200
25.420000076293945,25.420000076293945,25.420000076293945,25.420000076293945,24.176122665405277,100
25.420000076293945,25.420000076293945,25.420000076293945,25.420000076293945,24.176122665405277,200
25.420000076293945,25.42300033569336,25.399999618530277,25.420000076293945,24.176122665405277,3300
25.3700008392334,25.5,25.3700008392334,25.5,24.252206802368164,800
25.3700008392334,25.44300079345703,25.3700008392334,25.44300079345703,24.197996139526367,300
25.440000534057617,25.450000762939453,25.395000457763672,25.450000762939453,24.20465469360352,2900
25.3799991607666,25.3799991607666,25.3799991607666,25.3799991607666,24.13807678222656,1000
25.45499992370605,25.45499992370605,25.45499992370605,25.45499992370605,24.209407806396484,200
25.459999084472656,25.499000549316406,25.40999984741211,25.40999984741211,24.16661071777344,800
25.4950008392334,25.4950008392334,25.45599937438965,25.45599937438965,24.210357666015625,600
25.540000915527344,25.540000915527344,25.43000030517578,25.43000030517578,24.18563270568848,1800
25.540000915527344,25.540000915527344,25.43000030517578,25.43000030517578,24.18563270568848,1800
25.399999618530277,25.53700065612793,25.399999618530277,25.53700065612793,24.28739547729492,1400
25.440000534057617,25.57999992370605,25.440000534057617,25.57999992370605,24.32829093933105,3600
25.540000915527344,25.576000213623047,25.459999084472656,25.459999084472656,24.21416282653809,2000
25.43000030517578,25.43000030517578,25.43000030517578,25.43000030517578,24.18563270568848,1000
25.42200088500977,25.549999237060547,25.42200088500977,25.549999237060547,24.29975891113281,2300
25.54800033569336,25.54800033569336,25.54800033569336,25.54800033569336,24.2978572845459,400
25.549999237060547,25.59000015258789,25.451000213623047,25.451000213623047,24.205602645874023,2100
25.450000762939453,25.450000762939453,25.450000762939453,25.450000762939453,24.20465469360352,100
25.450000762939453,25.450000762939453,25.450000762939453,25.450000762939453,24.20465469360352,1300
25.50300025939941,25.56999969482422,25.420000076293945,25.516000747680664,24.267423629760746,8500
25.530000686645508,25.549999237060547,25.489999771118164,25.489999771118164,24.24269676208496,500
25.489999771118164,25.489999771118164,25.489999771118164,25.489999771118164,24.24269676208496,0
25.489999771118164,25.489999771118164,25.489999771118164,25.489999771118164,24.24269676208496,0
25.56999969482422,25.56999969482422,25.43000030517578,25.43099975585937,24.186582565307617,2300
25.43099975585937,25.43099975585937,25.43099975585937,25.43099975585937,24.186582565307617,0
25.559999465942383,25.56999969482422,25.52199935913086,25.52199935913086,24.27313041687012,1800
25.52199935913086,25.52199935913086,25.52199935913086,25.52199935913086,24.27313041687012,0
25.450000762939453,25.56999969482422,25.450000762939453,25.56999969482422,24.31878089904785,2000
25.57999992370605,25.65999984741211,25.506999969482425,25.549999237060547,24.29975891113281,4500
25.468000411987305,25.600000381469727,25.468000411987305,25.586000442504883,24.333999633789062,2100
25.5,25.59000015258789,25.440000534057617,25.520000457763672,24.27122688293457,7600
25.43000030517578,25.479999542236328,25.399999618530277,25.459999084472656,24.21416282653809,12100
25.440000534057617,25.600000381469727,25.440000534057617,25.600000381469727,24.347312927246094,3600
25.26000022888184,25.26000022888184,25.170000076293945,25.23200035095215,24.399532318115234,5600
25.200000762939453,25.239999771118164,25.17799949645996,25.239999771118164,24.40726852416992,13600
25.23200035095215,25.25,25.209999084472656,25.21999931335449,24.38792610168457,1700
25.22599983215332,25.290000915527344,25.22599983215332,25.290000915527344,24.45561790466309,4100
25.270000457763672,25.270000457763672,25.25,25.25,24.41693687438965,2700
25.27899932861328,25.27899932861328,25.200000762939453,25.25,24.41693687438965,9800
25.18000030517578,25.299999237060547,25.18000030517578,25.285999298095703,24.451749801635746,2000
25.25,25.26000022888184,25.25,25.26000022888184,24.426607131958008,14300
25.200000762939453,25.280000686645508,25.200000762939453,25.280000686645508,24.445947647094727,1800
25.22900009155273,25.27899932861328,25.22900009155273,25.239999771118164,24.40726852416992,5300
25.239999771118164,25.239999771118164,25.21199989318848,25.239999771118164,24.40726852416992,2400
25.280000686645508,25.280000686645508,25.22599983215332,25.246000289916992,24.413068771362305,5900
25.290000915527344,25.290000915527344,25.290000915527344,25.290000915527344,24.45561790466309,100
25.25,25.25,25.211000442504883,25.25,24.41693687438965,3500
25.25,25.25,25.229999542236328,25.2450008392334,24.4121036529541,5100
25.270000457763672,25.270000457763672,25.25,25.25,24.41693687438965,700
25.229999542236328,25.25,25.229999542236328,25.239999771118164,24.40726852416992,1200
25.25,25.25,25.229999542236328,25.229999542236328,24.39759635925293,2900
25.239999771118164,25.239999771118164,25.239999771118164,25.239999771118164,24.40726852416992,300
25.257999420166016,25.270000457763672,25.257999420166016,25.270000457763672,24.436277389526367,200
25.270000457763672,25.270000457763672,25.270000457763672,25.270000457763672,24.436277389526367,0
25.270000457763672,25.270000457763672,25.270000457763672,25.270000457763672,24.436277389526367,0
25.299999237060547,25.309999465942383,25.270000457763672,25.309999465942383,24.474958419799805,700
25.299999237060547,25.3799991607666,25.299999237060547,25.31999969482422,24.48462677001953,6500
25.3799991607666,25.38999938964844,25.375999450683597,25.3799991607666,24.542648315429688,2100
25.350000381469727,25.350000381469727,25.315000534057617,25.350000381469727,24.51363754272461,800
25.392000198364254,25.392000198364254,25.350000381469727,25.350000381469727,24.51363754272461,1300
25.323999404907227,25.34600067138672,25.323999404907227,25.34600067138672,24.5097713470459,400
25.325000762939453,25.325000762939453,25.325000762939453,25.325000762939453,24.489463806152344,500
25.209999084472656,25.290000915527344,25.209999084472656,25.270000457763672,24.436277389526367,4000
25.3700008392334,25.420000076293945,25.290000915527344,25.290000915527344,24.45561790466309,1200
25.38999938964844,25.420000076293945,25.350000381469727,25.36000061035156,24.5233097076416,3000
25.40999984741211,25.40999984741211,25.32699966430664,25.32699966430664,24.491395950317383,2100
25.420000076293945,25.420000076293945,25.350000381469727,25.350000381469727,24.51363754272461,2800
25.479999542236328,25.479999542236328,25.399999618530277,25.399999618530277,24.561986923217773,4100
25.399999618530277,25.479999542236328,25.399999618530277,25.40999984741211,24.571657180786133,3100
25.44700050354004,25.44700050354004,25.44700050354004,25.44700050354004,24.607437133789062,400
25.44700050354004,25.44700050354004,25.44700050354004,25.44700050354004,24.607437133789062,0
25.46199989318848,25.465999603271484,25.46199989318848,25.465999603271484,24.625810623168945,900
25.461000442504883,25.461000442504883,25.440000534057617,25.440000534057617,24.600669860839844,300
25.40999984741211,25.437000274658203,25.40999984741211,25.437000274658203,24.597766876220703,1200
25.450000762939453,25.450000762939453,25.450000762939453,25.450000762939453,24.610340118408203,300
25.450000762939453,25.450000762939453,25.450000762939453,25.450000762939453,24.610340118408203,0
25.46699905395508,25.46699905395508,25.46699905395508,25.46699905395508,24.62677764892578,400
25.40999984741211,25.520000457763672,25.399999618530277,25.46999931335449,24.629676818847656,3100
25.420000076293945,25.459999084472656,25.420000076293945,25.45400047302246,24.614206314086918,1300
25.479999542236328,25.479999542236328,25.420000076293945,25.42099952697754,24.582294464111328,800
25.43000030517578,25.43000030517578,25.420000076293945,25.420000076293945,24.581329345703125,2700
25.483999252319336,25.5,25.350000381469727,25.5,24.658689498901367,2200
25.530000686645508,25.530000686645508,25.43000030517578,25.43000030517578,24.590999603271484,1200
25.44099998474121,25.44099998474121,25.399999618530277,25.399999618530277,24.561986923217773,300
25.399999618530277,25.399999618530277,25.399999618530277,25.399999618530277,24.561986923217773,100
25.489999771118164,25.5,25.489999771118164,25.5,24.658689498901367,600
25.5,25.5,25.5,25.5,24.658689498901367,100
25.5,25.5,25.5,25.5,24.658689498901367,400
25.5,25.5,25.5,25.5,24.658689498901367,0
25.530000686645508,25.540000915527344,25.489999771118164,25.489999771118164,24.649019241333008,1300
25.36199951171875,25.540000915527344,25.36199951171875,25.482999801635746,24.64225006103516,1000
25.51000022888184,25.540000915527344,25.51000022888184,25.540000915527344,24.697370529174805,400
25.530000686645508,25.530000686645508,25.43000030517578,25.459999084472656,24.620006561279297,700
25.450000762939453,25.540000915527344,25.450000762939453,25.5,24.658689498901367,5600
25.459999084472656,25.540000915527344,25.450000762939453,25.540000915527344,24.697370529174805,2700
25.5,25.549999237060547,25.46999931335449,25.540000915527344,24.697370529174805,2700
25.549999237060547,25.549999237060547,25.51000022888184,25.549999237060547,24.70703887939453,3200
25.170000076293945,25.233999252319336,25.170000076293945,25.233999252319336,24.811262130737305,4900
25.26000022888184,25.280000686645508,25.253999710083008,25.26000022888184,24.836828231811523,2800
25.270999908447266,25.290000915527344,25.26000022888184,25.290000915527344,24.86632537841797,1100
25.309999465942383,25.33799934387207,25.309999465942383,25.33799934387207,24.91352081298828,700
25.35300064086914,25.35300064086914,25.35300064086914,25.35300064086914,24.92827033996582,1000
25.34000015258789,25.34000015258789,25.32999992370605,25.32999992370605,24.90565490722656,900
25.3700008392334,25.375,25.323999404907227,25.323999404907227,24.899755477905277,2700
25.309999465942383,25.309999465942383,25.309999465942383,25.309999465942383,24.885990142822266,400
25.3799991607666,25.3799991607666,25.309999465942383,25.3799991607666,24.954816818237305,3000
25.309999465942383,25.34600067138672,25.200000762939453,25.25,24.82699584960937,19500
25.25,25.25,25.18000030517578,25.25,24.82699584960937,9700
25.25,25.309999465942383,25.209999084472656,25.209999084472656,24.78766441345215,2400
25.290000915527344,25.309999465942383,25.280000686645508,25.299999237060547,24.87615776062012,1400
25.21999931335449,25.350000381469727,25.21999931335449,25.31999969482422,24.89582252502441,8800
25.299999237060547,25.399999618530277,25.270000457763672,25.34000015258789,24.91548728942871,6300
25.34000015258789,25.34000015258789,25.2450008392334,25.32999992370605,24.90565490722656,15600
25.270000457763672,25.32900047302246,25.25,25.32900047302246,24.904672622680664,1600
25.26000022888184,25.420000076293945,25.26000022888184,25.32999992370605,24.90565490722656,6000
25.38999938964844,25.420000076293945,25.299999237060547,25.420000076293945,24.99414825439453,3400
25.420000076293945,25.420000076293945,25.299999237060547,25.31999969482422,24.89582252502441,1000
25.31999969482422,25.405000686645508,25.290000915527344,25.322999954223636,24.89877319335937,1900
25.350000381469727,25.350000381469727,25.280000686645508,25.280000686645508,24.85649299621582,800
25.280000686645508,25.399999618530277,25.280000686645508,25.399999618530277,24.9744815826416,1600
25.299999237060547,25.3799991607666,25.299999237060547,25.34499931335449,24.92040252685547,1900
25.3700008392334,25.3700008392334,25.3700008392334,25.3700008392334,24.94498634338379,800
25.39800071716309,25.39800071716309,25.374000549316406,25.39299964904785,24.96759986877441,1400
25.350000381469727,25.399999618530277,25.350000381469727,25.399999618530277,24.9744815826416,600
25.415000915527344,25.41699981689453,25.415000915527344,25.41699981689453,24.99119758605957,500
25.36000061035156,25.40999984741211,25.30500030517578,25.33300018310547,24.908605575561523,2700
25.36000061035156,25.399999618530277,25.350000381469727,25.371000289916992,24.945968627929688,3800
25.395999908447266,25.395999908447266,25.36000061035156,25.36000061035156,24.93515396118164,1900
25.479999542236328,25.479999542236328,25.36000061035156,25.38800048828125,24.962684631347656,2100
25.36000061035156,25.46999931335449,25.36000061035156,25.450000762939453,25.023645401000977,2400
25.459999084472656,25.479999542236328,25.459999084472656,25.459999084472656,25.03347587585449,1400
25.43000030517578,25.43000030517578,25.3700008392334,25.382999420166016,24.957767486572266,300
25.3799991607666,25.5,25.3799991607666,25.5,25.07280731201172,3300
25.5,25.5,25.5,25.5,25.07280731201172,100
25.41200065612793,25.559999465942383,25.41200065612793,25.559999465942383,25.13180160522461,2200
25.549999237060547,25.549999237060547,25.549999237060547,25.549999237060547,25.12196922302246,2500
25.399999618530277,25.399999618530277,25.3799991607666,25.399999618530277,24.9744815826416,400
25.5,25.5,25.399999618530277,25.48500061035156,25.05805969238281,2600
25.5,25.5,25.5,25.5,25.07280731201172,900
25.540000915527344,25.540000915527344,25.540000915527344,25.540000915527344,25.112138748168945,100
25.399999618530277,25.645000457763672,25.399999618530277,25.645000457763672,25.215377807617188,1100
25.61100006103516,25.61100006103516,25.5,25.5,25.07280731201172,800
25.420000076293945,25.63999938964844,25.420000076293945,25.6299991607666,25.20062828063965,3300
25.549999237060547,25.549999237060547,25.459999084472656,25.549999237060547,25.12196922302246,6200
25.513999938964844,25.513999938964844,25.513999938964844,25.513999938964844,25.086572647094727,400
25.600000381469727,25.63999938964844,25.520000457763672,25.55599975585937,25.12786865234375,800
25.3700008392334,25.5,25.3700008392334,25.450000762939453,25.023645401000977,3400
25.399999618530277,25.51499938964844,25.399999618530277,25.51499938964844,25.087554931640625,2300
25.440000534057617,25.440000534057617,25.399999618530277,25.440000534057617,25.013813018798828,3800
25.440000534057617,25.459999084472656,25.350000381469727,25.415000915527344,24.98923110961914,4200
25.399999618530277,25.600000381469727,25.399999618530277,25.48200035095215,25.05510902404785,5200
25.46999931335449,25.489999771118164,25.309999465942383,25.3700008392334,24.94498634338379,28300
25.40999984741211,25.43000030517578,25.399999618530277,25.43000030517578,25.00398063659668,500
25.420000076293945,25.44700050354004,25.3799991607666,25.424999237060547,24.99906349182129,1900
25.299999237060547,25.440000534057617,25.299999237060547,25.40999984741211,24.98431396484375,10900
25.299999237060547,25.299999237060547,24.6200008392334,25.25,24.82699584960937,16500
25.26000022888184,25.50300025939941,24.850000381469727,25.34600067138672,24.921388626098636,43900
25.3700008392334,25.5,24.924999237060547,25.190000534057617,24.768001556396484,18900
24.8700008392334,24.8700008392334,21.450000762939453,24.354999542236328,24.354999542236328,11500
24.239999771118164,24.511999130249023,22.809999465942383,24.511999130249023,24.511999130249023,15300
24.0,24.0,19.756000518798828,22.0,22.0,72500
21.81999969482422,22.0,20.0,20.0,20.0,21100
20.0,20.916000366210938,15.199999809265137,16.139999389648438,16.139999389648438,46700
16.0,18.940000534057617,13.0,18.940000534057617,18.940000534057617,42200
20.0,20.0,16.75,16.863000869750977,16.863000869750977,1800
16.0,18.18000030517578,16.0,18.18000030517578,18.18000030517578,24200
19.006000518798828,19.459999084472656,18.549999237060547,19.020000457763672,19.020000457763672,9700
18.989999771118164,20.323999404907227,18.850000381469727,20.0,20.0,7300
20.57999992370605,23.84000015258789,20.5,22.698999404907227,22.698999404907227,5400
22.700000762939453,22.700000762939453,21.26000022888184,21.75,21.75,4600
21.549999237060547,21.75,21.100000381469727,21.700000762939453,21.700000762939453,3200
20.76000022888184,21.239999771118164,19.63999938964844,21.0,21.0,19100
20.200000762939453,21.149999618530277,19.5,20.0,20.0,7600
